1617977198,21,5,0,0,2298,42
1617977223,30,11,0,0,2681,4541
1617977239,37,13,2,0,2684,8991
1617977257,55,23,3,0,2783,14014
1617977276,81,31,4,0,2839,19590
1617977296,114,35,4,0,2853,26063
1617977316,202,53,4,0,2959,32783
1617977336,254,67,5,0,3042,39770
1617977355,313,97,5,0,3238,46785
1617977374,342,105,5,0,3264,53806
1617977392,378,117,5,0,3373,60699
1617977412,397,120,5,1,3389,67839
1617977429,401,124,5,1,3406,73959
1617977445,404,125,5,1,3408,78549
1617977448,405,125,5,1,3408,79569
1617977466,488,158,6,1,4052,86737
1617977485,515,168,6,1,4074,93905
1617977504,537,175,7,1,4106,101073
1617977522,553,180,8,1,4122,108241
1617977541,567,181,8,1,4123,115409
1617977560,579,182,8,1,4124,122577
1617977693,588,183,8,1,4125,156948
1617977818,617,191,10,1,4239,190694
1617977964,625,192,12,1,4240,229659
1617978135,652,196,13,1,4272,275361
1617978311,662,199,14,1,4317,323878
1617978524,671,202,16,1,4381,378133
1617978765,683,203,17,1,4383,437914
1617979010,690,204,17,1,4384,499610
1617979239,706,210,19,1,4540,561303
1617979465,717,218,19,1,4642,623013
1617979688,719,218,20,1,4642,684723
1617979868,725,223,20,1,4651,734193
1617979982,727,224,21,1,4657,765303
1617980001,727,224,21,1,4657,770403
1617980229,793,234,24,1,4719,833379
1617980456,822,246,25,1,4771,896355
1617980681,853,250,25,1,4780,959331
1617980910,865,253,27,1,4787,1022307
1617981109,909,258,27,1,4879,1063480
1617981268,912,259,28,1,4881,1105097
1617981439,919,261,28,1,4890,1150435
1617981635,931,266,29,1,4910,1202248
1617981877,957,272,32,1,4918,1264228
1617982150,961,273,32,1,4926,1332376
1617982438,965,274,32,1,4934,1403891
1617982704,977,283,32,1,4993,1475291
1617982962,991,287,36,1,5010,1546691
1617983214,1007,294,40,1,5070,1617581
1617983469,1012,295,41,1,5071,1687961
1617983666,1015,296,41,1,5074,1741511
1617983787,1016,296,42,1,5074,1774661
1617983802,1016,296,42,1,5074,1778231
1617984070,1080,315,44,1,5370,1851447
1617984336,1107,318,44,1,5386,1924663
1617984604,1134,325,44,1,5477,1997879
1617984870,1153,331,45,1,5490,2071095
1617985139,1170,333,49,1,5495,2144311
1617985396,1179,335,51,1,5500,2197517
1617985610,1184,336,53,1,5507,2254139
1617985867,1190,337,54,1,5512,2321654
1617986159,1197,340,55,1,5519,2398580
1617986482,1206,343,55,1,5532,2483997
1617986808,1220,346,55,1,5536,2570467
1617987148,1235,351,56,1,5558,2657167
1617987482,1252,363,56,1,5641,2742337
1617987809,1257,366,57,1,5666,2826232
1617988121,1266,368,58,1,5672,2909362
1617988430,1277,371,58,1,5677,2992492
1617988638,1290,377,58,1,5687,3048592
1617988767,1300,383,58,1,5710,3083272
1617988781,1300,383,58,1,5710,3086842
1617989107,1352,395,58,1,6011,3175418
1617989432,1392,403,59,1,6063,3263994
1617989757,1418,409,60,1,6077,3352570
1617990079,1438,415,61,1,6113,3441146
1617990403,1454,417,62,1,6123,3529722
1617990733,1457,417,64,1,6123,3598462
1617991002,1463,419,65,1,6127,3668572
1617991328,1478,427,65,1,6234,3755164
1617991701,1491,434,66,1,6286,3853463
1617992086,1497,437,68,1,6293,3957264
1617992485,1512,442,68,1,6326,4065079
1617992883,1520,444,70,1,6329,4172584
1617993285,1521,445,70,1,6331,4279174
1617993688,1527,446,70,1,6335,4383724
1617994092,1533,447,71,1,6342,4487764
1617994483,1540,448,75,1,6343,4591294
1617994752,1542,449,75,1,6350,4662694
1617994916,1544,449,76,1,6350,4705534
1617994937,1544,449,76,1,6350,4710634
1617995345,1601,468,76,1,6480,4821738
1617995752,1639,475,76,1,6511,4932842
1617996157,1669,479,76,1,6597,5043946
1617996563,1686,481,77,1,6601,5155050
1617996968,1705,484,77,1,6609,5266154
1617997360,1717,487,78,1,6627,5349726
1617997691,1745,494,78,1,6734,5437012
1617998092,1764,499,78,1,6744,5543449
1617998549,1777,500,79,1,6746,5664624
1617999029,1785,501,80,1,6747,5793112
1617999510,1798,503,82,1,6750,5922798
1618000010,1806,503,85,1,6750,6051828
1618000500,1810,504,86,1,6752,6178763
1618000976,1820,504,88,1,6752,6304113
1618001443,1832,506,88,1,6756,6429063
1618001890,1838,507,88,1,6757,6549933
1618002207,1844,511,89,1,6792,6633573
1618002394,1846,512,89,1,6798,6683043
1618002415,1846,512,89,1,6798,6688143
1618002902,1901,525,89,1,6940,6820751
1618003388,1928,531,91,1,7031,6953359
1618003876,1953,536,92,1,7039,7085967
1618004362,1972,540,92,1,7058,7218575
1618004849,1994,544,94,1,7112,7351183
1618005292,2010,550,94,1,7129,7443668
1618005673,2019,551,94,1,7130,7541913
1618006145,2031,553,96,1,7141,7664754
1618006684,2049,555,96,1,7145,7807029
1618007246,2081,561,96,1,7163,7956495
1618007813,2096,566,96,1,7170,8106182
1618008395,2127,573,98,1,7214,8254845
1618008951,2136,573,98,1,7214,8400665
1618009487,2152,582,98,1,7253,8544430
1618010023,2174,587,98,1,7260,8687740
1618010541,2187,592,98,1,7272,8827480
1618010885,2211,594,98,1,7292,8917750
1618011113,2214,594,99,1,7292,8978440
1618011139,2215,594,99,1,7292,8985070
1618011701,2277,597,99,1,7304,9137646
1618012268,2325,610,101,1,7369,9290222
1618012831,2356,616,101,1,7378,9442798
1618013298,2369,618,104,1,7390,9540710
1618013692,2376,619,105,1,7395,9643797
1618014175,2381,620,107,1,7400,9769742
1618014722,2388,621,108,1,7433,9913782
1618015311,2402,624,115,1,7451,10067378
1618015904,2417,624,117,1,7451,10223583
1618016488,2426,626,118,1,7478,10378367
1618017057,2438,627,119,1,7479,10530855
1618017612,2444,627,120,1,7479,10681815
1618018157,2460,629,120,1,7504,10832265
1618018696,2476,631,121,1,7516,10980675
1618019070,2491,633,122,1,7520,11083695
1618019320,2500,634,122,1,7522,11152035
1618019348,2500,634,122,1,7522,11159175
1618019921,2612,651,123,1,7635,11318407
1618020499,2652,661,123,1,7761,11477639
1618021077,2693,666,125,1,7794,11636871
1618021652,2708,666,125,1,7794,11796103
1618022230,2725,668,125,1,7798,11955335
1618022743,2737,669,126,1,7802,12062334
1618023168,2739,669,127,1,7802,12172068
1618023684,2742,670,127,1,7804,12306990
1618024262,2745,670,127,1,7804,12460055
1618024873,2747,670,128,1,7804,12622688
1618025501,2754,671,128,1,7805,12787282
1618026133,2768,672,128,1,7807,12949661
1618026747,2779,676,128,1,7821,13109801
1618027352,2789,678,129,1,7824,13268356
1618027963,2804,679,130,1,7825,13426362
1618028554,2837,685,130,1,7883,13581912
1618028992,2848,685,130,1,7883,13695132
1618029285,2860,688,130,1,7888,13772142
1618029319,2860,688,130,1,7888,13780812
1618029935,2955,692,132,1,7897,13948236
1618030551,2989,697,134,1,7908,14115660
1618031165,3033,699,136,1,7911,14283084
1618031702,3040,702,137,1,8022,14394942
1618032157,3043,705,137,1,8094,14510516
1618032719,3049,708,137,1,8101,14655728
1618033351,3050,708,137,1,8101,14820445
1618034011,3055,709,137,1,8102,14992215
1618034680,3058,709,137,1,8102,15164530
1618035317,3062,709,137,1,8102,15334350
1618035934,3073,713,137,1,8492,15502140
1618036417,3082,714,138,1,8494,15668400
1618036826,3088,714,138,1,8494,15834056
1618037229,3093,716,138,1,8496,15997766
1618037537,3095,717,138,1,8497,16120676
1618037765,3097,718,138,1,8498,16210946
1618037789,3101,719,138,1,8500,16220126
1618038228,3157,723,141,1,8511,16395230
1618038676,3185,730,141,1,8531,16570334
1618039125,3205,731,141,1,8534,16745438
1618039529,3208,734,141,1,8537,16858635
1618039843,3209,734,141,1,8537,16973391
1618040215,3212,737,142,1,8542,17110663
1618040636,3214,737,143,1,8542,17267008
1618041078,3217,737,143,1,8542,17431179
1618041518,3224,741,143,1,8649,17596874
1618041946,3236,748,143,1,8681,17759978
1618042363,3237,749,143,1,8683,17921648
1618042767,3248,753,143,1,8696,18081278
1618043161,3262,761,143,1,8721,18240320
1618043553,3278,769,143,1,8748,18396890
1618043836,3282,772,143,1,8751,18510620
1618044049,3284,774,143,1,8754,18595790
1618044071,3284,774,143,1,8754,18603950
1618044495,3344,787,145,1,8848,18772398
1618044918,3367,789,145,1,8850,18940846
1618045409,3383,794,145,1,8863,19109294
1618046072,3400,797,146,1,8879,19277742
1618046730,3411,798,147,1,8894,19446190
1618047299,3416,799,149,1,8895,19560258
1618047779,3428,802,152,1,8900,19676540
1618048378,3429,803,152,1,8922,19821750
1618049064,3434,805,152,1,8925,19983941
1618049773,3438,806,153,1,8926,20153670
1618050478,3440,806,154,1,8926,20324347
1618051164,3447,809,154,1,8930,20493154
1618051836,3454,812,155,1,8941,20660944
1618052499,3465,812,157,1,8941,20827204
1618053155,3483,820,158,1,9237,20992954
1618053798,3496,821,160,1,9242,21156154
1618054283,3504,821,161,1,9242,21276004
1618054645,3508,822,163,1,9249,21364744
1618054683,3510,822,164,1,9249,21372904
1618055384,3535,824,164,1,9253,21546472
1618056081,3561,827,167,1,9268,21720040
1618056781,3576,829,168,1,9277,21893608
1618057407,3581,829,173,1,9277,22014416
1618057946,3583,829,175,1,9277,22139189
1618058625,3586,829,175,1,9277,22295477
1618059358,3586,829,175,1,9277,22465855
1618060117,3589,830,178,1,9280,22644461
1618060854,3596,833,178,1,9285,22822868
1618061574,3601,834,178,1,9295,22999276
1618062282,3605,836,179,1,9300,23175226
1618062979,3612,837,180,1,9332,23349136
