1627379753,3,2,0,0,1287,3
1627379764,137,11,0,0,1349,1214
1627379765,140,12,0,0,1351,2078
1627379766,177,18,0,0,1369,3046
1627379767,183,18,0,0,1369,4129
1627379768,197,29,0,0,1430,5514
1627379770,200,31,0,0,1434,6920
1627379771,203,33,0,0,1437,8401
1627379773,206,34,0,0,1439,9928
1627379774,223,38,0,0,1447,11438
1627379776,227,39,0,0,1448,12953
1627379777,233,41,0,0,1452,14478
1627379779,235,43,0,0,1455,16008
1627379780,252,50,0,0,1478,17538
1627379782,417,88,3,0,1680,19074
1627379784,470,102,3,0,1704,20610
1627379786,492,107,5,0,1710,22146
1627379788,507,111,5,0,1739,23682
1627379790,519,113,7,0,1742,25218
1627379793,533,116,9,0,1749,26754
1627379836,546,123,16,0,1808,41702
1627379873,548,124,17,0,1812,55073
1627379907,549,124,17,0,1812,72297
1627379941,554,125,17,0,1814,92752
1627379981,556,125,18,0,1814,116260
1627380013,559,125,18,0,1814,140471
1627380044,562,125,18,0,1814,165325
1627380073,564,125,18,0,1814,190433
1627380101,572,128,18,0,1828,215913
1627380130,589,129,43,0,1830,241386
1627380157,598,129,43,0,1830,266884
1627380181,604,129,43,0,1830,292384
1627380203,609,130,43,0,1832,317374
1627380242,665,143,47,0,1955,342974
1627380281,699,148,53,0,1982,368574
1627380321,719,151,56,0,1989,394174
1627380361,733,151,62,0,1989,419774
1627380402,744,152,67,0,1991,445374
1627380460,754,154,75,0,1995,462240
1627380504,755,154,76,0,1995,478672
1627380551,758,155,76,0,1998,497337
1627380602,761,155,78,0,1998,518895
1627380652,762,155,79,0,1998,543195
1627380694,762,155,79,0,1998,569988
1627380736,763,155,79,0,1998,598433
1627380766,763,155,79,0,1998,627181
1627380799,764,155,79,0,1998,656132
1627380829,765,155,79,0,1998,684650
1627380856,766,155,79,0,1998,713209
1627380884,768,155,79,0,1998,741769
1627380911,768,155,79,0,1998,770276
1627380967,791,162,81,0,2028,799460
1627381025,802,163,83,0,2029,828644
1627381081,811,164,85,0,2033,857828
1627381138,820,166,89,0,2157,887012
1627381229,820,166,89,0,2157,911612
1627381281,824,166,89,0,2157,933166
1627381336,824,166,89,0,2157,959768
1627381395,825,166,90,0,2157,989180
1627381449,825,166,90,0,2157,1021854
1627381492,826,166,90,0,2157,1055881
1627381533,830,166,90,0,2157,1090362
1627381569,830,166,90,0,2157,1125366
1627381608,830,166,90,0,2157,1160496
1627381645,835,170,90,0,2163,1195661
1627381681,836,170,90,0,2163,1230851
1627381715,836,170,90,0,2163,1266041
1627381746,836,170,90,0,2163,1301188
1627381748,836,170,90,0,2163,1301698
1627381814,881,173,91,0,2169,1337538
1627381882,903,178,93,0,2348,1373378
1627381947,917,180,94,0,2353,1409218
1627382054,963,181,94,0,2358,1441491
1627382110,967,182,94,0,2392,1465742
1627382178,1016,182,134,0,2392,1495697
1627382242,1024,183,138,0,2393,1527891
1627382297,1031,185,139,0,2398,1564180
1627382351,1046,185,146,0,2398,1603202
1627382397,1047,185,146,0,2398,1643247
1627382444,1048,185,147,0,2398,1683791
1627382488,1071,187,163,0,2404,1724528
1627382530,1071,187,163,0,2404,1765311
1627382571,1071,187,163,0,2404,1806106
1627382613,1071,187,163,0,2404,1846906
1627382649,1071,187,163,0,2404,1887680
1627382727,1107,192,167,0,2421,1929152
1627382803,1121,194,171,0,2446,1970624
1627382881,1132,196,171,0,2466,2012096
1627382956,1137,196,173,0,2466,2053568
1627383063,1143,196,179,0,2466,2081553
1627383128,1143,196,179,0,2466,2104966
1627383193,1150,196,183,0,2466,2132231
1627383262,1154,197,184,0,2467,2163969
1627383315,1156,198,184,0,2468,2200636
1627383384,1161,198,186,0,2468,2240023
1627383432,1176,199,194,0,2470,2280196
1627383478,1176,199,194,0,2470,2320710
1627383521,1177,199,194,0,2470,2361362
1627383566,1178,199,194,0,2470,2402156
1627383610,1180,199,194,0,2470,2442955
1627383650,1181,199,194,0,2470,2483755
1627383687,1182,199,194,0,2470,2524520
1627383689,1182,199,194,0,2470,2525030
1627383774,1199,200,198,0,2471,2566502
1627383857,1214,201,203,0,2472,2607974
1627383978,1218,201,203,0,2472,2639306
1627384046,1219,201,203,0,2472,2662866
1627384117,1220,201,204,0,2472,2690199
1627384186,1222,201,204,0,2472,2721210
1627384251,1222,201,204,0,2472,2758423
1627384306,1222,201,204,0,2472,2797302
1627384352,1234,201,216,0,2472,2837394
1627384399,1237,201,217,0,2472,2877966
1627384445,1239,201,217,0,2472,2918716
1627384487,1239,201,217,0,2472,2959475
1627384533,1239,201,217,0,2472,3000273
1627384573,1239,201,217,0,2472,3041073
1627384609,1239,201,217,0,2472,3081817
1627384610,1239,201,217,0,2472,3082327
1627384698,1249,201,220,0,2472,3123799
1627384816,1249,201,220,0,2472,3154978
1627384889,1249,201,220,0,2472,3179338
1627384965,1250,201,220,0,2472,3208107
1627385046,1251,201,220,0,2472,3243679
1627385117,1251,201,225,0,2472,3281934
1627385183,1253,201,225,0,2472,3321761
1627385234,1256,201,225,0,2472,3362640
1627385279,1256,201,225,0,2472,3404028
1627385323,1256,201,225,0,2472,3445755
1627385364,1256,201,225,0,2472,3487565
1627385404,1256,201,225,0,2472,3529384
1627385447,1262,201,230,0,2472,3571204
1627385484,1263,202,230,0,2473,3612939
1627385486,1263,202,230,0,2473,3613366
1627385575,1273,202,231,0,2473,3655862
1627385706,1273,202,231,0,2473,3688759
1627385783,1273,202,231,0,2473,3713011
1627385865,1274,202,231,0,2473,3741887
1627385945,1281,202,239,0,2473,3774242
1627386023,1282,202,239,0,2473,3810413
1627386091,1283,202,239,0,2473,3850043
1627386141,1283,202,239,0,2473,3890632
1627386187,1283,202,239,0,2473,3931647
1627386232,1285,202,239,0,2473,3972783
1627386273,1285,202,239,0,2473,4014049
1627386317,1285,202,239,0,2473,4055358
1627386357,1285,202,239,0,2473,4096668
1627386394,1285,202,239,0,2473,4137960
1627386396,1285,202,239,0,2473,4138399
1627386489,1291,202,240,0,2473,4180383
1627386609,1291,202,240,0,2473,4211952
1627386684,1291,202,240,0,2473,4235714
1627386766,1295,203,243,0,2475,4264740
1627386849,1295,203,245,0,2475,4299113
1627386923,1295,203,245,0,2475,4336708
1627386994,1297,203,246,0,2475,4376415
1627387047,1313,203,258,0,2475,4416904
1627387095,1313,203,258,0,2475,4457906
1627387142,1313,203,258,0,2475,4499044
1627387187,1313,203,258,0,2475,4540323
1627387230,1313,203,258,0,2475,4581630
1627387271,1314,203,258,0,2475,4622940
1627387308,1314,203,258,0,2475,4664195
1627387309,1314,203,258,0,2475,4664705
1627387397,1317,203,258,0,2475,4706689
1627387514,1319,203,260,0,2475,4738286
1627387588,1320,203,261,0,2475,4762731
1627387674,1323,203,264,0,2475,4792456
1627387760,1323,203,264,0,2475,4825640
1627387841,1324,203,265,0,2475,4864024
1627387910,1324,203,265,0,2475,4905367
1627387967,1324,203,265,0,2475,4947525
1627388013,1324,203,265,0,2475,4990099
1627388059,1324,203,265,0,2475,5032793
1627388104,1324,203,265,0,2475,5075598
1627388145,1324,203,265,0,2475,5118438
1627388191,1325,203,266,0,2475,5161278
1627388229,1325,203,266,0,2475,5204073
1627388232,1325,203,266,0,2475,5205093
1627388327,1332,204,267,0,2476,5248613
1627388422,1336,204,267,0,2476,5292133
1627388533,1336,204,267,0,2476,5317832
1627388629,1336,204,267,0,2476,5347060
1627388734,1343,204,274,0,2476,5377474
1627388836,1344,204,275,0,2476,5410736
1627388921,1344,204,275,0,2476,5448439
1627388990,1344,204,275,0,2476,5488384
1627389043,1344,204,275,0,2476,5529216
1627389088,1344,204,275,0,2476,5570669
1627389136,1344,204,275,0,2476,5612392
1627389183,1344,204,275,0,2476,5654197
1627389223,1344,204,275,0,2476,5696016
1627389266,1344,204,275,0,2476,5737836
1627389303,1344,204,275,0,2476,5779656
1627389307,1344,204,275,0,2476,5780634
1627389403,1345,204,275,0,2476,5823130
1627389533,1345,204,275,0,2476,5855741
1627389625,1345,204,275,0,2476,5880697
1627389729,1345,204,275,0,2476,5911089
1627389821,1345,204,275,0,2476,5945681
1627389896,1346,204,276,0,2476,5984280
1627389958,1346,204,276,0,2476,6024840
1627390011,1346,204,276,0,2476,6066344
1627390059,1346,204,276,0,2476,6108266
1627390102,1346,204,276,0,2476,6150432
1627390146,1346,204,276,0,2476,6192707
1627390191,1346,204,276,0,2476,6235033
1627390233,1346,204,276,0,2476,6277363
1627390271,1346,204,276,0,2476,6319693
1627390273,1346,204,276,0,2476,6320203
1627390371,1349,204,277,0,2476,6363211
1627390497,1349,204,277,0,2476,6394540
1627390593,1352,204,280,0,2476,6420149
1627390693,1352,204,280,0,2476,6449884
1627390773,1353,204,281,0,2476,6484354
1627390844,1355,204,283,0,2476,6522353
1627390906,1355,204,283,0,2476,6562460
1627390962,1355,204,283,0,2476,6603473
1627391011,1355,204,283,0,2476,6644801
1627391057,1355,204,283,0,2476,6686483
1627391102,1355,204,283,0,2476,6728274
1627391145,1355,204,283,0,2476,6770090
1627391189,1355,204,283,0,2476,6811910
1627391225,1355,204,283,0,2476,6853730
1627391227,1355,204,283,0,2476,6854240
1627391324,1360,204,286,0,2476,6896736
1627391439,1360,204,286,0,2476,6924219
1627391541,1362,204,288,0,2476,6952637
1627391644,1362,204,288,0,2476,6983909
1627391744,1362,204,289,0,2476,7016878
1627391817,1362,204,289,0,2476,7054241
1627391885,1362,204,289,0,2476,7093636
1627391943,1365,204,293,0,2476,7133763
1627391992,1365,204,293,0,2476,7174709
1627392038,1365,204,293,0,2476,7215849
1627392083,1365,204,293,0,2476,7257092
1627392123,1365,204,293,0,2476,7298401
1627392164,1365,204,293,0,2476,7339710
1627392200,1365,204,293,0,2476,7381020
1627392299,1368,204,293,0,2476,7423004
1627392409,1369,204,294,0,2476,7447988
1627392520,1369,204,294,0,2476,7479741
1627392619,1369,204,294,0,2476,7509036
1627392732,1369,204,294,0,2476,7545019
1627392817,1369,204,294,0,2476,7583903
1627392877,1369,204,294,0,2476,7625023
1627392938,1369,204,294,0,2476,7666760
1627392991,1369,204,294,0,2476,7709104
1627393039,1369,204,294,0,2476,7751838
1627393084,1369,204,294,0,2476,7794622
1627393126,1369,204,294,0,2476,7837456
1627393168,1369,204,294,0,2476,7880296
1627393206,1369,204,294,0,2476,7923136
1627393208,1369,204,294,0,2476,7923646
1627393312,1371,204,294,0,2476,7967166
1627393430,1371,204,294,0,2476,7994252
1627393528,1371,204,294,0,2476,8024993
1627393638,1371,204,294,0,2476,8056325
1627393734,1371,204,294,0,2476,8090919
1627393812,1371,204,294,0,2476,8129586
1627393876,1371,204,294,0,2476,8169475
1627393929,1371,204,294,0,2476,8210628
1627393983,1371,204,294,0,2476,8252664
1627394032,1371,204,294,0,2476,8294814
1627394077,1372,204,294,0,2476,8337107
1627394119,1372,204,294,0,2476,8379437
1627394162,1373,204,294,0,2476,8421766
1627394200,1373,204,294,0,2476,8464096
1627394202,1373,204,294,0,2476,8464606
1627394300,1376,204,294,0,2476,8507614
1627394414,1376,204,294,0,2476,8532398
1627394510,1377,204,295,0,2476,8559622
1627394634,1378,205,296,0,2478,8594154
1627394730,1378,205,296,0,2478,8629374
1627394812,1378,205,296,0,2478,8668695
1627394897,1378,205,296,0,2478,8709779
1627394957,1378,205,296,0,2478,8751199
1627395021,1379,205,296,0,2478,8793162
1627395070,1380,205,296,0,2478,8835298
1627395113,1381,205,296,0,2478,8877599
1627395156,1381,205,296,0,2478,8919925
1627395198,1381,205,296,0,2478,8962255
1627395236,1381,205,296,0,2478,9004585
1627395238,1381,205,296,0,2478,9005094
1627395339,1385,205,296,0,2478,9048102
1627395448,1385,205,296,0,2478,9072679
1627395534,1385,205,296,0,2478,9098153
1627395659,1387,205,313,0,2478,9133018
1627395767,1387,205,313,0,2478,9170984
1627395850,1387,205,313,0,2478,9211124
1627395918,1387,205,313,0,2478,9252203
1627395986,1387,205,313,0,2478,9293959
1627396037,1387,205,313,0,2478,9336014
1627396089,1387,205,313,0,2478,9378186
1627396132,1387,205,313,0,2478,9420486
1627396174,1387,205,313,0,2478,9462815
1627396215,1387,205,313,0,2478,9505145
1627396253,1387,205,313,0,2478,9547475
1627396255,1387,205,313,0,2478,9547985
1627396353,1392,205,314,0,2478,9590993
1627396465,1392,205,314,0,2478,9614822
1627396550,1392,205,314,0,2478,9640131
1627396644,1392,205,314,0,2478,9671520
1627396735,1392,205,314,0,2478,9706870
1627396810,1392,205,314,0,2478,9745334
1627396872,1392,205,314,0,2478,9785377
1627396929,1392,205,314,0,2478,9826278
1627396980,1392,205,314,0,2478,9867802
1627397031,1392,205,314,0,2478,9909507
1627397073,1392,205,314,0,2478,9951253
1627397116,1392,205,314,0,2478,9993071
1627397158,1392,205,314,0,2478,10034891
1627397195,1392,205,314,0,2478,10076711
1627397197,1392,205,314,0,2478,10077221
1627397294,1394,205,314,0,2478,10119717
1627397413,1394,205,314,0,2478,10144328
1627397509,1394,205,314,0,2478,10171288
1627397616,1394,205,314,0,2478,10204011
1627397724,1394,205,314,0,2478,10239300
1627397812,1394,205,314,0,2478,10278001
1627397878,1395,205,314,0,2478,10318395
1627397937,1395,205,314,0,2478,10359748
1627397991,1395,205,314,0,2478,10401763
1627398039,1396,206,314,0,2480,10443959
1627398084,1397,207,314,0,2483,10486231
1627398128,1397,207,314,0,2483,10528558
1627398170,1397,207,314,0,2483,10570888
1627398207,1397,207,314,0,2483,10613218
1627398209,1397,207,314,0,2483,10613728
1627398309,1399,207,314,0,2483,10656736
1627398432,1399,207,314,0,2483,10683383
1627398536,1400,207,315,0,2483,10712600
1627398647,1400,207,315,0,2483,10747217
1627398752,1400,207,315,0,2483,10785170
1627398825,1401,207,315,0,2483,10826377
1627398894,1402,208,315,0,2484,10868539
1627398950,1402,208,315,0,2484,10910787
1627399000,1403,209,315,0,2486,10953708
1627399053,1403,209,315,0,2486,10996932
1627399100,1403,209,315,0,2486,11040254
1627399140,1403,209,315,0,2486,11083604
1627399183,1403,209,315,0,2486,11126954
1627399221,1403,209,315,0,2486,11170304
1627399223,1403,209,315,0,2486,11170814
1627399322,1404,209,315,0,2486,11214846
1627399440,1404,209,315,0,2486,11240816
1627399533,1405,209,316,0,2486,11269171
1627399650,1405,209,316,0,2486,11304059
1627399747,1405,209,316,0,2486,11342099
1627399834,1405,209,316,0,2486,11383227
1627399906,1405,209,316,0,2486,11425353
1627399966,1405,209,316,0,2486,11468434
1627400022,1405,209,318,0,2486,11512043
1627400071,1405,209,318,0,2486,11555773
1627400113,1405,209,318,0,2486,11599615
1627400155,1405,209,318,0,2486,11643474
1627400197,1405,209,318,0,2486,11687334
1627400236,1405,209,318,0,2486,11731194
1627400238,1405,209,318,0,2486,11731655
1627400338,1407,209,320,0,2486,11776199
1627400453,1407,209,320,0,2486,11800408
1627400550,1407,209,320,0,2486,11827922
1627400666,1407,209,320,0,2486,11863527
1627400768,1407,209,320,0,2486,11901548
1627400840,1407,209,320,0,2486,11942144
1627400902,1408,209,320,0,2486,11983793
1627400964,1408,209,320,0,2486,12026285
1627401015,1408,209,320,0,2486,12069398
1627401068,1412,209,324,0,2486,12112613
1627401111,1412,209,324,0,2486,12155944
1627401156,1412,209,324,0,2486,12199293
1627401197,1412,209,324,0,2486,12242643
1627401235,1412,209,324,0,2486,12285993
1627401237,1412,209,324,0,2486,12286489
1627401336,1414,209,324,0,2486,12330521
1627401453,1414,209,324,0,2486,12356527
1627401556,1414,209,324,0,2486,12385890
1627401672,1415,209,325,0,2486,12421838
1627401769,1415,209,325,0,2486,12459307
1627401845,1416,209,326,0,2486,12499630
1627401923,1416,209,326,0,2486,12541657
1627401990,1416,209,326,0,2486,12584310
1627402043,1416,209,326,0,2486,12627073
1627402093,1416,209,326,0,2486,12670206
1627402142,1416,209,326,0,2486,12713484
1627402184,1416,209,326,0,2486,12756831
1627402225,1416,209,326,0,2486,12800181
1627402263,1416,209,326,0,2486,12843531
1627402264,1416,209,326,0,2486,12844041
1627402366,1418,209,326,0,2486,12888073
1627402482,1418,209,326,0,2486,12912856
1627402576,1418,209,326,0,2486,12939117
1627402691,1418,209,326,0,2486,12973415
1627402799,1418,209,326,0,2486,13011848
1627402896,1418,209,326,0,2486,13052160
1627402969,1418,209,326,0,2486,13093612
1627403029,1418,209,326,0,2486,13136202
1627403094,1418,209,326,0,2486,13179213
1627403144,1418,209,326,0,2486,13222454
1627403188,1418,209,326,0,2486,13265771
1627403231,1418,209,326,0,2486,13309120
1627403275,1418,209,326,0,2486,13352470
1627403313,1418,209,326,0,2486,13395820
1627403315,1418,209,326,0,2486,13396276
1627403421,1420,209,326,0,2486,13440308
1627403534,1420,209,326,0,2486,13465104
1627403626,1420,209,326,0,2486,13493554
1627403750,1420,209,326,0,2486,13529944
1627403851,1420,209,326,0,2486,13568235
1627403937,1420,209,326,0,2486,13609238
1627404010,1420,209,326,0,2486,13651042
1627404072,1420,209,326,0,2486,13694223
1627404127,1420,209,326,0,2486,13737786
1627404174,1420,209,326,0,2486,13781580
1627404218,1420,209,326,0,2486,13825419
1627404262,1420,209,326,0,2486,13869279
1627404302,1420,209,326,0,2486,13913139
1627404340,1420,209,326,0,2486,13956999
1627404342,1420,209,326,0,2486,13957491
1627404443,1423,209,326,0,2486,14002035
1627404568,1423,209,326,0,2486,14028781
1627404670,1423,209,326,0,2486,14058375
1627404780,1424,209,327,0,2486,14094051
1627404876,1424,209,327,0,2486,14131855
1627404955,1424,209,327,0,2486,14172909
1627405028,1424,209,327,0,2486,14214943
1627405086,1424,209,327,0,2486,14257438
1627405140,1424,209,327,0,2486,14300576
1627405191,1424,209,327,0,2486,14343825
1627405239,1425,209,327,0,2486,14387159
1627405283,1425,209,327,0,2486,14430503
1627405325,1425,209,327,0,2486,14473853
1627405363,1425,209,327,0,2486,14517203
1627405366,1425,209,327,0,2486,14518223
1627405468,1425,209,327,0,2486,14562255
1627405585,1425,209,327,0,2486,14587361
1627405691,1425,209,327,0,2486,14614588
1627405791,1425,209,327,0,2486,14650123
1627405886,1425,209,328,0,2486,14690127
1627405968,1425,209,328,0,2486,14732295
1627406033,1425,209,328,0,2486,14774780
1627406094,1425,209,328,0,2486,14818122
1627406146,1425,209,328,0,2486,14861700
1627406193,1425,209,328,0,2486,14905457
1627406236,1425,209,328,0,2486,14949280
1627406279,1425,209,328,0,2486,14993138
1627406321,1425,209,328,0,2486,15036998
1627406360,1425,209,328,0,2486,15080858
1627406362,1425,209,328,0,2486,15081878
1627406468,1426,209,328,0,2486,15126422
1627406585,1426,209,328,0,2486,15152641
1627406698,1426,209,328,0,2486,15181122
1627406796,1426,209,328,0,2486,15215585
1627406892,1426,209,328,0,2486,15255697
1627406964,1426,209,328,0,2486,15297908
1627407033,1426,209,328,0,2486,15340911
1627407091,1426,209,328,0,2486,15384635
1627407143,1426,209,328,0,2486,15428802
1627407190,1426,209,328,0,2486,15473027
1627407236,1426,209,328,0,2486,15517392
1627407281,1426,209,328,0,2486,15561760
1627407324,1426,209,328,0,2486,15606130
1627407363,1426,209,328,0,2486,15650500
1627407365,1426,209,328,0,2486,15651520
1627407469,1426,209,328,0,2486,15696576
1627407581,1426,209,328,0,2486,15721319
1627407681,1427,209,329,0,2486,15748785
1627407787,1427,209,329,0,2486,15783675
1627407886,1427,209,329,0,2486,15823001
1627407975,1427,209,329,0,2486,15865054
1627408047,1427,209,329,0,2486,15907970
1627408107,1427,209,329,0,2486,15951808
1627408160,1428,209,329,0,2486,15995888
1627408212,1428,209,329,0,2486,16040153
1627408258,1428,209,329,0,2486,16084505
1627408302,1428,209,329,0,2486,16128875
1627408348,1428,209,329,0,2486,16173245
1627408387,1428,209,329,0,2486,16217615
1627408389,1428,209,329,0,2486,16218635
1627408489,1429,209,330,0,2486,16263691
1627408604,1429,209,330,0,2486,16288910
1627408715,1429,209,330,0,2486,16317811
1627408814,1429,209,330,0,2486,16352095
1627408924,1429,209,330,0,2486,16391803
1627408996,1430,209,331,0,2486,16433548
1627409065,1430,209,331,0,2486,16475643
1627409120,1430,209,331,0,2486,16518734
1627409174,1430,209,331,0,2486,16562341
1627409222,1430,209,331,0,2486,16606071
1627409267,1430,209,331,0,2486,16649864
1627409310,1430,209,331,0,2486,16693724
1627409352,1430,209,331,0,2486,16737584
1627409391,1430,209,331,0,2486,16781444
1627409393,1430,209,331,0,2486,16782397
1627409498,1431,209,331,0,2486,16826941
1627409595,1431,209,331,0,2486,16852385
1627409672,1431,209,331,0,2486,16879298
1627409776,1431,209,331,0,2486,16913172
1627409865,1431,209,331,0,2486,16951052
1627409940,1431,209,331,0,2486,16993450
1627410016,1431,209,331,0,2486,17036891
1627410073,1431,209,331,0,2486,17080427
1627410128,1431,209,331,0,2486,17124505
1627410183,1431,209,331,0,2486,17168730
1627410227,1431,209,331,0,2486,17213082
1627410270,1431,209,331,0,2486,17257451
1627410311,1431,209,331,0,2486,17301821
1627410351,1431,209,331,0,2486,17346191
1627410352,1431,209,331,0,2486,17346701
1627410454,1431,209,331,0,2486,17391757
1627410547,1431,209,331,0,2486,17416965
1627410631,1431,209,331,0,2486,17443732
1627410737,1431,209,331,0,2486,17480032
1627410834,1431,209,331,0,2486,17519510
1627410912,1431,209,331,0,2486,17561612
1627410978,1431,209,331,0,2486,17604551
1627411034,1431,209,331,0,2486,17647702
1627411086,1431,209,331,0,2486,17691297
1627411132,1431,209,331,0,2486,17735085
1627411178,1431,209,331,0,2486,17778922
1627411222,1431,209,331,0,2486,17822782
1627411263,1431,209,331,0,2486,17866642
1627411302,1431,209,331,0,2486,17910502
1627411304,1431,209,331,0,2486,17911522
1627411404,1433,209,331,0,2486,17956066
1627411505,1433,209,331,0,2486,17983283
1627411585,1433,209,331,0,2486,18010807
1627411697,1433,209,331,0,2486,18045271
1627411817,1433,209,331,0,2486,18085641
1627411915,1433,209,331,0,2486,18128220
1627411996,1433,209,331,0,2486,18171600
1627412062,1433,209,331,0,2486,18215938
1627412112,1433,209,331,0,2486,18260514
1627412165,1433,209,331,0,2486,18305309
1627412218,1433,209,331,0,2486,18350163
1627412263,1433,209,331,0,2486,18395042
1627412310,1433,209,331,0,2486,18439922
1627412350,1433,209,331,0,2486,18484802
1627412353,1433,209,331,0,2486,18486332
1627412460,1435,209,331,0,2486,18531900
1627412560,1435,209,331,0,2486,18556880
1627412637,1436,209,332,0,2486,18585183
1627412751,1436,209,332,0,2486,18618378
1627412861,1436,209,332,0,2486,18657643
1627412949,1436,209,332,0,2486,18699895
1627413024,1436,209,332,0,2486,18742881
1627413085,1436,209,332,0,2486,18786670
1627413144,1436,209,332,0,2486,18830676
1627413199,1436,209,332,0,2486,18874918
1627413249,1436,209,332,0,2486,18919275
1627413290,1436,209,332,0,2486,18963644
1627413331,1436,209,332,0,2486,19008014
1627413371,1436,209,332,0,2486,19052384
1627413372,1436,209,332,0,2486,19053404
1627413479,1438,209,332,0,2486,19098460
1627413576,1438,209,332,0,2486,19123397
1627413660,1438,209,332,0,2486,19151935
1627413766,1438,209,332,0,2486,19186395
1627413875,1438,209,332,0,2486,19224739
1627413957,1438,209,332,0,2486,19267360
1627414031,1438,209,332,0,2486,19310249
1627414092,1438,209,332,0,2486,19353853
1627414145,1438,209,332,0,2486,19398023
1627414190,1438,209,332,0,2486,19442315
1627414236,1438,209,332,0,2486,19486644
1627414278,1438,209,332,0,2486,19531014
1627414321,1438,209,332,0,2486,19575384
1627414360,1438,209,332,0,2486,19619754
1627414362,1438,209,332,0,2486,19620774
1627414467,1440,209,332,0,2486,19665830
1627414562,1440,209,332,0,2486,19691118
1627414636,1440,209,332,0,2486,19719170
1627414747,1440,209,332,0,2486,19755465
1627414857,1440,209,332,0,2486,19795934
1627414938,1440,209,332,0,2486,19838072
1627415000,1440,209,332,0,2486,19882141
1627415058,1440,209,332,0,2486,19926912
1627415108,1440,209,332,0,2486,19971963
1627415153,1440,209,332,0,2486,20017308
1627415199,1440,209,332,0,2486,20062673
1627415244,1440,209,332,0,2486,20108062
1627415291,1440,209,332,0,2486,20153452
1627415331,1440,209,332,0,2486,20198842
1627415334,1440,209,332,0,2486,20200372
1627415444,1441,209,333,0,2486,20246452
1627415544,1441,209,333,0,2486,20272186
1627415625,1441,209,333,0,2486,20300789
1627415731,1441,209,333,0,2486,20334638
1627415841,1441,209,333,0,2486,20373728
1627415928,1441,209,333,0,2486,20416342
1627415993,1441,209,333,0,2486,20459574
1627416048,1441,209,333,0,2486,20503569
1627416094,1441,209,333,0,2486,20548202
1627416139,1441,209,333,0,2486,20592996
1627416185,1441,209,333,0,2486,20637854
1627416232,1441,209,333,0,2486,20682730
1627416276,1441,209,333,0,2486,20727610
1627416315,1441,209,333,0,2486,20772490
1627416318,1441,209,333,0,2486,20774020
1627416425,1443,209,333,0,2486,20819588
1627416529,1443,209,333,0,2486,20845906
1627416618,1443,209,333,0,2486,20875071
1627416720,1443,209,333,0,2486,20909800
1627416825,1443,209,333,0,2486,20948427
1627416912,1443,209,333,0,2486,20990285
1627416975,1443,209,333,0,2486,21033444
1627417032,1443,209,333,0,2486,21077630
1627417088,1443,209,333,0,2486,21122200
1627417140,1443,209,333,0,2486,21166929
1627417186,1443,209,333,0,2486,21211794
1627417231,1444,210,333,0,2488,21256674
1627417275,1444,210,333,0,2488,21301554
1627417314,1444,210,333,0,2488,21346434
1627417317,1444,210,333,0,2488,21347964
1627417423,1445,210,333,0,2488,21393532
1627417528,1445,210,333,0,2488,21419997
1627417615,1446,210,334,0,2488,21446478
1627417729,1446,210,334,0,2488,21481980
1627417845,1446,210,334,0,2488,21521060
1627417950,1446,210,334,0,2488,21563127
1627418013,1446,210,334,0,2488,21606345
1627418075,1446,210,334,0,2488,21650135
1627418129,1446,210,334,0,2488,21694385
1627418179,1446,210,334,0,2488,21738595
1627418227,1446,210,334,0,2488,21782950
1627418269,1446,210,334,0,2488,21827320
1627418311,1446,210,334,0,2488,21871690
1627418351,1446,210,334,0,2488,21916060
1627418354,1446,210,334,0,2488,21917590
1627418456,1446,210,334,0,2488,21962646
1627418555,1446,210,334,0,2488,21988376
1627418646,1446,210,334,0,2488,22014952
1627418765,1446,210,334,0,2488,22051082
1627418871,1446,210,334,0,2488,22090339
1627418962,1446,210,334,0,2488,22132598
1627419045,1452,210,339,0,2488,22175549
1627419106,1452,210,339,0,2488,22218727
1627419162,1452,210,339,0,2488,22262436
1627419214,1452,210,339,0,2488,22306158
1627419263,1452,210,339,0,2488,22349997
1627419306,1452,210,339,0,2488,22393855
1627419347,1452,210,339,0,2488,22437715
1627419386,1452,210,339,0,2488,22481575
1627419388,1452,210,339,0,2488,22482595
1627419493,1454,210,339,0,2488,22527139
1627419591,1454,210,339,0,2488,22552901
1627419682,1454,210,339,0,2488,22583722
1627419790,1455,210,340,0,2488,22619232
1627419892,1455,210,340,0,2488,22659218
1627419984,1455,210,340,0,2488,22701692
1627420052,1455,210,340,0,2488,22744972
1627420112,1456,210,340,0,2488,22788643
1627420176,1456,210,340,0,2488,22832784
1627420227,1456,210,340,0,2488,22877082
1627420273,1456,210,340,0,2488,22921417
1627420314,1456,210,340,0,2488,22965786
1627420358,1456,210,340,0,2488,23010156
1627420397,1456,210,340,0,2488,23054526
1627420399,1456,210,340,0,2488,23055546
1627420501,1457,210,340,0,2488,23100602
1627420608,1457,210,340,0,2488,23125747
1627420697,1457,210,340,0,2488,23153361
1627420807,1457,210,340,0,2488,23187832
1627420923,1457,210,340,0,2488,23226786
1627421018,1457,210,340,0,2488,23267869
1627421093,1457,210,340,0,2488,23310130
1627421162,1457,210,340,0,2488,23353170
1627421214,1457,210,340,0,2488,23396702
1627421263,1457,210,340,0,2488,23440482
1627421307,1457,210,340,0,2488,23484313
1627421351,1457,210,340,0,2488,23528171
1627421395,1457,210,340,0,2488,23572030
1627421434,1457,210,340,0,2488,23615890
1627421435,1457,210,340,0,2488,23616910
1627421544,1458,210,340,0,2488,23661454
1627421646,1458,210,340,0,2488,23686739
1627421728,1458,210,340,0,2488,23715143
1627421841,1458,210,340,0,2488,23748654
1627421957,1459,210,341,0,2488,23788328
1627422044,1459,210,341,0,2488,23830516
1627422114,1459,210,341,0,2488,23873621
1627422169,1459,210,341,0,2488,23917169
1627422221,1459,210,341,0,2488,23961336
1627422270,1459,210,341,0,2488,24005653
1627422314,1459,210,341,0,2488,24049993
1627422356,1459,210,341,0,2488,24094362
1627422404,1459,210,341,0,2488,24138732
1627422443,1459,210,341,0,2488,24183102
1627422445,1459,210,341,0,2488,24184122
1627422549,1463,210,341,0,2488,24229178
1627422642,1463,210,341,0,2488,24253743
1627422729,1463,210,341,0,2488,24282238
1627422824,1463,210,341,0,2488,24316405
1627422937,1464,210,342,0,2488,24355216
1627423033,1464,210,342,0,2488,24397284
1627423104,1464,210,342,0,2488,24440117
1627423166,1464,210,342,0,2488,24483263
1627423219,1464,210,342,0,2488,24526815
1627423266,1464,210,342,0,2488,24570545
1627423313,1464,210,342,0,2488,24614384
1627423357,1464,210,342,0,2488,24658244
1627423398,1464,210,342,0,2488,24702104
1627423437,1464,210,342,0,2488,24745964
1627423438,1464,210,342,0,2488,24746984
1627423542,1464,210,342,0,2488,24791528
1627423651,1464,210,342,0,2488,24817181
1627423731,1464,210,342,0,2488,24844346
1627423840,1464,210,342,0,2488,24879047
1627423968,1464,210,342,0,2488,24916332
1627424062,1464,210,342,0,2488,24957477
1627424152,1464,210,342,0,2488,24999370
1627424227,1465,210,342,0,2488,25042179
1627424281,1465,210,342,0,2488,25085140
1627424325,1465,210,342,0,2488,25128431
1627424368,1465,210,342,0,2488,25171766
1627424409,1465,210,342,0,2488,25215116
1627424453,1465,210,342,0,2488,25258466
1627424491,1465,210,342,0,2488,25301816
1627424492,1465,210,342,0,2488,25302836
1627424600,1466,210,342,0,2488,25346868
1627424704,1466,210,342,0,2488,25371453
1627424784,1466,210,342,0,2488,25398395
1627424890,1466,210,342,0,2488,25433430
1627425002,1466,210,342,0,2488,25472515
1627425087,1466,210,342,0,2488,25513779
1627425159,1466,210,342,0,2488,25556414
1627425219,1466,210,342,0,2488,25599507
1627425275,1466,210,342,0,2488,25642973
1627425320,1466,210,342,0,2488,25686687
1627425364,1466,210,342,0,2488,25730527
1627425406,1466,210,342,0,2488,25774384
1627425447,1466,210,342,0,2488,25818244
1627425486,1466,210,342,0,2488,25862104
1627425487,1466,210,342,0,2488,25863124
1627425590,1469,210,342,0,2488,25907668
1627425697,1469,210,342,0,2488,25933415
1627425771,1469,210,342,0,2488,25961910
1627425878,1470,210,343,0,2488,25996951
1627425984,1470,210,343,0,2488,26034829
1627426061,1470,210,343,0,2488,26076048
1627426131,1470,210,343,0,2488,26118073
1627426189,1470,210,343,0,2488,26160501
1627426239,1470,210,343,0,2488,26203502
1627426288,1470,210,343,0,2488,26246655
1627426331,1470,210,343,0,2488,26289989
1627426379,1470,210,344,0,2488,26333338
1627426419,1470,210,344,0,2488,26376688
1627426457,1470,210,344,0,2488,26420038
1627426458,1470,210,344,0,2488,26421058
1627426563,1473,210,344,0,2488,26465090
1627426656,1473,210,344,0,2488,26489279
1627426736,1473,210,344,0,2488,26517221
1627426834,1473,210,344,0,2488,26551534
1627426953,1473,210,344,0,2488,26589079
1627427042,1473,210,344,0,2488,26629927
1627427105,1473,210,344,0,2488,26671829
1627427165,1473,210,344,0,2488,26714119
1627427216,1473,210,344,0,2488,26756656
1627427260,1473,210,344,0,2488,26799389
1627427305,1473,210,344,0,2488,26842209
1627427345,1473,210,344,0,2488,26885049
1627427387,1473,210,344,0,2488,26927889
1627427425,1473,210,344,0,2488,26970729
1627427426,1473,210,344,0,2488,26971749
1627427525,1473,210,344,0,2488,27015269
1627427628,1473,210,344,0,2488,27039172
1627427729,1474,210,345,0,2488,27066716
1627427834,1475,210,346,0,2488,27101104
1627427947,1475,210,346,0,2488,27140749
1627428033,1475,210,346,0,2488,27182101
1627428099,1475,210,346,0,2488,27224516
1627428165,1475,210,346,0,2488,27267651
1627428215,1475,210,346,0,2488,27311234
1627428265,1476,211,346,0,2490,27354947
1627428311,1476,211,346,0,2490,27398789
1627428353,1476,211,346,0,2490,27442648
1627428393,1476,211,346,0,2490,27486508
1627428432,1476,211,346,0,2490,27530368
1627428434,1476,211,346,0,2490,27531388
1627428536,1476,211,346,0,2490,27575932
1627428643,1476,211,346,0,2490,27600836
1627428737,1477,211,347,0,2490,27628607
1627428843,1477,211,347,0,2490,27662297
1627428952,1477,211,347,0,2490,27699781
1627429037,1477,211,347,0,2490,27739762
1627429106,1477,211,347,0,2490,27781407
1627429163,1477,211,347,0,2490,27823620
1627429213,1477,211,347,0,2490,27866171
1627429258,1477,211,347,0,2490,27908894
1627429302,1477,211,347,0,2490,27951718
1627429343,1477,211,347,0,2490,27994556
1627429386,1477,211,347,0,2490,28037396
1627429423,1477,211,347,0,2490,28080236
1627429425,1477,211,347,0,2490,28081256
1627429526,1478,211,347,0,2490,28124776
1627429627,1478,211,347,0,2490,28149225
1627429711,1478,211,347,0,2490,28176516
1627429818,1478,211,347,0,2490,28211705
1627429925,1478,211,347,0,2490,28249590
1627430001,1478,211,347,0,2490,28290339
1627430067,1478,211,347,0,2490,28332018
1627430121,1478,211,347,0,2490,28374255
1627430165,1478,211,347,0,2490,28416845
1627430206,1478,211,347,0,2490,28459508
1627430250,1478,211,347,0,2490,28502320
1627430292,1478,211,347,0,2490,28545158
1627430333,1478,211,347,0,2490,28587998
1627430370,1478,211,347,0,2490,28630838
1627430372,1478,211,347,0,2490,28631858
1627430479,1479,211,347,0,2490,28675378
1627430583,1479,211,347,0,2490,28699920
1627430677,1479,211,347,0,2490,28727245
1627430773,1479,211,347,0,2490,28760869
1627430878,1479,211,347,0,2490,28797838
1627430969,1479,211,347,0,2490,28837999
1627431038,1479,211,347,0,2490,28879257
1627431092,1479,211,347,0,2490,28920987
1627431143,1479,211,347,0,2490,28963065
1627431186,1479,211,347,0,2490,29005332
1627431232,1479,211,347,0,2490,29047645
1627431274,1479,211,347,0,2490,29089973
1627431314,1479,211,347,0,2490,29132303
1627431352,1479,211,347,0,2490,29174633
1627431353,1479,211,347,0,2490,29175653
1627431448,1480,211,347,0,2490,29218661
1627431541,1480,211,347,0,2490,29243496
1627431625,1480,211,347,0,2490,29272888
1627431727,1480,211,347,0,2490,29306205
1627431843,1480,211,347,0,2490,29345294
1627431929,1480,211,347,0,2490,29386435
1627431996,1480,211,347,0,2490,29429128
1627432047,1481,212,347,0,2492,29471923
1627432098,1481,212,347,0,2492,29514958
1627432141,1481,212,347,0,2492,29558183
1627432190,1481,212,347,0,2492,29601511
1627432230,1481,212,347,0,2492,29644859
1627432271,1481,212,347,0,2492,29688209
1627432309,1481,212,347,0,2492,29731558
1627432311,1481,212,347,0,2492,29732578
1627432411,1482,212,347,0,2492,29776610
1627432506,1482,212,347,0,2492,29799394
1627432587,1483,212,348,0,2492,29824717
1627432694,1483,212,348,0,2492,29860481
1627432813,1484,212,349,0,2492,29899014
1627432896,1484,212,349,0,2492,29939565
1627432963,1484,212,349,0,2492,29980970
1627433021,1484,212,349,0,2492,30023171
1627433075,1484,212,349,0,2492,30065742
1627433119,1484,212,349,0,2492,30108481
1627433164,1484,212,349,0,2492,30151318
1627433206,1484,212,349,0,2492,30194157
1627433247,1484,212,349,0,2492,30236997
1627433285,1484,212,349,0,2492,30279837
1627433286,1484,212,349,0,2492,30280857
1627433386,1485,212,349,0,2492,30324377
1627433485,1485,212,349,0,2492,30349259
1627433569,1485,212,349,0,2492,30376586
1627433673,1485,212,349,0,2492,30411029
1627433786,1485,212,349,0,2492,30447634
1627433882,1485,212,349,0,2492,30488343
1627433957,1485,212,349,0,2492,30530074
1627434013,1485,212,349,0,2492,30572445
1627434071,1485,212,349,0,2492,30615115
1627434119,1485,212,349,0,2492,30657865
1627434162,1485,212,349,0,2492,30700694
1627434204,1485,212,349,0,2492,30743532
1627434244,1485,212,349,0,2492,30786372
1627434282,1485,212,349,0,2492,30829212
1627434284,1485,212,349,0,2492,30830232
1627434386,1485,212,349,0,2492,30873752
1627434483,1485,212,349,0,2492,30898445
1627434568,1485,212,349,0,2492,30925257
1627434673,1485,212,349,0,2492,30959618
1627434795,1485,212,350,0,2492,30996436
1627434874,1485,212,350,0,2492,31036140
1627434949,1485,212,350,0,2492,31077563
1627435003,1485,212,350,0,2492,31119158
1627435051,1485,212,350,0,2492,31161317
1627435097,1485,212,350,0,2492,31203528
1627435143,1485,212,350,0,2492,31245843
1627435183,1485,212,350,0,2492,31288168
1627435225,1485,212,350,0,2492,31330498
1627435262,1485,212,350,0,2492,31372828
1627435264,1485,212,350,0,2492,31373848
1627435366,1485,212,350,0,2492,31416856
1627435469,1485,212,350,0,2492,31441956
1627435558,1485,212,350,0,2492,31469327
1627435656,1485,212,350,0,2492,31504075
1627435766,1485,212,350,0,2492,31541801
1627435846,1485,212,350,0,2492,31581175
1627435911,1485,212,350,0,2492,31622383
1627435970,1485,212,350,0,2492,31664078
1627436020,1485,212,350,0,2492,31706185
1627436065,1485,212,350,0,2492,31748434
1627436108,1485,212,350,0,2492,31790735
1627436151,1485,212,350,0,2492,31833062
1627436191,1485,212,350,0,2492,31875392
1627436228,1485,212,350,0,2492,31917722
1627436230,1485,212,350,0,2492,31918742
1627436331,1485,212,350,0,2492,31961750
1627436433,1485,212,350,0,2492,31985386
1627436523,1485,212,350,0,2492,32012586
1627436627,1485,212,350,0,2492,32046513
1627436733,1485,212,350,0,2492,32084044
1627436833,1485,212,350,0,2492,32124525
1627436901,1486,212,351,0,2492,32166069
1627436962,1486,212,351,0,2492,32208411
1627437010,1486,212,351,0,2492,32251018
1627437063,1486,212,351,0,2492,32293720
1627437109,1486,212,351,0,2492,32336539
1627437149,1486,212,351,0,2492,32379377
1627437192,1486,212,351,0,2492,32422217
1627437229,1486,212,351,0,2492,32465057
1627437231,1486,212,351,0,2492,32466077
1627437331,1487,212,351,0,2492,32509597
1627437426,1487,212,351,0,2492,32534625
1627437523,1487,212,351,0,2492,32561238
1627437633,1487,212,351,0,2492,32596026
1627437759,1487,212,351,0,2492,32634337
1627437840,1487,212,351,0,2492,32674715
1627437911,1487,212,351,0,2492,32715859
1627437965,1487,212,351,0,2492,32757628
1627438017,1487,212,351,0,2492,32799603
1627438061,1487,212,351,0,2492,32841838
1627438103,1487,212,351,0,2492,32884148
1627438145,1487,212,351,0,2492,32926478
1627438186,1487,212,351,0,2492,32968808
1627438223,1487,212,351,0,2492,33011138
1627438225,1487,212,351,0,2492,33012158
1627438327,1487,212,351,0,2492,33055166
1627438425,1487,212,351,0,2492,33079974
1627438520,1487,212,351,0,2492,33107695
1627438623,1487,212,351,0,2492,33142675
1627438736,1487,212,351,0,2492,33179788
1627438823,1487,212,351,0,2492,33220805
1627438898,1487,212,351,0,2492,33262135
1627438949,1487,212,351,0,2492,33304624
1627439002,1487,212,351,0,2492,33347175
1627439049,1488,212,351,0,2492,33389894
1627439092,1488,212,351,0,2492,33432715
1627439132,1488,212,351,0,2492,33475553
1627439175,1489,212,351,0,2492,33518393
1627439213,1489,212,351,0,2492,33561233
1627439215,1489,212,351,0,2492,33562253
1627439318,1489,212,351,0,2492,33605773
1627439409,1489,212,351,0,2492,33629282
1627439489,1489,212,351,0,2492,33655136
1627439610,1489,212,351,0,2492,33689368
1627439718,1489,212,351,0,2492,33726166
1627439807,1489,212,351,0,2492,33765399
1627439886,1489,212,351,0,2492,33806446
1627439938,1489,212,351,0,2492,33848125
1627439995,1489,212,351,0,2492,33890148
1627440042,1489,212,351,0,2492,33932388
1627440087,1489,212,351,0,2492,33974706
1627440127,1489,212,351,0,2492,34017034
1627440168,1489,212,351,0,2492,34059364
1627440205,1489,212,351,0,2492,34101694
1627440207,1489,212,351,0,2492,34102714
1627440313,1491,212,351,0,2492,34145722
1627440405,1491,212,351,0,2492,34170371
1627440477,1491,212,351,0,2492,34195293
1627440571,1491,212,351,0,2492,34227572
1627440677,1491,212,351,0,2492,34265040
1627440755,1491,212,351,0,2492,34304242
1627440829,1491,212,351,0,2492,34345908
1627440880,1491,212,351,0,2492,34388168
1627440927,1491,212,351,0,2492,34430757
1627440971,1491,212,351,0,2492,34473523
1627441013,1491,212,351,0,2492,34516343
1627441058,1491,212,351,0,2492,34559182
1627441097,1491,212,351,0,2492,34602022
1627441135,1491,212,351,0,2492,34644862
1627441136,1491,212,351,0,2492,34645882
1627441240,1492,212,351,0,2492,34689402
1627441331,1492,212,351,0,2492,34712888
1627441399,1492,212,351,0,2492,34737833
1627441481,1492,212,351,0,2492,34768189
1627441587,1492,212,351,0,2492,34806377
1627441667,1492,212,351,0,2492,34845712
1627441731,1492,212,351,0,2492,34887263
1627441783,1492,212,351,0,2492,34929271
1627441832,1492,212,351,0,2492,34971884
1627441876,1492,212,351,0,2492,35014600
1627441919,1492,212,351,0,2492,35057426
1627441961,1492,212,351,0,2492,35100265
1627442001,1492,212,351,0,2492,35143105
1627442039,1492,212,351,0,2492,35185945
1627442040,1492,212,351,0,2492,35186965
1627442144,1495,212,351,0,2492,35230485
1627442251,1495,212,351,0,2492,35255681
1627442335,1495,212,351,0,2492,35284420
1627442442,1496,212,352,0,2492,35319022
1627442559,1496,212,352,0,2492,35356457
1627442644,1496,212,352,0,2492,35396246
1627442709,1496,212,352,0,2492,35437363
1627442763,1496,212,352,0,2492,35479706
1627442821,1496,212,352,0,2492,35522314
1627442868,1496,212,352,0,2492,35565037
1627442915,1496,212,352,0,2492,35607866
1627442956,1496,212,352,0,2492,35650706
1627442998,1496,212,352,0,2492,35693546
1627443036,1496,212,352,0,2492,35736386
1627443037,1496,212,352,0,2492,35737406
1627443143,1496,212,352,0,2492,35780926
1627443240,1496,212,352,0,2492,35805505
1627443323,1496,212,352,0,2492,35832158
1627443443,1496,212,352,0,2492,35866984
1627443566,1496,212,352,0,2492,35903820
1627443638,1496,212,352,0,2492,35943299
1627443701,1496,212,352,0,2492,35983984
1627443753,1496,212,352,0,2492,36025518
1627443804,1496,212,352,0,2492,36067569
1627443854,1496,212,352,0,2492,36109722
1627443896,1496,212,352,0,2492,36152043
1627443940,1496,212,352,0,2492,36194371
1627443982,1496,212,352,0,2492,36236701
1627444020,1496,212,352,0,2492,36279031
1627444021,1496,212,352,0,2492,36280051
1627444123,1496,212,352,0,2492,36323059
1627444217,1496,212,352,0,2492,36347523
1627444291,1496,212,352,0,2492,36372227
1627444367,1496,212,352,0,2492,36401979
1627444469,1496,212,352,0,2492,36439368
1627444547,1496,212,352,0,2492,36479220
1627444612,1496,212,352,0,2492,36520372
1627444665,1496,212,352,0,2492,36562620
1627444709,1496,212,352,0,2492,36605158
1627444752,1496,212,352,0,2492,36647936
1627444794,1496,212,352,0,2492,36690768
1627444839,1496,212,352,0,2492,36733605
1627444881,1496,212,352,0,2492,36776445
1627444919,1497,212,353,0,2492,36819285
1627444921,1497,212,353,0,2492,36820305
1627445021,1497,212,353,0,2492,36863825
1627445123,1497,212,353,0,2492,36888288
1627445213,1497,212,353,0,2492,36915554
1627445330,1497,212,353,0,2492,36950973
1627445448,1497,212,353,0,2492,36989223
1627445522,1497,212,353,0,2492,37027382
1627445592,1498,212,353,0,2492,37067885
1627445655,1498,212,353,0,2492,37109416
1627445708,1498,212,353,0,2492,37151496
1627445756,1498,212,353,0,2492,37193653
1627445800,1498,212,353,0,2492,37235976
1627445842,1498,212,353,0,2492,37278305
1627445883,1498,212,353,0,2492,37320635
1627445920,1498,212,353,0,2492,37362965
1627445922,1498,212,353,0,2492,37363985
1627446026,1498,212,353,0,2492,37406993
1627446131,1498,212,353,0,2492,37431285
1627446204,1498,212,353,0,2492,37455354
1627446295,1498,212,353,0,2492,37486818
1627446390,1498,212,353,0,2492,37524566
1627446463,1498,212,353,0,2492,37564311
1627446525,1498,212,353,0,2492,37605947
1627446576,1498,212,353,0,2492,37648220
1627446623,1498,212,353,0,2492,37690769
1627446668,1498,212,353,0,2492,37733500
1627446713,1498,212,353,0,2492,37776314
1627446756,1498,212,353,0,2492,37819152
1627446801,1498,212,353,0,2492,37861992
1627446839,1498,212,353,0,2492,37904832
1627446840,1498,212,353,0,2492,37905852
1627446945,1498,212,353,0,2492,37949372
1627447054,1498,212,353,0,2492,37974250
1627447138,1498,212,353,0,2492,38000826
1627447255,1498,212,353,0,2492,38035572
1627447372,1498,212,353,0,2492,38072947
1627447458,1498,212,353,0,2492,38112543
1627447522,1498,212,353,0,2492,38153378
1627447578,1498,212,353,0,2492,38194834
1627447629,1498,212,353,0,2492,38236805
1627447678,1498,212,353,0,2492,38279014
1627447721,1498,212,353,0,2492,38321328
1627447766,1498,212,353,0,2492,38363657
1627447806,1498,212,353,0,2492,38405987
1627447844,1498,212,353,0,2492,38448317
1627447845,1498,212,353,0,2492,38449337
1627447949,1498,212,353,0,2492,38492345
1627448056,1498,212,353,0,2492,38517933
1627448149,1498,212,353,0,2492,38545598
1627448263,1498,212,353,0,2492,38581086
1627448375,1498,212,353,0,2492,38618895
1627448446,1498,212,353,0,2492,38657967
1627448515,1498,212,353,0,2492,38698705
1627448569,1498,212,353,0,2492,38740277
1627448623,1498,212,353,0,2492,38782425
1627448670,1498,212,353,0,2492,38824621
1627448717,1498,212,353,0,2492,38866939
1627448758,1498,212,353,0,2492,38909268
1627448800,1498,212,353,0,2492,38951598
1627448837,1500,212,353,0,2492,38993928
1627448839,1500,212,353,0,2492,38994948
1627448943,1500,212,353,0,2492,39037956
1627449050,1500,212,353,0,2492,39063054
1627449130,1500,212,353,0,2492,39088351
1627449213,1500,212,353,0,2492,39120270
1627449312,1500,212,353,0,2492,39158604
1627449393,1500,212,353,0,2492,39198647
1627449458,1500,212,353,0,2492,39240052
1627449515,1500,212,353,0,2492,39282350
1627449560,1500,212,353,0,2492,39324848
1627449606,1500,212,353,0,2492,39367609
1627449650,1500,212,353,0,2492,39410429
1627449690,1500,212,353,0,2492,39453268
1627449731,1500,212,353,0,2492,39496108
1627449769,1500,212,353,0,2492,39538948
1627449770,1500,212,353,0,2492,39539968
1627449876,1500,212,353,0,2492,39583488
1627449972,1500,212,353,0,2492,39607639
1627450048,1500,212,353,0,2492,39633177
1627450135,1500,212,353,0,2492,39665600
1627450226,1500,212,353,0,2492,39703595
1627450303,1500,212,353,0,2492,39743198
1627450367,1500,212,353,0,2492,39784259
1627450426,1500,212,353,0,2492,39826320
1627450473,1500,212,353,0,2492,39868905
1627450522,1500,212,353,0,2492,39911604
1627450566,1500,212,353,0,2492,39954423
1627450610,1500,212,353,0,2492,39997260
1627450651,1500,212,353,0,2492,40040100
1627450689,1500,212,353,0,2492,40082940
1627450690,1500,212,353,0,2492,40083960
1627450795,1500,212,353,0,2492,40127480
1627450899,1500,212,353,0,2492,40152990
1627450991,1500,212,353,0,2492,40179439
1627451107,1501,212,354,0,2492,40213853
1627451211,1502,212,355,0,2492,40251349
1627451292,1503,212,356,0,2492,40290953
1627451353,1503,212,356,0,2492,40331864
1627451405,1503,212,356,0,2492,40373634
1627451460,1503,212,356,0,2492,40416176
1627451508,1503,212,356,0,2492,40458877
1627451555,1503,212,356,0,2492,40501703
1627451597,1503,212,356,0,2492,40544542
1627451639,1503,212,356,0,2492,40587382
1627451677,1503,212,356,0,2492,40630222
1627451678,1503,212,356,0,2492,40631242
1627451785,1503,212,356,0,2492,40674762
1627451886,1503,212,356,0,2492,40699671
1627451977,1503,212,356,0,2492,40726858
1627452095,1503,212,356,0,2492,40761677
1627452206,1503,212,356,0,2492,40799470
1627452285,1503,212,356,0,2492,40838119
1627452352,1503,212,356,0,2492,40878326
1627452418,1503,212,356,0,2492,40919360
1627452474,1503,212,356,0,2492,40961354
1627452523,1503,212,356,0,2492,41003565
1627452566,1503,212,356,0,2492,41045887
1627452610,1503,212,356,0,2492,41088213
1627452651,1503,212,356,0,2492,41130543
1627452688,1503,212,356,0,2492,41172873
1627452689,1503,212,356,0,2492,41173893
1627452791,1504,212,356,0,2492,41216901
1627452887,1504,212,356,0,2492,41241553
1627452963,1504,212,356,0,2492,41267296
1627453044,1504,212,356,0,2492,41297663
1627453138,1504,212,356,0,2492,41334845
1627453212,1504,212,356,0,2492,41374796
1627453277,1504,212,356,0,2492,41416039
1627453332,1504,212,356,0,2492,41458139
1627453383,1504,212,356,0,2492,41500751
1627453427,1504,212,356,0,2492,41543514
1627453473,1504,212,356,0,2492,41586340
1627453518,1504,212,356,0,2492,41629180
1627453558,1504,212,356,0,2492,41672020
1627453596,1505,212,356,0,2492,41714860
1627453598,1505,212,356,0,2492,41715880
1627453702,1507,212,356,0,2492,41759400
1627453802,1507,212,356,0,2492,41784101
1627453899,1507,212,356,0,2492,41813110
1627454005,1507,212,356,0,2492,41846941
1627454114,1507,212,356,0,2492,41884709
1627454203,1507,212,356,0,2492,41923322
1627454273,1507,212,356,0,2492,41963636
1627454336,1508,212,356,0,2492,42004917
1627454395,1508,212,356,0,2492,42046844
1627454443,1508,212,356,0,2492,42089064
1627454490,1508,212,356,0,2492,42131383
1627454533,1508,212,356,0,2492,42173713
1627454576,1508,212,356,0,2492,42216043
1627454613,1508,212,356,0,2492,42258373
1627454614,1508,212,356,0,2492,42259393
1627454720,1511,212,356,0,2492,42302401
1627454818,1511,212,356,0,2492,42326691
1627454924,1511,212,356,0,2492,42354764
1627455031,1511,212,356,0,2492,42387344
1627455146,1511,212,356,0,2492,42423484
1627455227,1511,212,356,0,2492,42463095
1627455300,1511,212,356,0,2492,42503894
1627455359,1511,212,356,0,2492,42545484
1627455414,1511,212,356,0,2492,42587746
1627455461,1511,212,356,0,2492,42630518
1627455509,1511,212,356,0,2492,42673349
1627455554,1511,212,356,0,2492,42716189
1627455595,1511,212,356,0,2492,42759029
1627455633,1511,212,356,0,2492,42801869
1627455635,1511,212,356,0,2492,42802889
1627455742,1513,212,356,0,2492,42846409
1627455842,1513,212,356,0,2492,42871294
1627455925,1513,212,356,0,2492,42897602
1627456041,1513,212,356,0,2492,42930114
1627456141,1513,212,356,0,2492,42966215
1627456235,1513,212,356,0,2492,43005543
1627456309,1513,212,356,0,2492,43046123
1627456361,1513,212,356,0,2492,43087531
1627456414,1513,212,356,0,2492,43129455
1627456465,1513,212,356,0,2492,43171632
1627456511,1513,212,356,0,2492,43213958
1627456552,1513,212,356,0,2492,43256286
1627456594,1513,212,356,0,2492,43298616
1627456631,1513,212,356,0,2492,43340946
1627456632,1513,212,356,0,2492,43341966
1627456740,1514,212,356,0,2492,43384974
1627456835,1514,212,356,0,2492,43409445
1627456923,1514,212,356,0,2492,43434619
1627457033,1514,212,356,0,2492,43468527
1627457154,1514,212,356,0,2492,43505612
1627457235,1514,212,356,0,2492,43544176
1627457307,1514,212,356,0,2492,43584892
1627457367,1514,212,356,0,2492,43626907
1627457422,1514,212,356,0,2492,43669442
1627457472,1514,212,356,0,2492,43712181
1627457522,1514,212,356,0,2492,43755011
1627457563,1514,212,356,0,2492,43797850
1627457605,1514,212,356,0,2492,43840690
1627457643,1514,212,356,0,2492,43883530
1627457645,1514,212,356,0,2492,43884550
1627457749,1514,212,356,0,2492,43928070
1627457846,1514,212,356,0,2492,43954345
1627457918,1514,212,356,0,2492,43982231
1627458014,1514,212,356,0,2492,44015659
1627458112,1514,212,356,0,2492,44053145
1627458188,1514,212,356,0,2492,44092867
1627458256,1514,212,356,0,2492,44134024
1627458307,1514,212,356,0,2492,44176464
1627458352,1514,212,356,0,2492,44219480
1627458401,1514,212,356,0,2492,44262734
1627458445,1514,212,356,0,2492,44306064
1627458486,1514,212,356,0,2492,44349413
1627458527,1514,212,356,0,2492,44392763
1627458565,1514,212,356,0,2492,44436113
1627458566,1514,212,356,0,2492,44437133
1627458672,1515,212,356,0,2492,44481165
1627458768,1515,212,356,0,2492,44505490
1627458853,1515,212,356,0,2492,44530621
1627458970,1515,212,356,0,2492,44563859
1627459100,1515,212,356,0,2492,44600988
1627459191,1515,212,356,0,2492,44641149
1627459270,1515,212,356,0,2492,44683074
1627459328,1515,212,356,0,2492,44725117
1627459388,1516,212,356,0,2492,44768044
1627459441,1516,212,356,0,2492,44811265
1627459483,1516,212,356,0,2492,44854596
1627459525,1516,212,356,0,2492,44897946
1627459566,1516,212,356,0,2492,44941296
1627459604,1516,212,356,0,2492,44984646
1627459605,1516,212,356,0,2492,44985666
1627459713,1517,212,356,0,2492,45029698
1627459821,1517,212,356,0,2492,45056737
1627459900,1517,212,356,0,2492,45083557
1627459994,1517,212,356,0,2492,45116552
1627460092,1517,212,356,0,2492,45153406
1627460172,1517,212,356,0,2492,45192970
1627460252,1517,212,356,0,2492,45233734
1627460311,1517,212,356,0,2492,45275507
1627460365,1517,212,356,0,2492,45318032
1627460410,1517,212,356,0,2492,45360790
1627460456,1517,212,356,0,2492,45403601
1627460498,1517,212,356,0,2492,45446440
1627460540,1517,212,356,0,2492,45489280
1627460577,1517,212,356,0,2492,45532120
1627460579,1517,212,356,0,2492,45533140
1627460684,1519,212,356,0,2492,45576660
1627460792,1519,212,356,0,2492,45601466
1627460881,1519,212,356,0,2492,45627887
1627460985,1519,212,356,0,2492,45661349
1627461101,1519,212,356,0,2492,45698097
1627461191,1519,212,356,0,2492,45736959
1627461263,1519,212,356,0,2492,45776934
1627461326,1519,212,356,0,2492,45817731
1627461381,1519,212,356,0,2492,45859181
1627461429,1520,213,356,0,2500,45900865
1627461474,1520,213,356,0,2500,45942674
1627461513,1520,213,356,0,2500,45984492
1627461555,1520,213,356,0,2500,46026312
1627461592,1520,213,356,0,2500,46068132
1627461593,1520,213,356,0,2500,46069152
1627461698,1522,213,356,0,2500,46111648
1627461811,1522,213,356,0,2500,46138556
1627461925,1523,213,357,0,2500,46166016
1627462034,1523,213,357,0,2500,46199696
1627462149,1523,213,357,0,2500,46237368
1627462235,1523,213,357,0,2500,46276439
1627462302,1523,213,357,0,2500,46317258
1627462366,1523,213,357,0,2500,46358872
1627462423,1523,213,357,0,2500,46400872
1627462470,1523,213,357,0,2500,46443105
1627462512,1523,213,357,0,2500,46485420
1627462554,1523,213,357,0,2500,46527748
1627462597,1523,213,357,0,2500,46570078
1627462634,1523,213,357,0,2500,46612408
1627462636,1523,213,357,0,2500,46613428
1627462737,1526,213,357,0,2500,46656436
1627462845,1526,213,357,0,2500,46683631
1627462923,1526,213,357,0,2500,46709919
1627463013,1526,213,357,0,2500,46742429
1627463094,1526,213,357,0,2500,46778921
1627463168,1526,213,357,0,2500,46817653
1627463240,1526,213,357,0,2500,46858103
1627463297,1526,213,357,0,2500,46899525
1627463347,1526,213,357,0,2500,46941522
1627463392,1526,213,357,0,2500,46983768
1627463434,1526,213,357,0,2500,47026088
1627463476,1526,213,357,0,2500,47068418
1627463517,1527,213,357,0,2500,47110748
1627463554,1527,213,357,0,2500,47153078
1627463556,1527,213,357,0,2500,47154098
1627463662,1528,213,357,0,2500,47197106
1627463767,1528,213,357,0,2500,47225115
1627463857,1528,213,357,0,2500,47250052
1627463941,1528,213,357,0,2500,47281737
1627464031,1529,213,358,0,2500,47317733
1627464117,1529,213,358,0,2500,47356340
1627464189,1529,213,358,0,2500,47397067
1627464247,1529,213,358,0,2500,47438282
1627464297,1530,213,358,0,2500,47480282
1627464348,1530,213,358,0,2500,47522508
1627464390,1530,213,358,0,2500,47564829
1627464435,1530,213,358,0,2500,47607157
1627464474,1530,213,358,0,2500,47649487
1627464511,1530,213,358,0,2500,47691817
1627464512,1530,213,358,0,2500,47692837
1627464613,1532,213,358,0,2500,47735845
1627464715,1532,213,358,0,2500,47760385
1627464820,1532,213,358,0,2500,47785467
1627464925,1532,213,358,0,2500,47817837
1627465046,1532,213,358,0,2500,47854328
1627465133,1532,213,358,0,2500,47892391
1627465215,1533,213,359,0,2500,47932255
1627465277,1533,213,359,0,2500,47973133
1627465328,1533,213,359,0,2500,48014658
1627465378,1533,213,359,0,2500,48056419
1627465422,1533,213,359,0,2500,48098231
1627465466,1533,213,359,0,2500,48140051
1627465504,1533,213,359,0,2500,48181871
1627465541,1533,213,359,0,2500,48223691
1627465543,1533,213,359,0,2500,48224711
1627465648,1535,213,359,0,2500,48267207
1627465738,1535,213,359,0,2500,48291137
1627465812,1535,213,359,0,2500,48315072
1627465892,1535,213,359,0,2500,48345831
1627465986,1535,213,359,0,2500,48381420
1627466069,1535,213,359,0,2500,48419945
1627466138,1535,213,359,0,2500,48460105
