1627556426,21,5,0,0,2297,42
1627556448,34,16,0,0,2715,4479
1627556458,41,19,0,0,2719,9062
1627556470,44,19,0,0,2719,14288
1627556482,113,41,0,0,2897,19830
1627556497,147,46,0,0,2908,26085
1627556512,177,53,0,0,2953,32753
1627556527,245,74,0,0,3110,39745
1627556542,298,88,0,0,3161,46773
1627556557,335,105,0,0,3288,53881
1627556571,356,110,0,0,3297,60865
1627556586,369,116,0,1,3314,67846
1627556600,378,120,0,1,3323,73966
1627556612,381,121,0,1,3325,78556
1627556615,381,121,0,1,3325,79576
1627556630,454,158,0,1,3614,86744
1627556644,491,170,0,1,3655,93912
1627556659,522,178,0,1,3674,101080
1627556673,538,180,0,1,3676,108248
1627556687,546,181,0,1,3678,115416
1627556701,555,187,0,1,3713,122584
1627556815,561,189,1,1,3807,158472
1627556890,569,190,1,1,3842,193637
1627556991,584,193,1,1,3863,240989
1627557103,597,197,2,1,4340,293716
1627557226,609,200,2,1,4393,352603
1627557355,649,204,2,1,4468,414563
1627557485,658,208,2,1,4548,478132
1627557618,674,211,3,1,4569,541871
1627557759,679,215,3,1,4627,605621
1627557900,680,215,3,1,4627,668861
1627558040,682,215,3,1,4627,731591
1627558149,683,216,3,1,4628,781571
1627558224,685,217,3,1,4629,817271
1627558247,686,217,3,1,4629,827981
1627558381,744,232,3,1,4742,893517
1627558513,774,242,3,1,4780,959053
1627558646,794,243,3,2,4815,1024589
1627558778,810,250,4,2,4832,1090125
1627558910,827,256,4,2,4852,1155661
1627559047,857,266,4,2,4912,1200125
1627559142,878,273,4,2,5022,1243819
1627559256,891,277,4,2,5033,1296951
1627559394,910,282,5,2,5085,1361130
1627559542,922,287,5,2,5128,1430458
1627559697,930,292,5,2,5144,1503885
1627559853,948,299,5,2,5163,1578789
1627560004,963,308,5,2,5236,1652229
1627560153,971,311,5,2,5241,1725669
1627560303,977,312,5,2,5242,1798599
1627560462,983,314,5,2,5248,1870254
1627560584,986,316,5,2,5251,1924824
1627560675,991,320,5,2,5260,1960014
1627560697,996,320,5,2,5260,1969194
1627560855,1043,327,5,2,5272,2045994
1627561012,1068,333,5,2,5448,2122794
1627561169,1093,337,5,2,5464,2199594
1627561326,1110,340,6,2,5469,2276394
1627561502,1131,351,6,2,5503,2331634
1627561631,1136,355,6,2,5513,2390703
1627561776,1139,356,6,2,5530,2457545
1627561951,1166,368,6,2,5581,2539003
1627562153,1185,375,6,2,5615,2632949
1627562356,1215,380,6,2,5690,2729344
1627562561,1222,383,6,2,5696,2826711
1627562760,1226,383,7,2,5696,2921061
1627562963,1241,389,7,2,5727,3014901
1627563165,1246,390,7,2,5734,3108231
1627563368,1255,392,7,2,5761,3199776
1627563526,1257,393,7,2,5764,3273216
1627563617,1258,394,7,2,5772,3316056
1627563646,1258,394,7,2,5772,3329316
1627563851,1310,407,7,2,6128,3428644
1627564054,1346,418,7,2,6209,3527972
1627564257,1366,424,7,2,6238,3627300
1627564460,1384,431,7,2,6260,3726628
1627564663,1408,436,7,2,6278,3825956
1627564884,1428,444,9,2,6330,3896443
1627565038,1437,448,10,2,6407,3967297
1627565230,1448,448,11,2,6407,4055628
1627565459,1450,448,11,2,6407,4161398
1627565704,1465,456,11,2,6432,4275754
1627565949,1479,458,11,2,6457,4390775
1627566205,1486,461,11,2,6462,4505493
1627566455,1495,463,11,2,6469,4617693
1627566697,1501,463,11,2,6469,4728873
1627566929,1513,466,11,2,6487,4840053
1627567159,1521,468,11,2,6545,4950213
1627567346,1527,468,11,2,6545,5038953
1627567458,1530,469,11,2,6546,5091483
1627567493,1532,470,11,2,6559,5107803
1627567735,1601,485,12,2,6641,5225563
1627567977,1628,493,12,2,6662,5343323
1627568218,1668,507,12,2,6733,5461083
1627568458,1704,517,12,2,6804,5578843
1627568700,1721,524,12,3,6817,5696603
1627568973,1727,526,12,3,6832,5788030
1627569176,1730,526,12,3,6832,5881318
1627569426,1761,528,12,3,6834,5996677
1627569700,1774,538,13,3,6872,6123920
1627569988,1779,539,13,3,6873,6258462
1627570275,1793,540,13,3,6875,6393973
1627570563,1837,551,14,3,6916,6529075
1627570843,1865,558,14,3,6990,6660145
1627571123,1885,561,16,3,7000,6789171
1627571391,1907,567,16,3,7032,6916671
1627571659,1922,570,16,3,7041,7043151
1627571873,1931,576,16,3,7053,7145151
1627571982,1932,576,16,3,7053,7196661
1627572018,1932,576,16,3,7053,7213491
1627572305,1999,592,16,3,7547,7351731
1627572588,2039,601,16,3,7569,7489971
1627572873,2062,606,16,3,7614,7628211
1627573157,2086,612,17,3,7665,7766451
1627573441,2104,614,17,3,7673,7904691
1627573727,2118,616,17,3,7676,8000240
1627573937,2121,617,17,3,7680,8096725
1627574210,2128,618,17,3,7682,8222726
1627574502,2134,618,17,3,7682,8358933
1627574814,2147,619,17,3,7683,8500629
1627575118,2154,620,17,3,7687,8642752
1627575430,2157,621,17,3,7688,8784022
1627575727,2163,621,17,3,7688,8923252
1627576017,2179,624,17,3,7724,9059912
1627576299,2185,624,17,3,7724,9195062
1627576572,2200,626,17,3,7727,9326132
1627576791,2256,632,17,3,7756,9429152
1627576895,2260,632,17,3,7756,9478622
1627576925,2265,632,17,3,7756,9492392
1627577225,2311,641,17,3,7782,9637800
1627577524,2346,646,17,3,7852,9783208
1627577822,2368,648,17,3,7855,9928616
1627578121,2393,651,18,3,7865,10074024
1627578422,2397,651,18,3,7865,10173153
1627578646,2398,651,18,3,7865,10275220
1627578916,2401,652,18,3,7867,10398955
1627579222,2407,655,18,3,7872,10540315
1627579543,2412,656,19,4,7881,10689796
1627579864,2416,656,19,4,7881,10840177
1627580181,2423,656,19,4,7881,10989015
1627580503,2431,657,19,4,7882,11135875
1627580808,2445,658,19,4,7884,11279695
1627581114,2458,659,20,4,7895,11423515
1627581413,2472,663,20,4,7940,11566315
1627581654,2475,664,20,4,7942,11681065
1627581774,2476,665,20,4,7943,11737675
1627581805,2478,665,20,5,7943,11751445
1627582121,2509,666,20,5,7951,11904533
1627582436,2533,667,21,5,7952,12057621
1627582745,2533,667,21,5,7952,12159495
1627582972,2536,667,21,5,7952,12263014
1627583251,2541,672,21,5,8018,12391811
1627583567,2542,672,21,5,8018,12538353
1627583896,2543,672,21,5,8018,12691603
1627584232,2549,672,21,5,8018,12846397
1627584566,2554,672,22,5,8018,12999308
1627584887,2560,672,22,5,8018,13150740
1627585198,2564,674,22,5,8021,13298640
1627585509,2568,675,22,5,8047,13446540
1627585817,2577,675,22,5,8047,13593420
1627586068,2581,675,22,5,8047,13710717
1627586201,2585,675,22,5,8047,13771917
1627586231,2586,675,22,5,8047,13785687
1627586558,2614,682,22,5,8082,13943383
1627586885,2632,684,22,5,8101,14101079
1627587211,2642,685,22,5,8109,14258775
1627587536,2664,689,22,5,8121,14416471
1627587857,2665,689,22,5,8121,14521963
1627588087,2667,689,22,5,8121,14626903
1627588377,2669,689,22,5,8121,14760041
1627588698,2672,689,25,5,8121,14907314
1627589027,2680,691,25,5,8134,15059085
1627589359,2686,692,26,5,8135,15211212
1627589686,2688,693,26,5,8137,15361616
1627590001,2692,694,26,5,8139,15510523
1627590310,2699,695,26,5,8140,15656383
1627590614,2703,696,26,5,8204,15802243
1627590918,2707,698,26,5,8208,15946573
1627591161,2712,700,26,5,8211,16061739
1627591289,2715,701,26,5,8212,16120899
1627591323,2716,701,26,5,8212,16136199
1627591645,2753,710,26,5,8318,16291335
1627591965,2766,714,26,5,8341,16446471
1627592286,2778,717,27,5,8347,16601607
1627592606,2788,720,27,5,8374,16756743
1627592935,2792,720,27,5,8374,16865220
1627593178,2792,720,27,5,8374,16976141
1627593479,2795,722,27,5,8381,17115653
1627593813,2797,722,27,5,8381,17270478
1627594164,2828,731,27,5,8421,17434140
1627594521,2833,733,27,5,8424,17597734
1627594869,2841,736,27,5,8430,17758856
1627595209,2843,736,27,5,8430,17918486
1627595545,2870,744,27,5,8466,18075056
1627595873,2873,744,27,5,8466,18231626
1627596196,2876,745,27,5,8468,18385646
1627596458,2883,748,27,5,8471,18508538
1627596599,2883,748,27,5,8471,18573563
1627596643,2883,748,27,5,8471,18592943
1627596989,2923,755,27,5,8489,18759343
1627597333,2948,762,27,5,8879,18925743
1627597677,2964,764,28,5,8883,19092143
1627598023,2981,768,28,5,8894,19258543
1627598372,2981,768,28,5,8894,19374359
1627598634,2983,768,28,5,8894,19493474
1627598944,2988,768,28,5,8894,19636352
1627599287,2991,769,28,5,8896,19794471
1627599649,2999,770,28,5,8899,19960970
1627600010,3020,773,33,5,8918,20128175
1627600359,3020,773,33,5,8918,20292791
1627600712,3040,774,33,5,8945,20455991
1627601055,3043,774,33,5,8945,20615621
1627601395,3045,774,33,5,8945,20774741
1627601728,3047,774,33,5,8945,20932841
1627601990,3047,774,33,5,8945,21055715
1627602137,3050,777,33,5,8953,21123290
1627602179,3052,777,33,5,8953,21141650
1627602535,3126,791,35,5,9078,21311634
1627602890,3156,801,35,5,9135,21481618
1627603243,3179,807,35,5,9156,21651602
1627603596,3201,813,35,5,9239,21821586
1627603948,3218,817,36,5,9254,21991570
1627604325,3222,817,36,5,9254,22114911
1627604598,3224,818,36,5,9256,22239211
1627604938,3233,825,36,5,9308,22394908
1627605311,3236,826,36,5,9310,22567962
1627605698,3236,826,36,5,9310,22747328
1627606087,3260,829,36,5,9315,22927172
1627606469,3263,830,36,5,9316,23105136
1627606853,3268,831,36,5,9317,23281350
1627607227,3301,835,36,5,9325,23454240
1627607584,3309,836,37,5,9326,23622540
1627607938,3343,840,37,5,9378,23788800
1627608213,3358,844,37,5,9383,23918850
1627608370,3362,845,37,5,9384,23991015
1627608413,3364,845,37,5,9384,24009885
1627608794,3432,853,39,5,9429,24192669
1627609174,3461,857,39,5,9484,24375453
1627609554,3499,867,40,5,9525,24558237
1627609934,3524,873,40,5,9568,24741021
1627610314,3525,873,40,5,9568,24866824
1627610597,3529,874,40,5,9569,24995590
1627610945,3542,880,40,5,9586,25155084
1627611337,3545,881,40,5,9601,25335790
1627611743,3554,887,40,5,9624,25522381
1627612139,3563,890,40,5,9629,25709386
1627612530,3595,905,40,5,9669,25893976
1627612932,3597,906,40,5,9672,26077540
1627613324,3605,909,40,5,9675,26258590
1627613705,3610,909,40,5,9675,26435466
1627614071,3618,912,40,5,9690,26607336
1627614364,3639,916,40,5,9697,26742403
1627614532,3639,916,40,5,9697,26818138
1627614580,3643,919,40,5,9710,26839048
1627614982,3712,935,40,5,9768,27029512
1627615386,3754,942,41,5,9794,27219976
1627615785,3779,947,45,5,9807,27410440
1627616184,3801,951,46,5,9867,27600904
1627616583,3823,951,46,5,9867,27791368
1627617003,3823,951,46,5,9867,27927537
1627617298,3823,951,46,5,9867,28060637
1627617676,3829,952,46,5,9870,28232126
1627618084,3830,952,47,5,9870,28420892
1627618512,3837,954,47,5,9874,28617825
1627618935,3844,958,47,5,9884,28814537
1627619355,3853,960,47,5,9888,29008817
1627619776,3857,960,47,5,9888,29201850
1627620188,3866,960,47,5,9888,29392590
1627620584,3880,961,47,5,9890,29577720
1627620977,3901,964,47,5,9901,29757750
1627621290,3902,964,47,5,9901,29899530
1627621477,3903,964,47,5,9901,29979855
1627621523,3903,964,47,5,9901,30000255
1627621946,3951,974,50,5,9938,30200447
1627622369,3976,979,50,5,9949,30400639
1627622791,4009,982,50,5,9956,30600831
1627623213,4029,983,52,5,9958,30801023
1627623629,4031,985,52,5,9965,30938132
1627623930,4031,985,52,5,9965,31075596
1627624304,4031,985,52,5,9965,31246980
1627624714,4049,985,52,5,9965,31436656
1627625141,4053,985,52,5,9965,31636730
1627625572,4056,986,52,5,9966,31836374
1627625997,4058,987,52,5,9973,32033712
1627626422,4065,990,52,5,9995,32230026
1627626841,4070,990,52,5,9995,32423826
1627627260,4072,990,52,5,9995,32613546
1627627663,4075,990,52,5,9995,32798166
1627627992,4079,990,52,5,9995,32944518
1627628186,4079,990,52,5,9995,33026373
1627628233,4079,990,52,5,9995,33045753
1627628669,4126,993,52,5,10010,33249529
1627629108,4143,994,53,5,10011,33453305
1627629542,4163,997,54,5,10017,33657081
1627629951,4165,997,54,5,10017,33788696
1627630256,4166,997,55,5,10017,33925300
1627630652,4167,997,56,5,10017,34100379
1627631070,4170,997,58,5,10017,34292863
1627631513,4179,997,58,5,10017,34493971
1627631942,4186,1002,58,5,10028,34694196
1627632368,4186,1002,58,5,10028,34891921
1627632793,4190,1002,58,5,10028,35088749
1627633211,4192,1003,58,5,10033,35283059
1627633623,4197,1003,58,5,10033,35473289
1627634032,4202,1004,58,5,10037,35658419
1627634356,4207,1005,58,5,10039,35805278
1627634547,4213,1008,58,5,10052,35888663
1627634592,4213,1008,58,5,10052,35908043
1627635025,4245,1011,60,5,10063,36112331
1627635457,4256,1011,61,5,10063,36316619
1627635889,4273,1016,61,5,10088,36520907
1627636310,4273,1016,61,5,10088,36657987
1627636625,4274,1016,62,5,10088,36797174
1627637009,4274,1016,62,5,10088,36969880
1627637440,4274,1016,62,5,10088,37165661
1627637878,4276,1017,62,5,10092,37368158
1627638314,4287,1017,63,5,10092,37571527
1627638746,4289,1017,63,5,10092,37772435
1627639183,4289,1017,63,5,10092,37972345
1627639610,4313,1026,66,5,10119,38169205
1627640027,4315,1027,66,5,10121,38361475
1627640437,4316,1028,66,5,10123,38548135
1627640763,4320,1030,66,5,10126,38696017
1627640965,4322,1030,66,5,10126,38781442
1627641011,4323,1030,66,5,10126,38801842
1627641452,4350,1037,66,5,10164,39008690
1627641895,4365,1038,66,5,10165,39215538
1627642336,4374,1041,68,5,10172,39422386
1627642777,4384,1042,68,5,10173,39629234
