1627467480,17,6,0,0,1553,42
1627467504,25,12,0,0,1875,4911
1627467513,30,14,0,0,1878,9735
1627467525,40,22,0,0,1921,15546
1627467537,63,29,0,0,1938,21874
1627467551,91,40,0,0,1995,28899
1627467566,163,60,0,0,2154,36085
1627467581,195,72,0,0,2217,43557
1627467596,246,85,0,0,2327,51136
1627467612,287,108,0,0,2395,58764
1627467627,309,116,0,0,2419,66315
1627467642,318,120,0,1,2433,73825
1627467656,331,127,0,1,2455,80455
1627467669,332,127,0,1,2455,85555
1627467673,333,127,0,1,2455,87085
1627467688,409,153,0,1,2680,94765
1627467703,442,166,0,1,2732,102445
1627467718,462,171,0,1,2750,110125
1627467733,471,176,0,1,2764,117805
1627467748,488,179,0,1,2769,125485
1627467763,496,182,0,1,2777,133165
1627467877,514,185,0,1,2795,172192
1627467962,542,188,0,1,2803,213140
1627468065,554,190,0,1,2828,262757
1627468177,578,192,1,1,2836,317424
1627468298,587,194,1,1,2842,377094
1627468424,621,200,1,1,2857,438559
1627468545,634,202,1,1,2859,499759
1627468665,654,206,1,1,2865,560959
1627468786,679,216,2,1,3006,622159
1627468905,682,219,2,1,3014,683359
1627469035,682,219,2,1,3014,744559
1627469134,686,220,2,1,3016,791989
1627469227,691,224,2,1,3062,830239
1627469254,691,224,2,1,3062,840439
1627469376,748,237,2,1,3158,902903
1627469498,774,245,2,1,3249,965367
1627469620,790,250,2,1,3270,1027831
1627469742,803,251,2,1,3273,1090295
1627469866,809,252,2,1,3274,1152759
1627470000,828,257,2,1,3321,1198586
1627470097,847,261,2,1,3338,1244725
1627470209,852,263,2,1,3340,1298778
1627470330,857,264,2,1,3342,1357106
1627470470,866,265,2,1,3347,1424278
1627470613,878,266,3,1,3357,1493498
1627470756,888,272,3,1,3367,1562879
1627470899,898,274,3,1,3377,1632235
1627471043,908,278,3,1,3436,1701085
1627471192,919,283,3,1,3565,1769935
1627471338,940,291,3,1,3634,1837765
1627471451,945,293,3,1,3646,1891825
1627471540,947,295,3,1,3659,1934155
1627471559,947,295,3,1,3659,1943335
1627471702,977,305,3,1,3708,2015015
1627471846,992,307,3,1,3713,2086695
1627471986,1007,309,3,1,3718,2158375
1627472126,1022,312,3,1,3739,2230055
1627472272,1034,318,3,1,3752,2279150
1627472380,1035,318,3,1,3752,2331223
1627472514,1035,318,3,1,3752,2395258
1627472662,1047,319,4,1,3754,2466589
1627472817,1055,323,4,1,3775,2542840
1627472976,1077,331,4,1,3829,2622401
1627473137,1084,334,4,1,3855,2702392
1627473296,1090,337,4,1,3863,2781952
1627473459,1095,339,5,1,3872,2861512
1627473624,1101,343,5,1,3880,2940562
1627473796,1117,346,5,1,3886,3019102
1627473929,1122,348,5,1,3891,3080302
1627474032,1125,348,5,1,3891,3129262
1627474057,1125,348,5,1,3891,3140992
1627474223,1166,354,5,1,3913,3223936
1627474388,1183,358,5,1,3967,3306880
1627474552,1199,359,5,1,3971,3389824
1627474717,1208,361,5,1,3973,3472768
1627474874,1212,364,5,1,3983,3525585
1627474991,1213,364,5,1,3983,3581089
1627475126,1215,364,5,1,3983,3646093
1627475280,1215,364,5,1,3983,3719658
1627475455,1221,365,6,1,3999,3802596
1627475637,1230,369,6,1,4048,3888402
1627475814,1240,370,6,1,4051,3973333
1627475991,1248,371,6,1,4057,4057483
1627476164,1258,374,6,1,4064,4141633
1627476337,1264,376,6,1,4080,4224763
1627476504,1279,377,7,1,4081,4307893
1627476634,1289,382,7,1,4166,4372153
1627476734,1291,384,7,1,4176,4420093
1627476761,1291,384,7,1,4176,4433353
1627476937,1335,392,7,1,4207,4521929
1627477109,1352,396,8,1,4248,4610505
1627477283,1367,401,8,1,4265,4699081
1627477457,1374,402,8,1,4293,4787657
1627477639,1376,403,8,1,4309,4848785
1627477771,1376,403,8,1,4309,4911975
1627477931,1381,404,8,1,4319,4987492
1627478114,1384,406,8,1,4321,5074427
1627478311,1392,410,8,1,4339,5167749
1627478512,1398,413,8,1,4346,5264572
1627478711,1419,423,8,1,4390,5359794
1627478905,1436,425,8,1,4399,5454909
1627479096,1441,426,8,1,4402,5549259
1627479286,1446,429,8,1,4417,5643099
1627479477,1456,433,8,1,4426,5736939
1627479629,1468,435,8,1,4443,5811399
1627479742,1473,436,8,1,4445,5866989
1627479773,1473,436,8,1,4445,5881779
1627479970,1498,445,8,1,4464,5981619
1627480169,1511,447,8,1,4472,6081459
1627480368,1522,449,8,1,4492,6181299
1627480567,1536,450,8,1,4559,6281139
1627480757,1537,450,8,1,4559,6347226
1627480893,1541,450,8,1,4559,6412254
1627481054,1541,450,8,1,4559,6489215
1627481234,1542,450,8,1,4559,6576385
1627481437,1553,451,8,1,4561,6672654
1627481645,1560,452,8,1,4562,6771701
1627481846,1564,452,8,1,4562,6869996
1627482050,1569,452,8,1,4562,6968172
1627482250,1584,459,8,1,4670,7066092
1627482449,1596,459,8,1,4670,7162992
1627482644,1602,461,8,1,4674,7259382
1627482801,1604,462,8,1,4685,7336392
1627482920,1616,462,8,1,4685,7394532
1627482948,1616,462,8,1,4685,7408302
1627483152,1627,465,8,1,4699,7511726
1627483358,1646,470,8,1,4710,7615150
1627483564,1650,472,8,1,4718,7718574
1627483783,1650,472,8,1,4718,7793250
1627483940,1650,472,8,1,4718,7868628
1627484127,1650,472,8,1,4718,7957149
1627484345,1651,472,9,1,4718,8061448
1627484580,1653,473,9,1,4748,8173309
1627484814,1655,474,9,1,4750,8286501
1627485046,1659,476,9,1,4757,8397681
1627485277,1663,476,9,1,4757,8508097
1627485502,1666,477,9,1,4759,8618257
1627485727,1669,477,9,1,4759,8727907
1627485951,1673,478,9,1,4761,8837047
1627486129,1675,479,9,1,4763,8924767
1627486267,1677,479,9,1,4763,8992597
1627486296,1677,479,9,1,4763,9006877
1627486528,1696,486,9,1,4899,9124125
1627486761,1705,490,9,1,4908,9241373
1627486990,1718,495,9,1,4943,9358621
1627487221,1724,495,9,1,4943,9475869
1627487439,1725,496,9,1,4947,9550446
1627487590,1726,496,10,1,4947,9622754
1627487775,1726,496,10,1,4947,9711681
1627487992,1731,500,10,1,4954,9816327
1627488230,1732,501,10,1,4957,9928217
1627488468,1734,502,10,1,4960,10041344
1627488693,1737,502,10,1,4960,10152494
1627488923,1738,503,10,1,4962,10262991
1627489150,1742,503,10,1,4962,10373151
1627489373,1744,503,10,1,4962,10482801
1627489594,1754,510,10,1,4974,10591431
1627489778,1757,510,10,1,4974,10680171
1627489921,1758,510,10,1,4974,10750041
1627489951,1758,510,10,1,4974,10764321
1627490186,1765,510,10,1,4974,10881569
1627490407,1765,510,10,1,4974,10958556
1627490577,1766,510,11,1,4974,11038968
1627490780,1766,510,11,1,4974,11136080
1627491010,1766,510,11,1,4974,11247810
1627491256,1767,510,11,1,4974,11365922
1627491506,1769,510,11,1,4974,11485829
1627491754,1771,511,11,1,4975,11604040
1627491994,1774,512,11,1,4977,11721850
1627492232,1774,512,11,1,4977,11839150
1627492471,1776,513,11,1,4978,11955940
1627492705,1778,513,11,1,4978,12072220
1627492902,1778,513,11,1,4978,12169630
1627493060,1780,513,11,1,4978,12247150
1627493092,1785,518,11,1,4986,12261940
1627493337,1793,520,11,1,5021,12386356
1627493584,1806,523,11,1,5031,12510772
1627493831,1809,524,11,1,5033,12635188
1627494060,1809,524,11,1,5033,12715857
1627494226,1809,524,11,1,5033,12795024
1627494433,1810,524,11,1,5033,12893386
1627494669,1812,524,11,1,5033,13005915
1627494926,1817,526,11,1,5053,13128749
1627495185,1823,530,11,1,5126,13251521
1627495439,1825,530,11,1,5126,13372391
1627495687,1828,531,12,1,5139,13492606
1627495931,1835,535,12,1,5157,13612456
1627496176,1838,536,12,1,5161,13731796
1627496419,1841,536,12,1,5161,13850626
1627496621,1844,537,12,1,5163,13949566
1627496789,1847,538,12,1,5165,14031166
1627496829,1847,538,12,1,5165,14050546
1627497085,1859,540,13,1,5170,14177522
1627497336,1866,541,13,1,5172,14304498
1627497586,1872,541,13,1,5172,14431474
1627497828,1874,541,13,1,5172,14517460
1627497999,1874,541,13,1,5172,14601027
1627498208,1886,541,13,1,5172,14702470
1627498444,1886,541,13,1,5172,14818365
1627498703,1888,541,13,1,5172,14942654
1627498960,1893,541,13,1,5172,15068173
1627499216,1900,545,13,1,5176,15191574
1627499473,1915,545,13,1,5176,15314196
1627499722,1921,547,13,1,5181,15436596
1627499972,1925,548,14,1,5186,15558486
1627500221,1937,549,14,1,5197,15679356
1627500427,1944,549,14,1,5197,15779826
1627500599,1949,549,14,1,5197,15863466
1627500634,1949,549,14,1,5197,15880296
1627500894,1961,555,14,1,5364,16009832
1627501152,1968,557,14,1,5380,16139368
1627501409,1975,558,14,1,5381,16268904
1627501667,1982,559,14,1,5382,16398440
1627501915,1982,559,14,1,5382,16483237
1627502090,1983,559,14,1,5382,16566047
1627502312,1983,559,14,1,5382,16671349
1627502568,1988,561,14,1,5390,16790856
1627502836,1988,561,14,1,5390,16918145
1627503103,1993,564,14,1,5395,17046322
1627503366,1999,565,14,1,5397,17172802
1627503625,2005,565,14,1,5397,17298483
1627503882,2018,573,14,1,5431,17423943
1627504138,2039,582,14,1,5463,17548383
1627504388,2044,585,14,1,5486,17672313
1627504593,2049,588,14,1,5498,17774313
1627504772,2057,590,14,1,5506,17861013
1627504809,2057,590,14,1,5506,17878863
1627505074,2087,595,14,1,5519,18011471
1627505335,2096,596,14,1,5520,18144079
1627505600,2108,596,14,1,5520,18276687
1627505862,2126,597,15,1,5521,18409295
1627506136,2126,597,15,1,5521,18496156
1627506316,2138,599,15,1,5525,18581475
1627506539,2138,599,15,1,5525,18686308
1627506785,2142,600,15,1,5526,18804548
1627507058,2144,600,15,1,5526,18934159
1627507334,2145,600,15,1,5526,19065019
1627507599,2146,600,15,1,5526,19193939
1627507866,2149,600,15,1,5526,19322349
1627508135,2151,600,15,1,5526,19449849
1627508392,2153,600,15,1,5526,19576329
1627508650,2166,601,15,1,5527,19702299
1627508857,2170,601,15,1,5527,19803279
1627509031,2174,601,15,1,5527,19887939
1627509072,2175,601,15,1,5527,19907829
1627509344,2202,602,15,1,5532,20042997
1627509618,2215,603,15,1,5533,20178165
1627509869,2215,603,15,1,5533,20264033
1627510056,2216,603,15,1,5533,20352057
1627510279,2217,603,15,1,5533,20458323
1627510537,2219,603,15,1,5533,20579981
1627510814,2220,603,15,1,5533,20710149
1627511084,2223,603,15,1,5533,20840133
1627511352,2223,603,15,1,5533,20968651
1627511615,2226,604,15,1,5534,21096406
1627511879,2228,604,15,1,5534,21223396
1627512134,2233,606,15,1,5537,21349366
1627512387,2235,606,15,1,5537,21474316
1627512590,2238,607,15,1,5546,21574786
1627512765,2238,607,15,1,5546,21659446
1627512805,2239,607,15,1,5546,21678826
1627513073,2259,607,15,1,5546,21813482
1627513335,2259,607,15,1,5546,21904614
1627513519,2259,607,15,1,5546,21991668
1627513747,2260,607,15,1,5546,22099081
1627514002,2267,607,15,1,5546,22221229
1627514280,2267,607,15,1,5546,22351859
1627514556,2267,607,15,1,5546,22483157
1627514825,2269,607,15,1,5546,22612160
1627515094,2273,608,15,1,5606,22740611
1627515357,2276,608,15,1,5606,22868111
1627515619,2277,608,15,1,5606,22995101
1627515876,2277,608,15,1,5606,23121071
1627516086,2285,611,15,1,5624,23223071
1627516259,2290,612,16,1,5625,23308751
1627516295,2290,612,16,1,5625,23326091
1627516565,2303,613,16,1,5626,23461259
1627516839,2310,614,16,1,5632,23596427
1627517096,2310,614,16,1,5632,23685001
1627517279,2310,614,16,1,5632,23772740
1627517499,2310,614,16,1,5632,23877769
1627517759,2310,614,16,1,5632,24001341
1627518028,2311,614,17,1,5632,24129557
1627518302,2311,614,17,1,5632,24259487
1627518568,2313,614,18,1,5632,24387447
1627518828,2314,614,18,1,5632,24514749
1627519088,2314,614,18,1,5632,24641229
1627519346,2315,614,18,1,5632,24767199
1627519600,2315,614,18,1,5632,24892149
1627519810,2316,614,18,1,5632,24995169
1627519989,2318,615,18,1,5634,25081359
1627520026,2318,615,18,1,5634,25098699
1627520293,2325,615,18,1,5634,25232843
1627520551,2325,615,18,1,5634,25320978
1627520733,2325,615,18,1,5634,25405855
1627520958,2325,615,18,1,5634,25512080
1627521213,2325,615,18,1,5634,25632841
1627521485,2325,615,18,1,5634,25761224
1627521756,2327,615,18,1,5634,25890619
1627522024,2329,615,18,1,5634,26018117
1627522288,2329,615,18,1,5634,26145025
1627522549,2334,615,18,1,5634,26270995
1627522809,2335,615,18,1,5634,26396455
1627523062,2337,615,18,1,5634,26520895
1627523273,2337,615,18,1,5634,26623405
1627523450,2337,615,18,1,5634,26709085
1627523488,2337,615,18,1,5634,26727445
1627523755,2345,616,18,1,5641,26861077
1627524023,2351,616,18,1,5641,26994709
1627524279,2351,616,18,1,5641,27081879
1627524461,2351,616,18,1,5641,27168546
1627524685,2351,616,18,1,5641,27275026
1627524934,2351,616,18,1,5641,27394109
1627525205,2351,616,18,1,5641,27523321
1627525478,2353,618,18,1,5665,27653841
1627525744,2353,618,18,1,5665,27781851
1627526011,2353,618,18,1,5665,27909271
1627526269,2354,618,18,1,5665,28035751
1627526525,2356,618,18,1,5665,28161721
1627526780,2356,618,18,1,5665,28286671
1627526990,2356,618,18,1,5665,28389691
1627527170,2356,618,18,1,5665,28475881
1627527208,2357,618,18,1,5665,28493731
1627527475,2366,618,18,1,5665,28627875
1627527734,2366,618,18,1,5665,28716724
1627527919,2366,618,18,1,5665,28802859
1627528142,2366,618,18,1,5665,28908444
1627528403,2367,618,18,1,5665,29031761
1627528681,2368,618,18,1,5665,29161454
1627528958,2369,618,18,1,5665,29291915
1627529228,2369,618,18,1,5665,29420866
1627529494,2371,618,19,1,5665,29549207
1627529757,2372,618,19,1,5665,29676707
1627530015,2372,618,19,1,5665,29803187
1627530275,2373,619,19,1,5666,29928647
1627530488,2373,619,19,1,5666,30032687
1627530666,2373,619,19,1,5666,30119897
1627530704,2374,619,19,1,5666,30138257
1627530971,2383,620,19,1,5667,30272913
1627531240,2390,622,19,1,5669,30407569
1627531493,2390,622,19,1,5669,30494250
1627531676,2390,622,19,1,5669,30581881
1627531899,2390,622,19,1,5669,30687683
1627532161,2390,622,19,1,5669,30811728
1627532434,2391,622,20,1,5669,30941376
1627532706,2391,622,20,1,5669,31071892
1627532976,2393,623,20,1,5676,31200922
1627533239,2393,623,20,1,5676,31329330
1627533504,2394,623,20,1,5676,31456830
1627533767,2394,623,20,1,5676,31583820
1627534023,2394,623,20,1,5676,31710300
1627534237,2394,623,20,1,5676,31814340
1627534419,2394,623,20,1,5676,31902570
1627534458,2394,623,20,1,5676,31921440
1627534730,2394,623,20,1,5676,32056608
1627535004,2394,623,20,1,5676,32140801
1627535184,2394,623,20,1,5676,32224685
1627535403,2394,623,20,1,5676,32327435
1627535663,2394,623,20,1,5676,32450486
1627535939,2394,623,20,1,5676,32580966
1627536212,2394,623,20,1,5676,32710918
1627536484,2408,628,20,1,5773,32839409
1627536750,2409,628,20,1,5773,32967232
1627537014,2410,628,20,1,5773,33094222
1627537271,2410,628,20,1,5773,33220702
1627537522,2410,628,20,1,5773,33346162
1627537736,2425,639,20,1,5862,33449692
1627537916,2425,639,20,1,5862,33537922
1627537956,2425,639,20,1,5862,33557302
1627538224,2430,639,20,1,5862,33691958
1627538479,2430,639,20,1,5862,33777499
1627538662,2445,653,20,1,5969,33863898
1627538886,2446,654,20,1,5974,33971138
1627539148,2446,654,20,1,5974,34094396
1627539429,2451,658,20,1,5990,34226419
1627539711,2455,660,20,1,5994,34360956
1627539988,2456,660,20,1,5994,34494524
1627540264,2462,665,20,1,6010,34627399
1627540535,2463,665,20,1,6010,34759489
1627540805,2463,665,20,1,6010,34890559
1627541071,2485,680,20,1,6159,35020099
1627541292,2493,686,20,1,6181,35127709
1627541486,2504,690,20,1,6202,35222059
1627541527,2504,690,20,1,6202,35241439
1627541808,2510,691,20,1,6203,35380703
1627542086,2517,692,20,1,6204,35519967
1627542385,2517,692,20,1,6204,35623511
1627542601,2517,692,20,1,6204,35724269
1627542856,2529,698,20,1,6233,35846361
1627543148,2538,702,20,1,6241,35985879
1627543461,2547,710,20,1,6261,36134177
1627543775,2551,713,20,1,6298,36284822
1627544084,2561,720,20,1,6352,36434003
1627544394,2571,729,20,1,6382,36582629
1627544695,2573,730,20,1,6385,36730529
1627544995,2591,743,20,1,6420,36877919
1627545294,2600,744,20,1,6427,37024289
1627545549,2603,746,20,1,6436,37149239
1627545778,2605,747,20,1,6439,37260419
1627545819,2605,747,20,1,6439,37279799
1627546130,2610,748,20,1,6442,37435447
1627546440,2613,748,20,1,6442,37591095
1627546777,2614,749,20,1,6446,37707646
1627547004,2621,756,20,1,6489,37815968
1627547299,2631,764,20,1,6504,37956864
1627547633,2635,766,20,1,6517,38114915
1627547981,2655,780,20,1,6566,38280476
1627548329,2660,782,20,1,6572,38446796
1627548674,2666,785,20,1,6582,38612032
1627549017,2673,790,20,1,6598,38776584
1627549354,2687,799,20,1,6624,38940294
1627549691,2695,806,20,1,6657,39103494
1627550020,2702,811,20,1,6666,39264654
1627550304,2714,814,20,1,6682,39403374
1627550563,2726,822,20,1,6723,39528834
1627550603,2726,822,20,1,6723,39547704
1627550943,2735,825,20,1,6732,39719224
1627551282,2740,825,20,1,6732,39890744
1627551623,2752,826,21,1,6734,40062264
1627551951,2752,826,21,1,6734,40175643
1627552193,2758,832,21,1,6752,40289990
1627552476,2758,832,21,1,6752,40424554
1627552785,2758,832,21,1,6752,40572545
1627553135,2759,832,21,1,6752,40737229
1627553483,2761,833,21,1,6754,40903603
1627553827,2761,833,21,1,6754,41068269
