1627467480,38,23,0,0,3021,42
1627467528,116,51,1,0,3552,8184
1627467563,218,58,1,0,3579,15868
1627467597,336,68,3,0,3614,24167
1627467636,562,95,3,0,3735,33649
1627467679,704,112,3,0,3810,44167
1627467718,803,137,3,0,3901,55573
1627467763,1006,178,4,0,4122,67380
1627467801,1154,223,5,0,4353,79769
1627467833,1238,247,7,0,4616,92446
1627467862,1264,252,7,0,4654,105056
1627467892,1278,261,7,1,4683,117806
1627467921,1283,264,7,1,4696,129536
1627467948,1283,264,7,1,4696,139226
1627467953,1283,264,7,1,4696,141266
1627467984,1385,294,7,2,4865,154066
1627468016,1428,298,8,2,4916,166866
1627468047,1468,307,9,2,4972,179666
1627468078,1489,309,10,2,4983,192466
1627468110,1511,314,10,2,5001,205266
1627468141,1533,317,11,2,5015,218066
1627468379,1542,319,12,2,5021,271119
1627468572,1555,324,13,2,5027,325575
1627468795,1585,327,19,2,5036,388192
1627469045,1616,332,37,2,5059,461787
1627469284,1635,335,42,2,5088,540338
1627469523,1667,337,48,2,5094,620656
1627469763,1746,342,84,2,5170,703270
1627469970,1764,349,84,2,5189,785890
1627470161,1764,349,84,2,5189,868510
1627470349,1769,351,84,2,5237,951130
1627470537,1773,353,84,2,5257,1033750
1627470706,1774,354,84,2,5298,1107190
1627470848,1776,355,84,2,5300,1168900
1627470881,1778,356,84,2,5302,1182670
1627471083,1849,367,88,2,5361,1266638
1627471284,1904,378,88,2,5454,1350606
1627471488,1942,381,90,2,5460,1434574
1627471693,1972,386,91,2,5471,1518542
1627471897,2002,390,93,2,5483,1602510
1627472210,2015,390,101,2,5483,1661055
1627472436,2042,397,119,2,5508,1717171
1627472725,2067,399,122,2,5512,1789033
1627473035,2084,400,124,2,5519,1871318
1627473362,2121,405,136,2,5527,1962540
1627473673,2151,411,142,2,5571,2056842
1627473927,2166,415,144,2,5620,2151192
1627474159,2173,418,144,2,5628,2245287
1627474387,2192,422,144,2,5677,2339127
1627474605,2193,423,144,2,5679,2432967
1627474819,2195,424,144,2,5680,2526297
1627475014,2196,424,144,2,5680,2610447
1627475172,2201,426,144,2,5683,2679297
1627475222,2204,428,144,2,5687,2700207
1627475455,2292,445,151,2,5761,2795951
1627475690,2334,449,153,2,5816,2891695
1627475925,2350,450,154,2,5818,2987439
1627476157,2369,452,156,2,5931,3083183
1627476390,2393,453,158,2,6038,3178927
1627476699,2405,457,161,2,6056,3244057
1627476963,2411,458,162,2,6057,3309757
1627477280,2421,460,166,2,6060,3395278
1627477619,2426,460,166,2,6060,3486637
1627477959,2433,462,169,2,6068,3587413
1627478278,2440,464,169,2,6072,3690822
1627478570,2456,470,172,2,6092,3794306
1627478817,2477,479,172,2,6155,3896816
1627479066,2484,484,172,2,6168,3999326
1627479306,2487,486,172,2,6174,4101326
1627479542,2522,501,172,2,6325,4201286
1627479750,2524,502,172,2,6326,4290536
1627479936,2532,502,172,2,6326,4371116
1627479996,2532,502,172,2,6326,4396616
1627480255,2588,509,174,2,6358,4501576
1627480514,2618,514,175,2,6367,4606536
1627480770,2635,515,175,2,6369,4711496
1627481028,2645,519,178,2,6379,4816456
1627481328,2647,519,179,2,6379,4883805
1627481606,2648,519,180,2,6379,4953911
1627481916,2654,519,181,2,6379,5039506
1627482270,2664,521,182,2,6387,5138443
1627482622,2681,522,184,2,6390,5245485
1627482950,2687,524,186,2,6397,5355354
1627483232,2711,529,186,2,6404,5465769
1627483496,2716,532,186,2,6431,5575419
1627483750,2732,534,186,2,6434,5684559
1627484008,2737,535,186,2,6435,5793189
1627484258,2753,546,186,2,6547,5899765
1627484486,2757,547,186,2,6549,5996665
1627484689,2759,547,186,2,6549,6084385
1627484750,2761,547,186,2,6549,6109885
1627485025,2820,556,188,2,6631,6222013
1627485301,2845,564,190,2,6652,6334141
1627485573,2869,566,190,2,6656,6446269
1627485847,2888,572,191,2,6676,6558397
1627486146,2890,572,191,2,6676,6630760
1627486425,2892,572,191,2,6676,6707348
1627486755,2901,574,191,2,6689,6799288
1627487126,2904,575,191,2,6692,6908347
1627487506,2920,578,192,2,6721,7026591
1627487826,2922,578,192,2,6721,7147882
1627488143,2948,591,193,2,6836,7270170
1627488440,2988,597,193,2,6867,7390526
1627488724,2999,603,194,2,6876,7510376
1627489011,3005,605,195,2,6884,7630226
1627489283,3022,614,195,2,6921,7747526
1627489528,3026,614,195,2,6921,7854116
1627489744,3035,615,195,2,6924,7946426
1627489813,3036,616,195,2,6927,7974986
1627490118,3089,630,195,2,6979,8099402
1627490420,3131,637,195,2,7016,8223818
1627490724,3155,641,197,2,7038,8348234
1627491026,3173,645,197,2,7045,8472650
1627491329,3203,651,197,2,7083,8597066
1627491688,3204,652,197,2,7085,8681190
1627491996,3208,655,197,2,7096,8770112
1627492355,3216,655,204,2,7096,8876515
1627492752,3216,655,204,2,7096,8997010
1627493184,3218,656,204,2,7100,9129270
1627493576,3233,659,212,2,7110,9262874
1627493929,3257,662,216,2,7133,9396698
1627494246,3277,665,216,2,7145,9529247
1627494569,3291,668,216,2,7174,9661847
1627494884,3311,672,218,2,7185,9794447
1627495188,3348,680,218,2,7284,9925466
1627495472,3391,684,219,2,7300,10045826
1627495717,3418,684,219,2,7300,10151396
1627495798,3420,684,219,2,7300,10185566
1627496134,3464,694,219,2,7339,10322782
1627496473,3526,703,219,2,7360,10459998
1627496807,3539,706,219,2,7366,10597214
1627497145,3565,708,224,2,7380,10734430
1627497524,3566,709,224,2,7381,10826389
1627497841,3568,709,225,2,7381,10920928
1627498210,3572,711,225,2,7386,11030681
1627498649,3578,713,226,2,7389,11159519
1627499100,3587,714,226,2,7391,11304317
1627499536,3590,716,226,2,7395,11452466
1627499914,3596,719,226,2,7407,11600054
1627500269,3609,727,226,2,7443,11746424
1627500626,3639,733,226,2,7458,11892794
1627500983,3687,739,227,2,7471,12038654
1627501332,3757,750,227,2,7520,12182724
1627501649,3821,756,227,2,7531,12313284
1627501928,3849,757,227,2,7533,12429054
1627502016,3853,757,227,2,7533,12465264
1627502405,3888,765,229,2,7568,12617328
1627502790,3907,768,231,2,7578,12769392
1627503174,3922,771,231,2,7666,12921456
1627503564,3943,774,232,2,7679,13073520
1627503992,3947,774,233,2,7679,13173256
1627504316,3947,774,233,2,7679,13268227
1627504721,3949,774,234,2,7679,13385450
1627505159,3950,774,234,2,7679,13515213
1627505612,3955,775,234,2,7748,13661864
1627506026,3959,775,234,2,7748,13814210
1627506412,3975,777,235,2,7777,13967669
1627506790,3984,777,235,2,7777,14120108
1627507158,3991,778,235,2,7779,14272598
1627507528,4000,782,235,2,7817,14424068
1627507892,4042,786,235,2,7832,14573450
1627508219,4097,795,237,2,7861,14707070
1627508514,4129,803,239,2,7887,14823350
1627508603,4131,803,239,2,7887,14859050
1627509016,4173,808,240,2,7968,15016746
1627509433,4193,813,240,2,8028,15174442
1627509852,4210,814,242,2,8029,15332138
1627510265,4228,817,242,2,8041,15489834
1627510706,4230,817,244,2,8041,15589859
1627511053,4230,817,244,2,8041,15687563
1627511467,4231,817,245,2,8041,15804519
1627511929,4232,818,245,2,8102,15943654
1627512391,4249,818,245,2,8102,16088506
1627512829,4250,819,245,2,8103,16243331
1627513210,4261,826,245,2,8133,16397606
1627513585,4267,827,245,2,8136,16550606
1627513957,4276,829,246,2,8140,16703606
1627514334,4298,845,246,2,8180,16855586
1627514708,4322,851,246,2,8193,17006036
1627515056,4361,862,246,2,8222,17142716
1627515364,4379,862,246,2,8222,17262056
1627515454,4379,862,246,2,8222,17297246
1627515876,4424,868,247,2,8256,17455966
1627516296,4439,870,247,2,8259,17614686
1627516719,4456,871,248,2,8261,17773406
1627517140,4472,873,248,2,8273,17932126
1627517611,4473,873,248,2,8273,18041675
1627517984,4474,873,249,2,8273,18151302
1627518448,4474,873,249,2,8273,18288610
1627518958,4478,873,249,2,8273,18446848
1627519440,4482,876,249,2,8283,18615901
1627519900,4483,876,249,2,8283,18784899
1627520321,4488,877,250,2,8288,18952652
1627520736,4491,877,250,2,8288,19116860
1627521144,4496,878,250,2,8290,19281077
1627521545,4505,881,250,2,8296,19444787
1627521942,4515,881,251,2,8296,19606967
1627522304,4539,886,297,2,8306,19753337
1627522621,4551,887,302,2,8310,19878287
1627522721,4553,888,302,2,8312,19916537
1627523191,4574,893,302,2,8336,20089593
1627523648,4588,894,302,2,8342,20262649
1627524115,4604,894,305,2,8342,20435705
1627524575,4618,896,305,2,8347,20608761
1627525050,4619,897,305,2,8349,20721270
1627525438,4622,897,305,2,8349,20833842
1627525886,4627,900,305,2,8356,20974459
1627526372,4630,901,305,2,8361,21136116
1627526861,4632,902,305,2,8365,21308813
1627527316,4638,904,305,2,8368,21480725
1627527747,4640,904,305,2,8368,21652005
1627528158,4643,904,307,2,8368,21819795
1627528560,4656,904,307,2,8368,21986565
1627528963,4664,908,307,2,8375,22152315
1627529365,4667,908,307,2,8375,22316484
1627529722,4677,909,312,2,8376,22463874
1627530029,4682,909,312,2,8376,22590354
1627530129,4683,909,313,2,8376,22629624
1627530591,4698,909,313,2,8376,22806264
1627531073,4699,909,314,2,8376,22916866
1627531468,4699,909,314,2,8376,23027977
1627531929,4700,909,314,2,8376,23166524
1627532435,4700,909,314,2,8376,23329771
1627532931,4703,912,314,2,8381,23503509
1627533379,4705,912,314,2,8381,23677923
1627533810,4705,912,314,2,8381,23851146
1627534235,4705,912,314,2,8381,24020973
1627534645,4708,912,314,2,8381,24189783
1627535052,4720,912,318,2,8381,24357573
1627535453,4729,914,318,2,8385,24523833
1627535826,4736,914,318,2,8385,24675810
1627536157,4747,919,319,2,8397,24806880
1627536268,4749,919,319,2,8397,24847680
1627536748,4772,920,321,2,8399,25026880
1627537224,4792,920,321,2,8399,25206080
1627537700,4792,920,321,2,8399,25315818
1627538088,4793,920,321,2,8399,25426864
1627538546,4793,920,321,2,8399,25565145
1627539025,4796,920,321,2,8399,25725241
1627539522,4797,920,321,2,8399,25899498
1627539994,4799,920,322,2,8399,26073699
1627540424,4800,921,322,2,8400,26247077
1627540849,4802,922,323,2,8402,26418400
1627541264,4805,923,323,2,8403,26588740
1627541687,4810,924,324,2,8406,26758570
1627542098,4814,926,324,2,8409,26926870
1627542485,4825,926,324,2,8409,27080890
1627542822,4827,926,324,2,8409,27214000
1627542934,4828,926,324,2,8409,27254800
1627543413,4843,927,324,2,8410,27434000
1627543892,4863,929,324,2,8416,27613200
1627544376,4864,929,325,2,8416,27723942
1627544765,4864,929,325,2,8416,27835519
1627545217,4864,929,325,2,8416,27971435
1627545693,4864,929,325,2,8416,28131462
1627546165,4864,929,325,2,8416,28302943
1627546627,4866,929,327,2,8416,28475014
1627547059,4868,930,327,2,8417,28646138
1627547481,4873,933,327,2,8421,28815458
1627547891,4876,933,327,2,8421,28984268
1627548301,4879,933,328,2,8421,29152058
1627548711,4882,933,328,2,8421,29317785
1627549082,4885,933,328,2,8421,29470785
1627549405,4890,935,328,2,8425,29602365
1627549507,4891,936,328,2,8426,29642655
1627549990,4905,937,328,2,8428,29819807
1627550469,4918,938,329,2,8430,29996959
1627550962,4918,938,329,2,8430,30112899
1627551369,4918,938,329,2,8430,30227870
1627551823,4918,938,329,2,8430,30366705
1627552325,4919,938,329,2,8430,30525133
1627552802,4922,938,330,2,8430,30697468
1627553251,4922,938,330,2,8430,30868761
1627553674,4923,938,330,2,8430,31038832
