1627379753,17,8,1,0,1553,42
1627379777,23,12,1,0,1564,5199
1627379787,32,20,1,0,1908,9999
1627379798,40,23,1,0,1912,15720
1627379811,75,33,1,0,1975,22389
1627379825,131,50,1,0,2045,29430
1627379839,144,53,1,0,2054,36584
1627379853,174,66,1,0,2219,44027
1627379869,239,87,1,0,2298,51624
1627379884,265,95,1,0,2312,59214
1627379898,299,112,1,0,2401,66744
1627379914,325,118,1,1,2468,74230
1627379928,338,123,1,1,2496,80860
1627379940,342,126,1,1,2514,85960
1627379944,350,129,1,1,2532,87490
1627379959,427,160,1,5,2702,95170
1627379974,453,169,1,5,2726,102850
1627379988,465,171,1,5,2746,110530
1627380003,474,176,1,5,2772,118210
1627380018,479,177,1,5,2819,125890
1627380033,487,179,2,5,2821,133570
1627380140,497,182,2,5,2825,169089
1627380215,498,182,2,5,2825,205528
1627380290,499,182,2,5,2825,242188
1627380372,509,183,2,5,2828,282301
1627380476,524,190,2,5,2865,334062
1627380592,542,192,2,5,2867,388501
1627380717,560,195,2,5,2878,448613
1627380842,570,195,2,5,2878,509813
1627380971,594,199,2,5,2983,571013
1627381093,602,203,2,5,2998,632213
1627381213,611,205,3,5,3007,693413
1627381310,613,206,3,5,3012,742373
1627381383,628,218,3,5,3193,778583
1627381404,628,218,3,5,3193,789293
1627381525,686,231,3,5,3235,851757
1627381648,705,235,3,5,3308,914221
1627381770,721,239,3,5,3323,976685
1627381893,737,246,3,5,3356,1039149
1627382014,745,246,3,5,3356,1101613
1627382134,752,249,3,5,3367,1142356
1627382223,757,249,3,5,3367,1185547
1627382334,772,250,4,5,3383,1240177
1627382467,780,253,4,5,3388,1305110
1627382606,789,256,4,5,3398,1373463
1627382748,827,280,4,5,3720,1443220
1627382889,846,288,4,5,3749,1513483
1627383027,851,291,4,5,3755,1583353
1627383162,861,297,4,5,3771,1652713
1627383297,872,305,4,5,3799,1721563
1627383437,883,308,4,5,3853,1788628
1627383550,886,310,4,5,3875,1841158
1627383648,888,312,4,5,3877,1880428
1627383680,892,315,4,5,3885,1893688
1627383822,925,324,4,5,3956,1965368
1627383962,948,330,4,5,4095,2037048
1627384100,971,336,4,5,4138,2108728
1627384238,985,340,4,5,4183,2180408
1627384389,995,343,4,5,4194,2231442
1627384505,1000,344,4,5,4197,2287579
1627384657,1005,347,4,5,4232,2360798
1627384818,1007,347,4,5,4232,2441101
1627384983,1028,352,4,5,4245,2523026
1627385153,1039,352,4,5,4245,2606661
1627385324,1060,360,4,5,4299,2690600
1627385500,1075,361,5,5,4300,2773730
1627385669,1093,367,5,5,4328,2856350
1627385828,1102,370,5,5,4339,2936420
1627385982,1105,372,5,5,4345,3013940
1627386109,1107,372,5,5,4345,3074630
1627386210,1110,373,5,5,4348,3123080
1627386233,1110,373,5,5,4348,3134300
1627386404,1158,380,5,5,4485,3220316
1627386574,1179,383,5,5,4524,3306332
1627386742,1191,385,5,5,4529,3392348
1627386910,1208,388,5,5,4593,3478364
1627387101,1216,391,5,5,4628,3542462
1627387240,1216,391,5,5,4628,3608811
1627387416,1221,394,5,5,4647,3694190
1627387611,1247,410,5,5,4698,3789189
1627387809,1260,419,5,5,4716,3886925
1627388015,1272,423,5,5,4746,3985568
1627388217,1279,423,5,5,4746,4083946
1627388417,1297,431,5,5,4773,4181256
1627388610,1308,434,5,5,4807,4277136
1627388799,1315,435,5,5,4834,4373016
1627388986,1333,442,5,5,4857,4465836
1627389125,1336,442,5,5,4857,4534176
1627389235,1336,442,5,5,4857,4587216
1627389259,1336,442,5,5,4857,4598946
1627389458,1378,450,5,5,4905,4700834
1627389657,1405,455,5,5,4954,4802722
1627389856,1430,458,5,5,4977,4904610
1627390057,1440,460,5,5,4985,5006498
1627390277,1443,461,5,5,4987,5081714
1627390433,1443,461,5,5,4987,5157393
1627390624,1447,464,5,5,5002,5250780
1627390839,1457,466,5,5,5005,5356323
1627391063,1465,468,5,5,5011,5466657
1627391289,1477,473,5,5,5063,5578183
1627391510,1489,477,5,5,5082,5689525
1627391734,1502,481,5,5,5095,5799390
1627391948,1514,486,5,5,5108,5905470
1627392166,1531,487,5,5,5109,6011550
1627392378,1536,489,5,5,5118,6116100
1627392547,1538,490,5,5,5122,6197190
1627392674,1541,490,5,5,5122,6259410
1627392700,1541,490,5,5,5122,6271650
1627392924,1574,496,5,5,5151,6386850
1627393150,1590,498,5,5,5156,6502050
1627393374,1604,502,5,5,5236,6617250
1627393599,1614,506,5,5,5247,6732450
1627393811,1616,506,5,5,5247,6804675
1627393967,1617,506,5,5,5247,6880125
1627394162,1618,507,5,5,5325,6974369
1627394382,1625,507,5,5,5325,7081743
1627394607,1634,511,5,5,5336,7193344
1627394844,1647,512,5,5,5338,7306246
1627395078,1688,521,5,5,5387,7418459
1627395308,1713,525,5,5,5403,7529392
1627395528,1716,526,5,5,5404,7637941
1627395744,1720,527,5,5,5418,7745041
1627395958,1731,528,5,5,5429,7850611
1627396126,1747,532,5,5,5473,7933741
1627396255,1749,532,5,5,5473,7996981
1627396276,1749,532,5,5,5473,8007181
1627396504,1783,538,5,5,5498,8123405
1627396734,1799,541,5,5,5514,8239629
1627396964,1809,541,5,5,5514,8355853
1627397195,1823,543,5,5,5517,8472077
1627397441,1823,543,5,5,5517,8551318
1627397614,1823,543,5,5,5517,8634064
1627397836,1824,543,5,5,5517,8740331
1627398079,1831,544,5,5,5545,8857394
1627398330,1842,545,6,5,5547,8980346
1627398580,1863,546,6,5,5549,9102903
1627398826,1873,550,6,5,5556,9225040
1627399073,1886,552,6,5,5562,9346302
1627399315,1896,554,7,5,5568,9464537
1627399551,1902,555,7,5,5569,9581327
1627399783,1904,555,7,5,5569,9696077
1627399970,1908,555,7,5,5569,9787367
1627400109,1908,555,7,5,5569,9855197
1627400132,1908,555,7,5,5569,9865397
1627400383,1935,559,7,5,5580,9992373
1627400631,1947,560,7,5,5600,10119349
1627400883,1972,563,8,5,5605,10246325
1627401132,1972,563,8,5,5605,10329714
1627401325,1972,563,8,5,5605,10420525
1627401560,1973,564,8,5,5610,10533292
1627401828,1973,564,8,5,5610,10661382
1627402103,1975,564,8,5,5610,10794729
1627402379,1988,568,9,5,5627,10927551
1627402660,1995,569,9,5,5628,11059812
1627402930,2014,581,9,5,5710,11191343
1627403190,2018,582,9,5,5713,11319826
1627403449,2021,582,9,5,5713,11446306
1627403695,2024,582,9,5,5713,11570236
1627403896,2028,583,9,5,5715,11671216
1627404051,2033,585,9,5,5718,11747206
1627404075,2034,585,9,5,5718,11758426
1627404346,2046,588,9,5,5728,11895130
1627404614,2057,590,9,5,5743,12031834
1627404884,2066,591,10,5,5745,12168538
1627405140,2066,591,10,5,5745,12254939
1627405346,2066,591,10,5,5745,12351224
1627405604,2069,593,10,5,5750,12473362
1627405892,2091,609,10,5,5815,12610943
1627406194,2092,609,10,5,5815,12753367
1627406492,2095,611,10,5,5821,12895031
1627406790,2097,611,10,5,5821,13036331
1627407079,2098,611,10,5,5821,13176906
1627407363,2101,612,11,5,5823,13314529
1627407634,2103,613,11,5,5824,13450189
1627407891,2104,613,11,5,5824,13577689
1627408108,2105,613,11,5,5824,13684789
1627408272,2105,613,11,5,5824,13764349
1627408297,2105,613,11,5,5824,13776079
1627408588,2116,615,11,5,5836,13922511
1627408874,2123,616,11,5,5845,14068943
1627409162,2126,617,11,5,5846,14215375
1627409435,2126,617,11,5,5846,14307312
1627409642,2127,617,11,5,5846,14406849
1627409910,2132,619,11,5,5851,14534363
1627410208,2139,626,11,5,5913,14676334
1627410512,2142,629,11,5,5919,14823234
1627410810,2148,632,11,5,5934,14970025
1627411109,2153,634,11,5,5936,15115921
1627411411,2153,634,11,5,5936,15261123
1627411701,2155,636,11,5,5938,15403384
1627411996,2159,637,11,5,5939,15544144
1627412277,2159,637,11,5,5939,15679804
1627412506,2159,637,11,5,5939,15792514
1627412677,2159,637,11,5,5939,15876154
1627412702,2160,637,11,5,5939,15887884
1627413004,2172,644,11,5,6145,16039436
1627413308,2182,649,11,5,6171,16190988
1627413608,2192,653,11,5,6182,16342540
1627413909,2196,653,13,5,6182,16494092
1627414191,2197,653,13,5,6182,16588582
1627414410,2198,654,13,5,6184,16693216
1627414676,2207,660,13,5,6197,16821796
1627414972,2215,666,13,5,6215,16965553
1627415285,2215,666,13,5,6215,17115842
1627415595,2216,666,13,5,6215,17265393
1627415902,2217,667,13,5,6217,17414248
1627416204,2218,667,13,5,6217,17562467
1627416498,2221,668,13,5,6219,17706287
1627416787,2221,668,13,5,6219,17848577
1627417071,2222,668,13,5,6219,17988317
1627417311,2224,670,13,5,6223,18106127
1627417491,2224,670,13,5,6223,18195377
1627417517,2224,670,13,5,6223,18207617
1627417825,2244,682,13,5,6383,18362241
1627418132,2254,684,13,5,6388,18516865
1627418440,2261,687,13,5,6460,18671489
1627418749,2265,688,13,5,6487,18826113
1627419056,2273,693,13,5,6511,18980737
1627419359,2273,693,13,5,6511,19083344
1627419588,2274,693,13,5,6511,19191781
1627419871,2284,699,13,5,6542,19326408
1627420183,2291,703,13,5,6558,19475823
1627420507,2294,705,13,5,6563,19631275
1627420827,2296,705,13,5,6563,19785813
1627421150,2318,707,13,5,6567,19939788
1627421464,2329,711,13,5,6587,20093061
1627421760,2331,711,13,5,6587,20242491
1627422057,2336,712,13,5,6588,20389881
1627422349,2341,712,14,5,6588,20533701
1627422594,2348,713,14,5,6589,20654571
1627422783,2353,713,15,5,6589,20747901
1627422812,2353,713,15,5,6589,20761161
1627423132,2387,723,15,5,6622,20920905
1627423451,2404,726,15,5,6631,21080649
1627423765,2411,726,15,5,6631,21240393
1627424083,2423,728,15,5,6646,21400137
1627424413,2423,728,15,5,6646,21511375
1627424654,2423,728,15,5,6646,21624974
1627424944,2425,728,15,5,6646,21763462
1627425275,2426,728,15,5,6646,21920462
1627425617,2427,729,15,5,6647,22084144
1627425953,2431,730,15,5,6651,22247377
1627426293,2432,730,16,5,6651,22409996
1627426619,2435,730,16,5,6651,22571900
1627426931,2436,731,16,5,6653,22729461
1627427246,2447,732,16,5,6654,22885011
1627427553,2461,732,16,5,6654,23036481
1627427812,2463,732,16,5,6654,23165001
1627428014,2463,732,16,5,6654,23262921
1627428041,2463,732,16,5,6654,23275671
1627428375,2480,733,16,5,6655,23444119
1627428707,2491,735,16,5,6665,23612567
1627429030,2491,735,16,5,6665,23721137
1627429278,2491,735,16,5,6665,23837780
1627429571,2491,735,16,5,6665,23976267
1627429899,2491,735,16,5,6665,24132911
1627430249,2491,735,16,5,6665,24298092
1627430601,2491,735,16,5,6665,24462849
1627430943,2492,736,16,5,6666,24626926
1627431276,2492,736,16,5,6666,24790354
1627431595,2493,736,16,5,6666,24949437
1627431913,2498,737,16,5,6668,25106517
1627432221,2499,738,16,5,6669,25259007
1627432480,2500,738,16,5,6669,25387017
1627432675,2500,738,16,5,6669,25484427
1627432703,2500,738,16,5,6669,25497177
1627433039,2511,741,16,5,6686,25667161
1627433375,2519,741,16,5,6686,25837145
1627433708,2525,741,16,5,6686,26007129
1627434024,2525,741,16,5,6686,26113357
1627434262,2526,741,16,5,6686,26225332
1627434540,2526,741,16,5,6686,26360468
1627434861,2527,741,17,5,6686,26517289
1627435203,2527,741,17,5,6686,26681538
1627435543,2527,741,17,5,6686,26844593
1627435878,2528,741,17,5,6686,27007241
1627436213,2528,741,17,5,6686,27169186
1627436534,2530,741,17,5,6686,27327257
1627436850,2530,741,17,5,6686,27483317
1627437159,2531,741,17,5,6686,27635297
1627437421,2531,741,17,5,6686,27763817
1627437622,2535,741,17,5,6686,27863267
1627437650,2535,741,17,5,6686,27876017
1627437987,2543,742,17,5,6688,28044465
1627438324,2551,745,17,5,6698,28212913
1627438631,2551,745,17,5,6698,28317408
1627438867,2551,745,17,5,6698,28429526
1627439144,2551,745,17,5,6698,28562997
1627439462,2551,745,17,5,6698,28718903
1627439796,2552,745,17,5,6698,28882218
1627440143,2552,745,17,5,6698,29046426
1627440478,2552,745,17,5,6698,29209765
1627440812,2554,746,17,5,6701,29372755
1627441138,2555,746,17,5,6701,29531846
1627441456,2557,746,17,5,6701,29689436
1627441765,2559,746,17,5,6701,29842436
1627442029,2559,746,17,5,6701,29972486
1627442229,2560,746,17,5,6701,30071426
1627442257,2560,746,17,5,6701,30084686
1627442592,2569,747,17,5,6704,30254158
1627442930,2576,747,17,5,6704,30423630
1627443264,2576,747,17,5,6704,30527637
1627443509,2576,747,17,5,6704,30643072
1627443802,2577,748,17,5,6715,30780531
1627444137,2577,748,17,5,6715,30939312
1627444478,2578,749,17,5,6728,31104264
1627444827,2578,749,17,5,6728,31268140
1627445164,2579,749,17,5,6728,31430890
1627445491,2586,755,17,5,6753,31593413
1627445812,2587,755,17,5,6753,31751994
1627446130,2592,758,17,5,6759,31909074
1627446433,2594,758,17,5,6759,32061054
1627446695,2595,758,17,5,6759,32190594
1627446900,2595,758,17,5,6759,32290554
1627446930,2595,758,17,5,6759,32304834
1627447263,2602,760,17,5,6762,32473794
1627447597,2610,761,17,5,6764,32642754
1627447934,2611,761,17,5,6764,32811714
1627448249,2611,761,17,5,6764,32918472
1627448486,2611,761,17,5,6764,33030696
1627448777,2625,771,18,5,6793,33171105
1627449108,2625,771,18,5,6793,33330602
1627449454,2626,771,18,5,6793,33496251
1627449803,2629,774,18,5,6814,33661589
1627450146,2630,774,18,5,6814,33825911
1627450484,2633,774,18,5,6814,33989898
1627450813,2635,776,18,5,6817,34149985
1627451132,2640,777,18,5,6820,34308085
1627451437,2643,777,21,5,6820,34461085
1627451703,2644,777,21,5,6820,34592155
1627451903,2645,778,21,5,6821,34691605
1627451934,2645,778,21,5,6821,34705885
1627452269,2651,778,21,5,6821,34876381
1627452593,2651,778,21,5,6821,34986370
1627452830,2651,778,21,5,6821,35098949
1627453121,2652,778,21,5,6821,35239443
1627453454,2655,778,21,5,6821,35401254
1627453802,2656,778,22,5,6821,35570481
1627454150,2656,778,22,5,6821,35738831
1627454503,2656,778,22,5,6821,35906357
1627454847,2659,780,22,5,6824,36073403
1627455179,2662,782,22,5,6832,36236554
1627455504,2662,782,22,5,6832,36396694
1627455820,2662,782,22,5,6832,36553264
1627456094,2662,782,22,5,6832,36688414
1627456294,2663,782,22,5,6832,36786334
1627456325,2663,782,22,5,6832,36800104
1627456672,2666,782,22,5,6832,36973672
1627457023,2666,782,22,5,6832,37085522
1627457263,2666,782,22,5,6832,37199216
1627457567,2666,782,22,5,6832,37343642
1627457903,2666,782,22,5,6832,37506488
1627458252,2666,782,22,5,6832,37675692
1627458606,2666,782,22,5,6832,37843974
1627458950,2666,782,22,5,6832,38011450
1627459289,2666,782,22,5,6832,38178509
1627459619,2667,782,22,5,6832,38342190
1627459943,2667,782,22,5,6832,38502840
1627460257,2668,782,22,5,6832,38659920
1627460531,2668,782,22,5,6832,38794560
1627460730,2668,782,22,5,6832,38892480
1627460759,2668,782,22,5,6832,38906250
1627461101,2671,782,22,5,6832,39079818
1627461434,2671,782,22,5,6832,39193303
1627461674,2671,782,22,5,6832,39306229
1627461972,2671,782,22,5,6832,39449335
1627462314,2671,782,22,5,6832,39614817
1627462671,2671,782,22,5,6832,39784691
1627463020,2671,782,22,5,6832,39954062
1627463376,2672,783,22,5,6837,40122608
1627463722,2672,783,22,5,6837,40290705
1627464055,2672,783,22,5,6837,40455386
1627464384,2672,783,22,5,6837,40617566
1627464704,2674,783,22,5,6837,40775666
1627464977,2674,783,22,5,6837,40912743
1627465177,2675,783,22,5,6837,41012193
1627465208,2675,783,22,5,6837,41025963
1627465557,2680,783,22,5,6837,41200555
1627465879,2680,783,22,5,6837,41311104
1627466121,2680,783,22,5,6837,41426951
