1617890013,38,23,0,0,3021,42
1617890064,69,33,13,0,3367,8459
1617890101,161,58,24,0,3569,16191
1617890142,367,78,43,0,3650,24612
1617890182,511,109,47,0,3787,33776
1617890226,646,120,50,0,3834,44129
1617890273,740,140,54,0,3906,55575
1617890327,965,177,57,0,4095,67479
1617890372,1103,229,64,0,4379,79920
1617890410,1210,253,65,0,4569,92558
1617890448,1260,262,65,0,4613,105090
1617890487,1273,270,65,1,4635,117840
1617890525,1283,275,65,1,4699,129570
1617890560,1285,275,65,1,4699,139260
1617890566,1285,275,65,1,4699,141300
1617890607,1375,305,67,3,4945,154100
1617890648,1409,310,69,3,4954,166900
1617890692,1439,317,71,3,4974,179700
1617890738,1462,320,72,3,4990,192500
1617890786,1491,324,74,3,5005,205300
1617890833,1509,327,77,3,5021,218100
1617891245,1560,334,111,3,5038,275682
1617891594,1577,336,122,3,5043,332609
1617892072,1597,336,144,3,5043,411803
1617892540,1622,340,157,3,5052,494026
1617893001,1652,349,162,3,5133,578330
1617893404,1672,352,174,3,5147,664318
1617893776,1686,356,176,3,5209,751011
1617894141,1738,361,198,3,5230,837201
1617894498,1780,365,206,3,5237,923391
1617894844,1783,368,207,3,5246,1009581
1617895192,1793,374,209,3,5357,1094241
1617895495,1799,376,212,3,5365,1168191
1617895757,1800,376,213,3,5365,1232961
1617895813,1811,377,216,3,5374,1245711
1617896183,1874,397,221,3,5539,1333263
1617896558,1917,405,228,3,5557,1420815
1617896928,1952,411,233,3,5566,1508367
1617897297,1980,413,239,3,5570,1595919
1617897667,2003,417,241,3,5576,1683471
1617898063,2035,419,262,3,5584,1741304
1617898453,2040,419,266,3,5584,1804664
1617898922,2062,425,272,3,5608,1881864
1617899376,2086,431,275,3,5623,1961430
1617899832,2119,433,286,3,5632,2047106
1617900261,2140,435,287,3,5636,2136831
1617900660,2156,442,289,3,5647,2226591
1617901027,2170,445,290,3,5659,2315841
1617901383,2187,455,292,3,5709,2404581
1617901741,2200,460,293,3,5784,2493321
1617902099,2208,461,294,3,5787,2580531
1617902408,2208,461,294,3,5787,2656011
1617902717,2211,464,294,3,5806,2721291
1617902782,2212,464,294,3,5806,2735571
1617903167,2275,478,298,3,5841,2827219
1617903554,2316,488,303,3,5889,2918867
1617903941,2346,490,309,3,5988,3010515
1617904325,2370,492,310,3,5992,3102163
1617904710,2397,494,313,3,5994,3193811
1617905185,2415,494,330,3,5994,3259425
1617905614,2422,494,332,3,5994,3328629
1617906117,2431,497,333,3,6014,3410981
1617906650,2447,502,337,3,6048,3502100
1617907179,2460,507,338,3,6082,3601497
1617907679,2475,510,342,3,6088,3704674
1617908152,2489,515,345,3,6119,3807638
1617908592,2504,520,349,3,6134,3909128
1617909014,2516,523,351,3,6144,4010618
1617909431,2527,531,351,3,6183,4112108
1617909837,2539,535,352,3,6211,4212068
1617910185,2541,536,353,3,6212,4297238
1617910483,2550,539,354,3,6266,4370678
1617910562,2551,540,354,3,6268,4389548
1617911009,2602,546,357,3,6317,4495532
1617911451,2636,554,361,3,6349,4601516
1617911895,2659,559,367,3,6459,4707500
1617912337,2677,564,368,3,6478,4813484
1617912943,2703,572,373,3,6534,4895851
1617913441,2711,576,375,3,6543,4975027
1617914012,2714,576,375,3,6543,5069664
1617914677,2726,580,378,3,6566,5178902
1617915289,2731,580,380,3,6566,5292519
1617915837,2741,582,383,3,6576,5408747
1617916357,2767,589,387,3,6769,5524509
1617916831,2775,591,388,3,6776,5638239
1617917301,2782,596,389,3,6889,5751969
1617917767,2799,598,389,3,6894,5864679
1617918215,2806,598,390,3,6894,5974839
1617918598,2813,604,390,3,6929,6069189
1617918925,2817,605,392,3,6931,6149259
1617919034,2819,606,392,3,6933,6175269
1617919538,2877,621,399,3,6999,6294053
1617920042,2911,633,401,3,7062,6412837
1617920542,2956,644,405,3,7083,6531621
1617921043,2989,649,409,3,7098,6650405
1617921541,3007,653,410,3,7169,6769189
1617922130,3014,654,412,3,7172,6855117
1617922686,3018,655,416,3,7174,6947962
1617923357,3022,656,419,3,7181,7059574
1617924074,3027,657,420,3,7182,7186552
1617924767,3041,663,421,3,7201,7319503
1617925399,3060,665,425,3,7236,7453442
1617925952,3089,681,426,3,7310,7586286
1617926487,3123,689,426,3,7325,7717866
1617927020,3136,695,426,3,7340,7848936
1617927550,3154,703,427,3,7370,7978986
1617928055,3177,710,428,3,7452,8104446
1617928506,3199,719,428,3,7492,8214606
1617928881,3217,724,432,3,7502,8306916
1617928999,3218,724,432,3,7502,8334966
1617929570,3260,731,434,3,7597,8471670
1617930145,3287,734,434,3,7625,8608374
1617930712,3307,734,436,3,7625,8745078
1617931282,3343,738,437,3,7635,8881782
1617931962,3350,738,440,3,7635,8985719
1617932548,3362,739,442,3,7639,9087391
1617933259,3372,741,448,3,7642,9212917
1617934041,3384,744,449,3,7645,9354994
1617934791,3408,747,455,3,7651,9503446
1617935478,3417,750,459,3,7656,9652781
1617936127,3431,752,464,3,7658,9800918
1617936737,3448,755,468,3,7665,9947798
1617937337,3470,757,470,3,7668,10094168
1617937925,3515,760,470,3,7687,10239518
1617938496,3547,762,471,3,7691,10379768
1617938998,3565,763,471,3,7693,10503188
1617939434,3576,766,473,3,7727,10609268
1617939563,3579,766,473,3,7727,10638848
1617940203,3671,772,475,3,7740,10791424
1617940847,3703,777,476,3,7761,10944000
1617941485,3730,777,479,3,7761,11096576
1617942124,3749,778,481,3,7762,11249152
1617942792,3751,779,481,3,7763,11355143
1617943397,3755,779,484,3,7763,11460515
1617944127,3760,779,488,3,7763,11591527
1617944909,3760,779,488,3,7763,11736088
1617945703,3765,779,489,3,7763,11889196
1617946413,3766,779,489,3,7763,12041776
1617947066,3779,780,489,3,7765,12193983
1617947694,3792,781,491,3,7766,12344433
1617948205,3814,786,494,3,7812,12494373
1617948653,3847,786,494,3,7812,12643803
1617949085,3886,786,496,3,7812,12787426
1617949470,3899,789,497,3,7822,12915436
1617949877,3913,792,497,3,7831,13025086
1617950014,3919,792,498,3,7831,13056706
1617950822,3947,794,501,3,7833,13213890
1617951625,3970,799,503,3,7868,13371074
1617952430,3983,800,505,3,7873,13528258
1617953238,3984,800,505,3,7873,13636079
1617953961,3986,800,507,3,7873,13740998
1617954854,3995,802,512,3,7876,13872602
1617955806,3998,802,515,3,7876,14019343
1617956738,4004,803,515,3,7878,14174227
1617957594,4011,803,516,3,7878,14328375
1617958402,4019,803,516,3,7878,14482052
1617959172,4020,803,516,3,7878,14633522
1617959934,4032,805,517,3,7880,14784482
1617960691,4042,806,518,3,7882,14934932
1617961417,4069,807,521,3,7883,15081142
1617962057,4084,808,521,3,7885,15210682
1617962609,4086,808,521,3,7885,15321352
1617962799,4092,812,523,3,7924,15358072
1617963622,4122,819,531,3,7953,15517304
1617964449,4137,824,533,3,7962,15676536
1617965274,4148,824,535,3,7962,15835768
1617966093,4161,824,539,3,7962,15995000
1617966914,4164,825,541,3,7964,16102850
1617967641,4165,825,541,3,7964,16212084
1617968571,4168,826,542,3,7967,16351680
1617969597,4171,826,545,3,7967,16506191
1617970599,4177,827,547,3,7976,16668974
1617971507,4185,829,548,3,7980,16829978
1617972372,4193,832,552,3,7992,16991050
1617973173,4197,835,552,3,7998,17149642
1617973958,4204,835,555,3,7998,17307742
1617974735,4211,835,555,3,7998,17464822
1617975504,4217,837,555,3,8003,17619170
1617976182,4221,838,555,3,8005,17756360
