1627643691,2,2,0,0,1508,2
1627643703,7,6,0,0,1560,528
1627643703,52,36,0,0,1938,1039
1627643704,70,52,0,0,2291,1551
1627643705,97,64,0,0,2408,2418
1627643707,97,64,0,0,2408,3420
1627643708,97,64,0,0,2408,4436
1627643710,115,73,0,0,2485,5456
1627643711,124,75,0,0,2590,6476
1627643713,131,81,0,0,2629,7496
1627643714,146,93,0,0,2722,8516
1627643715,147,94,0,0,2728,9536
1627643717,147,94,0,0,2728,10556
1627643718,149,96,0,0,2741,11576
1627643719,153,99,0,0,2777,12596
1627643720,186,113,0,0,2833,13620
1627643721,197,116,0,0,3319,14644
1627643722,204,119,0,0,3344,15668
1627643724,209,122,0,0,3359,16692
1627643725,212,123,0,0,3360,17716
1627643791,221,129,1,0,3429,46310
1627643827,224,131,1,0,3457,74893
1627643898,314,158,1,0,3543,124632
1627643971,398,212,3,0,3850,177454
1627644042,431,225,10,0,4164,231639
1627644113,454,231,11,0,4214,286283
1627644181,486,241,11,0,4248,341026
1627644243,491,241,11,0,4248,396095
1627644306,501,246,11,0,4318,451168
1627644367,506,247,11,0,4321,506248
1627644437,612,276,11,0,4490,561323
1627644494,614,276,11,0,4490,616403
1627644550,615,277,11,0,4493,671483
1627644618,621,283,11,0,4531,721393
1627644679,659,298,18,0,5060,776689
1627644740,675,306,25,0,5117,831985
1627644800,695,313,30,1,5186,887281
1627644860,704,318,33,1,5235,942577
1627644920,718,326,34,1,5434,997873
1627645070,723,328,34,1,5454,1061726
1627645184,738,332,153,1,5464,1129547
1627645347,762,341,164,1,5534,1222308
1627645513,783,351,168,1,5685,1328120
1627645706,825,360,190,1,5715,1435756
1627645885,885,375,221,1,5803,1543752
1627646023,923,389,227,1,5885,1651833
1627646151,931,390,227,1,5886,1759936
1627646276,945,393,227,1,5913,1868053
1627646398,965,400,229,1,5933,1976170
1627646525,1013,410,229,1,5978,2084290
1627646643,1019,412,229,1,5989,2192410
1627646755,1019,412,229,1,5989,2300530
1627646903,1020,412,229,1,5989,2399203
1627647030,1055,420,233,1,6022,2507747
1627647155,1068,423,235,1,6031,2616291
1627647281,1076,426,238,1,6041,2724835
1627647407,1084,428,239,1,6053,2833379
1627647638,1100,434,243,1,6088,2921153
1627647794,1107,434,246,1,6088,3010223
1627648003,1135,436,266,1,6103,3116378
1627648223,1151,436,275,1,6103,3238093
1627648486,1169,440,283,1,6120,3368911
1627648692,1180,443,288,1,6130,3501348
1627648875,1196,446,288,1,6135,3633936
1627649043,1210,447,288,1,6137,3766483
1627649207,1216,449,288,1,6142,3899082
1627649365,1223,453,290,1,6156,4031678
1627649516,1228,455,291,1,6162,4164278
1627649667,1245,460,291,1,6201,4296878
1627649803,1245,460,291,1,6201,4428968
1627650009,1250,461,292,1,6207,4548606
1627650174,1262,465,294,1,6211,4681726
1627650336,1272,466,296,1,6221,4814846
1627650497,1281,468,299,1,6228,4947966
1627650738,1284,470,299,1,6247,5036836
1627650924,1297,471,310,1,6248,5136859
1627651131,1303,471,314,1,6248,5254843
1627651357,1314,478,318,1,6584,5387893
1627651686,1336,491,327,1,6651,5535930
1627651932,1355,498,333,1,6900,5685306
1627652174,1365,502,335,1,6916,5834727
1627652372,1368,502,335,1,6916,5984154
1627652557,1375,503,335,1,6917,6133074
1627652736,1375,503,335,1,6917,6281994
1627652911,1380,506,337,1,6932,6430914
1627653076,1384,508,337,1,6960,6579834
1627653229,1384,508,337,1,6960,6728754
1627653473,1390,508,338,38,6960,6861679
1627653662,1402,513,341,38,6974,7011695
1627653847,1417,518,344,38,6983,7161711
1627654032,1429,520,344,38,6992,7311727
1627654217,1436,522,348,38,6995,7461743
1627654449,1444,524,352,38,7002,7549841
1627654621,1445,525,353,38,7007,7644779
1627654845,1453,529,356,38,7014,7766522
1627655095,1472,533,366,38,7051,7904309
1627655347,1475,534,369,38,7057,8053029
1627655566,1491,542,372,38,7103,8201888
1627655761,1506,548,376,38,7135,8350807
1627655956,1513,548,376,38,7135,8499727
1627656134,1514,549,376,38,7136,8648137
1627656305,1518,552,376,38,7148,8796547
1627656474,1523,553,377,38,7152,8944957
1627656636,1524,553,377,38,7152,9093367
1627656795,1524,553,377,38,7152,9241777
1627657029,1527,554,378,38,7154,9373579
1627657214,1529,555,378,38,7155,9523595
1627657397,1533,556,379,38,7157,9673611
1627657646,1535,556,379,38,7157,9766330
1627657831,1548,557,381,38,7158,9865775
1627658053,1556,560,383,38,7168,9985791
1627658357,1575,562,436,38,7174,10132955
1627658575,1579,563,436,38,7175,10285509
1627658798,1590,566,439,38,7197,10439486
1627658999,1600,567,441,38,7198,10593502
1627659199,1606,570,443,38,7206,10747522
1627659383,1607,570,443,38,7206,10901032
1627659560,1607,570,443,38,7206,11054542
1627659732,1617,572,443,38,7223,11208052
1627659907,1623,574,445,38,7233,11361562
1627660069,1624,574,445,38,7233,11515072
1627660307,1625,574,445,38,7233,11650780
1627660497,1668,577,449,38,7239,11805916
1627660687,1687,578,454,38,7240,11961052
1627660879,1705,583,457,38,7253,12116188
1627661148,1706,584,457,38,7256,12218480
1627661346,1707,585,457,38,7261,12321580
1627661587,1710,585,459,38,7261,12448846
1627661861,1727,588,467,38,7268,12592123
1627662116,1729,589,469,38,7277,12749096
1627662333,1756,590,493,38,7284,12907125
1627662540,1764,590,494,38,7284,13065191
1627662737,1765,591,494,38,7286,13223288
1627662931,1766,591,494,38,7286,13380878
1627663114,1766,591,494,38,7286,13538468
1627663297,1767,591,494,38,7286,13696058
1627663469,1770,592,494,38,7288,13853648
1627663636,1770,592,494,38,7288,14011238
1627663890,1811,594,496,38,7292,14149284
1627664092,1837,596,500,38,7299,14308516
1627664289,1853,600,501,38,7334,14467748
1627664484,1868,600,503,38,7334,14626980
1627664786,1872,601,504,38,7341,14732116
1627665006,1876,603,506,38,7351,14843084
1627665269,1881,606,508,38,7388,14968968
1627665559,1909,607,556,38,7396,15119088
1627665835,1913,608,558,38,7403,15283435
1627666075,1922,610,559,38,7631,15448467
1627666299,1923,611,559,38,7637,15613705
1627666514,1923,611,579,38,7637,15778945
1627666710,1925,611,579,38,7637,15944185
1627666908,1928,612,580,38,7638,16109425
1627667096,1938,617,580,38,7666,16274665
1627667272,1940,617,580,38,7666,16439905
1627667448,1970,622,580,38,7673,16605145
1627667745,1978,622,580,38,7673,16750735
1627667960,1991,624,581,38,7680,16917135
1627668174,2000,627,581,38,7731,17083535
1627668389,2008,627,581,38,7731,17249935
1627668717,2012,628,581,38,7732,17357158
1627668953,2015,629,583,38,7734,17467831
1627669226,2042,631,587,38,7768,17602888
1627669528,2045,631,589,38,7768,17758821
1627669832,2048,632,590,38,7770,17926380
1627670085,2049,633,695,38,7771,18094648
1627670307,2059,633,698,38,7771,18262910
1627670519,2063,635,698,38,7774,18431210
1627670720,2063,635,698,38,7774,18599510
1627670921,2064,636,698,38,7775,18767810
1627671124,2067,636,699,38,7775,18936110
1627671306,2068,636,699,38,7775,19104410
1627671485,2068,636,699,38,7775,19272710
1627671826,2084,636,699,38,7775,19420035
1627672058,2157,644,702,39,7789,19589507
1627672282,2185,646,704,42,7794,19758979
1627672510,2198,646,704,42,7794,19928451
1627672743,2222,648,707,42,7801,20097923
1627673102,2224,648,709,42,7801,20215275
1627673395,2228,649,711,42,7808,20337255
1627673697,2236,650,714,42,7811,20482295
1627674036,2243,652,716,42,7818,20649006
1627674357,2248,652,719,42,7818,20828077
1627674600,2250,652,721,42,7818,21009613
1627674834,2251,652,721,42,7818,21191162
1627675061,2268,664,721,42,7850,21372722
1627675282,2271,667,721,42,7923,21554282
1627675494,2273,667,721,42,7923,21735842
1627675710,2273,667,721,42,7923,21917402
1627675916,2280,667,727,42,7923,22098962
1627676106,2280,667,727,42,7923,22280522
1627676456,2314,668,727,42,7924,22433403
1627676712,2373,675,732,42,7963,22616187
1627676959,2416,677,735,42,7968,22798971
1627677208,2434,678,737,42,7970,22981755
1627677459,2441,679,737,42,7972,23164539
1627677863,2447,679,738,42,7972,23292366
1627678164,2449,679,740,42,7972,23421698
1627678555,2472,681,743,42,7974,23579852
1627678903,2480,684,744,42,7982,23760568
1627679241,2485,687,746,42,7992,23952978
1627679527,2490,688,746,42,7994,24146715
1627679786,2493,688,749,42,7994,24340515
1627680031,2496,688,749,42,7994,24534315
1627680266,2496,688,749,42,7994,24728115
1627680494,2498,690,749,42,7996,24921915
1627680722,2509,692,755,42,7999,25115715
1627680930,2522,692,755,42,7999,25309515
1627681134,2522,692,755,42,7999,25502805
1627681526,2539,692,756,42,7999,25665212
1627681796,2560,697,757,42,8008,25860284
1627682063,2575,697,757,42,8008,26055356
1627682335,2583,698,760,42,8014,26250428
1627682603,2594,700,760,42,8026,26445500
1627683028,2596,700,760,42,8026,26579481
1627683312,2600,700,764,42,8026,26709138
1627683676,2603,700,766,42,8026,26869801
1627684092,2605,700,766,42,8026,27051851
1627684425,2609,700,767,42,8026,27243125
1627684712,2612,700,767,42,8026,27436875
1627684972,2614,702,767,42,8030,27630675
1627685226,2617,704,768,42,8043,27824472
1627685461,2618,704,768,42,8043,28018272
1627685690,2620,704,769,42,8043,28212072
1627685913,2625,704,769,42,8043,28405872
1627686135,2638,705,769,42,8048,28599672
1627686337,2640,705,769,42,8048,28792962
1627686729,2651,710,769,42,8066,28955382
1627687002,2661,712,770,42,8069,29150454
1627687272,2671,714,770,42,8073,29345526
1627687546,2676,714,770,42,8073,29540598
1627687957,2678,715,771,42,8075,29670101
1627688324,2682,716,772,42,8078,29803679
1627688708,2683,716,772,42,8078,29961421
1627689119,2683,716,772,42,8078,30142359
1627689445,2685,716,774,42,8078,30333662
1627689766,2688,717,775,42,8079,30527402
1627690024,2690,717,775,42,8079,30721149
1627690273,2694,718,775,42,8081,30914945
1627690511,2702,718,781,42,8081,31108742
1627690736,2703,718,781,42,8081,31302542
1627690953,2703,718,781,42,8081,31495832
1627691168,2704,718,781,42,8081,31689122
1627691373,2707,718,781,42,8081,31882412
1627691775,2722,720,781,43,8085,32047103
1627692058,2726,720,781,43,8085,32242175
1627692483,2727,720,781,43,8085,32368704
1627692851,2728,720,783,43,8085,32503111
1627693296,2729,720,783,43,8085,32666998
1627693721,2729,720,783,43,8085,32854424
1627694083,2729,720,783,43,8085,33052092
1627694406,2734,721,783,44,8089,33250853
1627694685,2736,721,783,44,8089,33449747
1627694935,2737,721,783,44,8089,33648645
1627695178,2739,721,783,44,8089,33847545
1627695422,2740,721,783,44,8089,34045935
1627695641,2740,721,783,44,8089,34243815
1627695865,2740,721,784,44,8089,34441695
1627696074,2741,721,784,44,8089,34639575
1627696483,2748,721,784,44,8089,34808743
1627696779,2756,725,784,44,8097,35008935
1627697065,2764,726,787,44,8101,35209127
1627697356,2767,727,788,44,8102,35409319
1627697761,2767,727,788,44,8102,35532404
1627698118,2767,727,788,44,8102,35661276
1627698506,2771,727,790,44,8102,35824710
1627698889,2772,727,791,44,8102,36004848
1627699247,2774,728,791,44,8112,36197275
1627699542,2779,728,795,63,8112,36390817
1627699810,2782,728,798,63,8112,36584484
1627700062,2786,730,800,63,8115,36778284
1627700298,2788,730,800,63,8115,36971574
1627700523,2788,730,800,63,8115,37164354
1627700741,2788,730,800,63,8115,37357134
1627700953,2791,731,800,63,8117,37549914
1627701158,2791,731,800,63,8117,37742694
1627701562,2797,731,801,63,8117,37909119
1627701848,2799,732,801,63,8118,38104191
1627702133,2803,733,802,63,8133,38299263
1627702566,2804,734,802,63,8138,38425304
1627702929,2805,734,803,63,8138,38560301
1627703273,2806,734,804,63,8138,38719191
1627703661,2806,734,804,63,8138,38901144
1627704052,2806,734,804,63,8138,39095891
1627704373,2810,735,805,63,8140,39292092
1627704640,2812,735,806,63,8140,39488437
1627704888,2817,735,806,63,8140,39684786
1627705128,2817,735,806,63,8140,39880626
1627705357,2821,735,810,63,8140,40076466
1627705577,2821,735,810,63,8140,40271796
1627705792,2822,736,810,63,8147,40467126
1627706000,2827,736,810,63,8147,40662456
1627706409,2830,736,811,63,8147,40832672
1627706694,2836,736,811,64,8147,41030304
1627707103,2836,736,811,64,8147,41152404
1627707475,2841,736,811,64,8147,41283247
1627707880,2841,736,811,64,8147,41441998
1627708247,2846,737,814,64,8149,41620535
1627708610,2847,737,814,64,8149,41814150
1627708916,2847,737,814,64,8149,42009367
1627709177,2847,737,814,64,8149,42204677
1627709439,2849,737,817,64,8149,42400007
1627709677,2849,737,817,64,8149,42594827
1627709907,2851,737,817,64,8149,42789647
1627710128,2852,737,817,64,8149,42983957
1627710349,2856,737,818,64,8149,43178267
1627710557,2858,737,818,64,8149,43372577
1627710966,2859,737,818,64,8149,43541064
1627711247,2862,737,818,65,8149,43737672
1627711683,2863,738,818,65,8150,43870542
1627712043,2864,738,823,65,8150,44002952
1627712495,2866,738,825,65,8150,44165744
1627712865,2868,740,826,65,8155,44347467
1627713283,2868,740,826,65,8155,44543756
1627713576,2868,740,826,65,8155,44741451
1627713858,2870,741,827,66,8160,44939272
1627714111,2872,741,828,66,8160,45137152
1627714357,2872,741,828,66,8160,45334522
1627714602,2873,741,828,66,8160,45531892
1627714823,2873,741,828,66,8160,45728752
1627715039,2874,741,828,66,8160,45925612
1627715248,2874,741,828,66,8160,46122472
1627715656,2877,741,829,66,8160,46294175
1627715938,2881,741,831,66,8160,46493343
1627716363,2881,741,831,66,8160,46614362
1627716708,2881,741,831,66,8160,46743274
1627717139,2882,741,832,66,8160,46902974
1627717556,2884,741,835,66,8160,47083756
1627717940,2885,741,836,66,8160,47277073
1627718224,2887,743,837,67,8167,47472238
1627718502,2892,743,838,67,8167,47667526
1627718747,2892,743,838,67,8167,47862856
1627718995,2892,743,838,67,8167,48057676
1627719227,2892,743,838,67,8167,48252496
1627719452,2892,743,840,67,8167,48446806
1627719669,2893,743,840,67,8167,48641116
1627719878,2894,743,840,67,8167,48835426
1627720297,2897,744,842,67,8188,49004983
1627720580,2900,745,842,67,8194,49201591
1627720862,2904,745,844,67,8194,49398199
1627721297,2904,745,844,67,8194,49522063
1627721673,2904,745,844,67,8194,49650211
1627722106,2904,745,844,67,8194,49809608
1627722523,2905,745,845,67,8194,49987587
1627722884,2906,745,846,67,8194,50179752
1627723183,2906,745,846,67,8194,50374337
1627723443,2907,745,846,67,8194,50569131
1627723699,2908,745,846,67,8194,50763951
1627723938,2911,745,846,67,8194,50958261
1627724178,2913,745,847,67,8194,51152571
1627724399,2914,745,847,67,8194,51346371
1627724609,2914,745,847,67,8194,51540171
1627724819,2914,745,847,67,8194,51733971
1627725252,2916,746,848,67,8196,51902536
1627725541,2920,749,848,68,8201,52098632
1627725818,2923,749,849,69,8201,52294728
1627726101,2927,749,849,69,8201,52490824
1627726550,2927,749,849,69,8201,52622066
1627726910,2927,749,849,69,8201,52750809
1627727299,2927,749,850,69,8201,52909955
1627727683,2929,749,852,69,8201,53092563
1627728024,2929,749,852,69,8201,53287290
1627728321,2931,750,853,69,8203,53484142
1627728601,2931,750,853,69,8203,53681418
1627728858,2931,750,853,69,8203,53878788
1627729100,2938,750,860,69,8203,54075648
1627729338,2943,750,860,69,8203,54271998
1627729558,2943,750,860,69,8203,54468348
1627729778,2943,750,860,69,8203,54664698
1627729986,2944,750,860,69,8203,54861048
