1627556425,35,20,0,0,2036,50
1627556449,166,59,0,0,2233,7460
1627556458,202,63,0,0,2245,14823
1627556468,247,67,0,0,2261,23288
1627556479,280,76,0,0,2293,32799
1627556490,304,81,0,0,2303,43480
1627556502,320,87,0,0,2321,54580
1627556514,339,93,0,0,2332,66009
1627556525,347,97,0,0,2340,77060
1627556533,354,102,0,0,2354,85158
1627556541,357,105,0,0,2362,92734
1627556547,364,105,0,0,2362,99363
1627556550,367,108,0,0,2373,102361
1627556550,367,108,0,0,2373,102871
1627556551,367,108,0,0,2373,103381
1627556563,493,148,0,0,2502,115669
1627556575,529,163,0,0,2520,127957
1627556587,563,178,0,0,2561,140245
1627556599,572,182,0,0,2565,152533
1627556611,582,183,0,0,2567,164821
1627556623,603,188,0,0,2579,177109
1627556669,603,188,0,0,2579,198295
1627556692,606,189,0,0,2581,219284
1627556721,612,193,0,0,2589,245694
1627556753,612,193,0,0,2589,276720
1627556786,612,193,0,0,2589,309814
1627556820,614,195,0,0,2592,343855
1627556854,616,195,0,0,2592,378481
1627556889,618,195,0,0,2592,413158
1627556921,619,195,0,0,2592,445683
1627556951,621,195,0,0,2592,477292
1627556980,623,197,0,0,2597,507883
1627557000,624,197,0,0,2597,527730
1627557014,624,197,0,0,2597,541500
1627557026,630,200,0,0,2605,553700
1627557065,658,209,0,0,2619,591076
1627557104,673,213,0,0,2629,628452
1627557142,680,216,0,0,2638,665828
1627557181,695,218,0,0,2644,703204
1627557230,702,218,0,0,2644,728479
1627557258,703,218,0,0,2644,753597
1627557291,703,218,0,0,2644,784088
1627557330,705,219,0,0,2651,820825
1627557371,707,219,0,0,2651,861533
1627557414,707,219,0,0,2651,903783
1627557457,708,219,0,0,2651,946870
1627557498,708,219,0,0,2651,988942
1627557536,710,221,0,0,2672,1028053
1627557572,710,221,0,0,2672,1066298
1627557607,711,221,0,0,2672,1103017
1627557636,711,221,0,0,2672,1131027
1627557658,711,221,0,0,2672,1152447
1627557678,712,221,0,0,2672,1170777
1627557726,719,221,0,0,2672,1215833
1627557775,719,221,0,0,2672,1241419
1627557804,721,223,0,0,2676,1266130
1627557832,721,223,0,0,2676,1293449
1627557870,721,223,0,0,2676,1330356
1627557912,722,223,0,0,2676,1370851
1627557957,723,223,0,0,2676,1413076
1627558001,723,223,0,0,2676,1456353
1627558040,724,224,0,0,2680,1498333
1627558078,724,224,0,0,2680,1537531
1627558114,726,224,0,0,2680,1575774
1627558150,726,224,0,0,2680,1612494
1627558178,726,224,0,0,2680,1641033
1627558202,726,224,0,0,2680,1663983
1627558223,727,225,0,0,2689,1683866
1627558271,739,229,0,0,2700,1728922
1627558320,745,229,0,0,2700,1773978
1627558368,752,233,0,0,2747,1819034
1627558419,757,233,0,0,2747,1846378
1627558449,757,233,0,0,2747,1872190
1627558483,757,233,0,0,2747,1903274
1627558522,757,233,0,0,2747,1940716
1627558565,759,233,0,0,2747,1983091
1627558609,760,233,0,0,2747,2027636
1627558653,769,233,0,0,2747,2073168
1627558696,769,233,0,0,2747,2117811
1627558737,769,233,0,0,2747,2160482
1627558777,769,233,0,0,2747,2202294
1627558815,769,233,0,0,2747,2242581
1627558847,770,234,0,0,2748,2274160
1627558873,770,234,0,0,2748,2299650
1627558896,771,235,0,0,2786,2322073
1627558946,779,239,0,0,2791,2369689
1627558997,783,239,0,0,2791,2417305
1627559048,786,239,0,0,2791,2464921
1627559096,786,239,0,0,2791,2488779
1627559123,787,239,0,0,2791,2513634
1627559154,787,239,0,0,2791,2542646
1627559190,787,239,0,0,2791,2576772
1627559228,787,239,0,0,2791,2616182
1627559268,787,239,0,0,2791,2657271
1627559309,788,239,0,0,2791,2699512
1627559349,789,240,0,0,2793,2741117
1627559387,790,240,0,0,2793,2780292
1627559424,791,241,0,0,2814,2819031
1627559461,791,241,0,0,2814,2856771
1627559492,795,242,0,0,2816,2886845
1627559518,795,242,0,0,2816,2911325
1627559542,796,242,0,0,2816,2933760
1627559590,806,242,0,0,2816,2978304
1627559641,806,242,0,0,2816,3004518
1627559671,806,242,0,0,2816,3031269
1627559701,806,242,0,0,2816,3060853
1627559737,806,242,0,0,2816,3095875
1627559778,806,242,0,0,2816,3137857
1627559822,806,242,0,0,2816,3182795
1627559865,807,242,0,0,2816,3228507
1627559908,807,242,0,0,2816,3273117
1627559948,809,242,0,0,2816,3315884
1627559989,817,243,0,0,2818,3358198
1627560030,818,243,0,0,2818,3399505
1627560065,819,244,0,0,2821,3433652
1627560094,819,244,0,0,2821,3462212
1627560123,821,244,0,0,2821,3489242
1627560174,826,246,0,0,2827,3536858
1627560225,829,247,0,0,2828,3584474
1627560276,833,249,0,0,2839,3632090
1627560326,833,249,0,0,2839,3657447
1627560353,833,249,0,0,2839,3683087
1627560382,833,249,0,0,2839,3711380
1627560417,834,249,0,0,2839,3744686
1627560458,834,249,0,0,2839,3786046
1627560501,834,249,0,0,2839,3829142
1627560545,834,249,0,0,2839,3873138
1627560587,834,249,0,0,2839,3916826
1627560627,834,249,0,0,2839,3959033
1627560666,834,249,0,0,2839,4000849
1627560705,835,250,0,0,2842,4041648
1627560739,835,250,0,0,2842,4075785
1627560769,835,250,0,0,2842,4104855
1627560797,836,250,0,0,2842,4130863
1627560847,839,250,0,0,2842,4176943
1627560896,839,250,0,0,2842,4201305
1627560923,839,250,0,0,2842,4225563
1627560954,839,250,0,0,2842,4253953
1627560988,841,250,0,0,2842,4286787
1627561026,841,250,0,0,2842,4326025
1627561067,842,250,0,0,2842,4367287
1627561107,842,250,0,0,2842,4409255
1627561146,842,250,0,0,2842,4450867
1627561185,842,250,0,0,2842,4491068
1627561223,842,250,0,0,2842,4530840
1627561261,842,250,0,0,2842,4569597
1627561294,842,250,0,0,2842,4602745
1627561323,842,250,0,0,2842,4630285
1627561347,842,250,0,0,2842,4654254
1627561394,847,252,0,0,2849,4698286
1627561441,851,254,0,0,2860,4742318
1627561488,853,255,0,0,2861,4786350
1627561545,853,255,0,0,2861,4814088
1627561576,853,255,0,0,2861,4840716
1627561611,853,255,0,0,2861,4871206
1627561650,853,255,0,0,2861,4906159
1627561694,853,255,0,0,2861,4948616
1627561736,854,256,0,0,2863,4992281
1627561782,854,256,0,0,2863,5036835
1627561824,855,257,0,0,2865,5080896
1627561865,855,257,0,0,2865,5123628
1627561905,855,257,0,0,2865,5165429
1627561946,855,257,0,0,2865,5206229
1627561982,855,257,0,0,2865,5241860
1627562014,855,257,0,0,2865,5272460
1627562043,855,257,0,0,2865,5299487
1627562095,861,258,0,0,2867,5346079
1627562147,861,258,0,0,2867,5392671
1627562202,867,258,0,0,2867,5420367
1627562235,867,258,0,0,2867,5448191
1627562273,868,258,0,0,2867,5480007
1627562314,868,258,0,0,2867,5516343
1627562357,868,258,0,0,2867,5558950
1627562402,868,258,0,0,2867,5604039
1627562449,868,258,0,0,2867,5649767
1627562494,868,258,0,0,2867,5695436
1627562535,868,258,0,0,2867,5739738
1627562578,869,259,0,0,2874,5783047
1627562619,870,260,0,0,2876,5825376
1627562656,871,261,0,0,2881,5862606
1627562689,871,261,0,0,2881,5894736
1627562719,871,261,0,0,2881,5923277
1627562773,875,261,0,0,2881,5971405
1627562826,875,261,0,0,2881,5998581
1627562859,875,261,0,0,2881,6025977
1627562895,875,261,0,0,2881,6056955
1627562937,875,261,0,0,2881,6095277
1627562982,875,261,0,0,2881,6138827
1627563026,875,261,0,0,2881,6183828
1627563071,875,261,0,0,2881,6229307
1627563118,875,261,0,0,2881,6274188
1627563161,875,261,0,0,2881,6318505
1627563205,877,261,0,0,2881,6361830
1627563245,877,261,0,0,2881,6404160
1627563281,877,261,0,0,2881,6441372
1627563313,877,261,0,0,2881,6472482
1627563343,878,261,0,0,2881,6500006
1627563396,882,262,0,0,2883,6547622
1627563448,884,262,0,0,2883,6595238
1627563503,885,263,0,0,2884,6623655
1627563536,885,263,0,0,2884,6651927
1627563571,885,263,0,0,2884,6683530
1627563612,885,263,0,0,2884,6722147
1627563658,885,263,0,0,2884,6766279
1627563704,885,263,0,0,2884,6811613
1627563751,886,263,0,0,2884,6858229
1627563797,889,264,0,0,2885,6904178
1627563841,889,264,0,0,2885,6949419
1627563887,889,264,0,0,2885,6993252
1627563931,889,264,0,0,2885,7036088
1627563967,890,264,0,0,2885,7072766
1627563998,890,264,0,0,2885,7103876
1627564028,890,264,0,0,2885,7130902
1627564082,894,265,0,0,2887,7179542
1627564135,894,265,0,0,2887,7228182
1627564189,894,265,0,0,2887,7256186
1627564223,894,265,0,0,2887,7284709
1627564260,894,265,0,0,2887,7317543
1627564301,894,265,0,0,2887,7355701
1627564346,895,265,0,0,2887,7399014
1627564391,895,265,0,0,2887,7442100
1627564437,895,265,0,0,2887,7488490
1627564481,895,265,0,0,2887,7534449
1627564525,897,265,0,0,2887,7579759
1627564572,897,265,0,0,2887,7623606
1627564612,897,265,0,0,2887,7666446
1627564650,897,265,0,0,2887,7703669
1627564682,897,265,0,0,2887,7735289
1627564711,897,265,0,0,2887,7762315
1627564765,898,265,0,0,2887,7810955
1627564820,898,265,0,0,2887,7840678
1627564854,898,265,0,0,2887,7869214
1627564890,898,265,0,0,2887,7901697
1627564931,898,265,0,0,2887,7939089
1627564976,898,265,0,0,2887,7982730
1627565023,898,265,0,0,2887,8026455
1627565070,898,265,0,0,2887,8072960
1627565114,898,265,0,0,2887,8119055
1627565157,898,265,0,0,2887,8164393
1627565201,898,265,0,0,2887,8208742
1627565245,898,265,0,0,2887,8252090
1627565282,899,266,0,0,2888,8289789
1627565314,899,266,0,0,2888,8321409
1627565344,899,266,0,0,2888,8348940
1627565398,900,266,0,0,2888,8397580
1627565454,900,266,0,0,2888,8427488
1627565489,900,266,0,0,2888,8456507
1627565525,900,266,0,0,2888,8488379
1627565566,900,266,0,0,2888,8526769
1627565614,900,266,0,0,2888,8570505
1627565661,900,266,0,0,2888,8615203
1627565711,900,266,0,0,2888,8661751
1627565759,900,266,0,0,2888,8708320
1627565803,900,266,0,0,2888,8754146
1627565846,900,266,0,0,2888,8799004
1627565888,900,266,0,0,2888,8842859
1627565925,900,266,0,0,2888,8881086
1627565957,900,266,0,0,2888,8913216
1627565987,900,266,0,0,2888,8940750
1627566041,904,267,0,0,2892,8989390
1627566094,905,267,0,0,2892,9038030
1627566149,905,267,0,0,2892,9067350
1627566183,905,267,0,0,2892,9097079
1627566218,905,267,0,0,2892,9128898
1627566262,905,267,0,0,2892,9167528
1627566308,905,267,0,0,2892,9210794
1627566353,906,268,0,0,2893,9255543
1627566402,906,268,0,0,2893,9301928
1627566447,906,268,0,0,2893,9348544
1627566491,906,268,0,0,2893,9394312
1627566533,906,268,0,0,2893,9439185
1627566575,906,268,0,0,2893,9483040
1627566612,906,268,0,0,2893,9520776
1627566644,906,268,0,0,2893,9552396
1627566679,906,268,0,0,2893,9581427
1627566733,910,268,0,0,2893,9630067
1627566786,910,268,0,0,2893,9658702
1627566816,910,268,0,0,2893,9686258
1627566852,910,268,0,0,2893,9719096
1627566893,910,268,0,0,2893,9757589
1627566937,910,268,0,0,2893,9800081
1627566982,910,268,0,0,2893,9843686
1627567028,910,268,0,0,2893,9889280
1627567072,910,268,0,0,2893,9934929
1627567115,910,268,0,0,2893,9979676
1627567156,910,268,0,0,2893,10023533
1627567198,910,268,0,0,2893,10066881
1627567234,911,269,0,0,2895,10103585
1627567265,911,269,0,0,2895,10134185
1627567296,911,269,0,0,2895,10162740
1627567347,914,270,0,0,2897,10210356
1627567398,914,270,0,0,2897,10257972
1627567450,914,270,0,0,2897,10286260
1627567479,914,270,0,0,2897,10313353
1627567513,914,270,0,0,2897,10345272
1627567554,914,270,0,0,2897,10383129
1627567595,914,270,0,0,2897,10424919
1627567639,914,270,0,0,2897,10467662
1627567684,914,270,0,0,2897,10512728
1627567729,914,270,0,0,2897,10557794
1627567771,914,270,0,0,2897,10602124
1627567812,914,270,0,0,2897,10645469
1627567853,915,270,0,0,2897,10688302
1627567889,915,270,0,0,2897,10724457
1627567920,915,270,0,0,2897,10754547
1627567951,915,270,0,0,2897,10782583
1627568002,916,270,0,0,2897,10829687
1627568053,916,270,0,0,2897,10856873
1627568082,916,270,0,0,2897,10884032
1627568115,916,270,0,0,2897,10915099
1627568157,916,270,0,0,2897,10952303
1627568197,916,270,0,0,2897,10993255
1627568241,916,270,0,0,2897,11036001
1627568286,916,270,0,0,2897,11080708
1627568328,916,270,0,0,2897,11125306
1627568369,916,270,0,0,2897,11169085
1627568410,916,270,0,0,2897,11211921
1627568451,916,270,0,0,2897,11254250
1627568486,916,270,0,0,2897,11289912
1627568516,916,270,0,0,2897,11319492
1627568548,916,270,0,0,2897,11347538
1627568598,916,270,0,0,2897,11394130
1627568650,916,270,0,0,2897,11421003
1627568679,916,270,0,0,2897,11447927
1627568713,916,270,0,0,2897,11478888
1627568752,916,270,0,0,2897,11515880
1627568793,916,270,0,0,2897,11556860
1627568836,916,270,0,0,2897,11599661
1627568882,916,270,0,0,2897,11643549
1627568925,916,270,0,0,2897,11687784
1627568967,916,270,0,0,2897,11731035
1627569007,916,270,0,0,2897,11773358
1627569047,916,270,0,0,2897,11815178
1627569082,916,270,0,0,2897,11850328
1627569112,916,270,0,0,2897,11879908
1627569142,916,270,0,0,2897,11907949
1627569191,918,270,0,0,2897,11954029
1627569242,919,270,0,0,2897,11980335
1627569270,919,270,0,0,2897,12006172
1627569303,919,270,0,0,2897,12037263
1627569343,919,270,0,0,2897,12074805
1627569384,919,270,0,0,2897,12115965
1627569428,919,270,0,0,2897,12159057
1627569471,919,270,0,0,2897,12203233
1627569515,919,270,0,0,2897,12247325
1627569558,919,270,0,0,2897,12290581
1627569599,919,270,0,0,2897,12332904
1627569640,920,271,0,0,2898,12374723
1627569675,920,271,0,0,2898,12409842
1627569705,920,271,0,0,2898,12439422
1627569734,920,271,0,0,2898,12466956
1627569783,929,271,0,0,2898,12513036
1627569834,929,271,0,0,2898,12539452
1627569863,929,271,0,0,2898,12565684
1627569895,929,271,0,0,2898,12596436
1627569934,929,271,0,0,2898,12632964
1627569976,929,271,0,0,2898,12674326
1627570019,929,271,0,0,2898,12717037
1627570062,929,271,0,0,2898,12760749
1627570104,929,271,0,0,2898,12804425
1627570146,929,271,0,0,2898,12847173
1627570188,930,271,1,0,2898,12888980
1627570228,930,271,1,0,2898,12930290
1627570263,930,271,1,0,2898,12965426
1627570293,930,271,1,0,2898,12994496
1627570321,933,272,1,0,2899,13021515
1627570369,936,272,1,0,2899,13067083
1627570419,936,272,1,0,2899,13093370
1627570447,936,272,1,0,2899,13119328
1627570480,936,272,1,0,2899,13149933
1627570521,936,272,1,0,2899,13187590
1627570561,937,272,1,0,2899,13228539
1627570606,937,272,1,0,2899,13271114
1627570648,937,272,1,0,2899,13314807
1627570690,937,272,1,0,2899,13358368
1627570731,937,272,1,0,2899,13401132
1627570773,938,273,1,0,2900,13442925
1627570813,938,273,1,0,2900,13484219
1627570848,938,273,1,0,2900,13519368
1627570877,938,273,1,0,2900,13548438
1627570907,938,273,1,0,2900,13575440
1627570955,941,273,1,0,2900,13621008
1627571006,941,273,1,0,2900,13646780
1627571033,941,273,1,0,2900,13672154
1627571066,941,273,1,0,2900,13702222
1627571104,941,273,1,0,2900,13737880
1627571144,941,273,1,0,2900,13777857
1627571186,941,273,1,0,2900,13819908
1627571229,941,273,1,0,2900,13863164
1627571272,941,273,1,0,2900,13906238
1627571314,941,273,1,0,2900,13948518
1627571356,942,274,1,0,2925,13989822
1627571395,942,274,1,0,2925,14030617
1627571429,942,274,1,0,2925,14065251
1627571458,942,274,1,0,2925,14093811
1627571485,942,274,1,0,2925,14120323
1627571534,944,274,1,0,2925,14165379
1627571584,945,275,1,0,2929,14191354
1627571611,946,275,1,0,2929,14216509
1627571645,947,275,1,0,2929,14247503
1627571684,947,275,1,0,2929,14284627
1627571725,947,275,1,0,2929,14325187
1627571767,947,275,1,0,2929,14366924
1627571808,947,275,1,0,2929,14409593
1627571850,947,275,1,0,2929,14452340
1627571891,947,275,1,0,2929,14494077
1627571932,947,275,1,0,2929,14534872
1627571972,947,275,1,0,2929,14575162
1627572006,947,275,1,0,2929,14609315
1627572036,947,275,1,0,2929,14637875
1627572065,947,275,1,0,2929,14664394
1627572113,954,278,1,0,2961,14708938
1627572161,954,278,1,0,2961,14753482
1627572208,956,278,1,0,2961,14798026
1627572259,956,278,1,0,2961,14825185
1627572291,956,278,1,0,2961,14853182
1627572323,956,278,1,0,2961,14883776
1627572361,957,279,1,0,2963,14920901
1627572403,957,279,1,0,2963,14963659
1627572447,957,279,1,0,2963,15008064
1627572493,957,279,1,0,2963,15053745
1627572538,957,279,1,0,2963,15099413
1627572583,958,279,1,0,2963,15144219
1627572625,958,279,1,0,2963,15187553
1627572667,958,279,1,0,2963,15230393
1627572703,958,279,1,0,2963,15266570
1627572733,958,279,1,0,2963,15296660
1627572763,958,279,1,0,2963,15324690
1627572814,960,279,1,0,2963,15372306
1627572865,960,279,1,0,2963,15399208
1627572893,960,279,1,0,2963,15425759
1627572926,960,279,1,0,2963,15456092
1627572965,960,279,1,0,2963,15493466
1627573006,961,279,1,0,2963,15535055
1627573050,961,279,1,0,2963,15578691
1627573097,963,280,1,0,2965,15623832
1627573142,963,280,1,0,2965,15668910
1627573186,963,280,1,0,2965,15713186
1627573229,963,280,1,0,2965,15756010
1627573269,963,280,1,0,2965,15798340
1627573304,963,280,1,0,2965,15833490
1627573334,963,280,1,0,2965,15863070
1627573364,963,280,1,0,2965,15890598
1627573414,968,280,1,0,2965,15937702
1627573464,968,280,1,0,2965,15963320
1627573493,968,280,1,0,2965,15989976
1627573525,968,280,1,0,2965,16020979
1627573565,969,280,1,0,2965,16058893
1627573607,969,280,1,0,2965,16101310
1627573651,969,280,1,0,2965,16144992
1627573695,969,280,1,0,2965,16189819
1627573739,969,280,1,0,2965,16234522
1627573783,969,280,1,0,2965,16278278
1627573825,969,280,1,0,2965,16320597
1627573865,969,280,1,0,2965,16362378
1627573900,969,280,1,0,2965,16397524
1627573930,969,280,1,0,2965,16427104
1627573959,969,280,1,0,2965,16454640
1627574009,972,283,1,0,2977,16501232
1627574059,976,284,1,0,2979,16547824
1627574108,978,285,1,0,2980,16594416
1627574161,978,285,1,0,2980,16621684
1627574190,978,285,1,0,2980,16648951
1627574224,979,286,1,0,2983,16679951
1627574264,979,286,1,0,2983,16718209
1627574308,979,286,1,0,2983,16760690
1627574353,980,286,1,0,2983,16805146
1627574395,980,286,1,0,2983,16850395
1627574441,980,286,1,0,2983,16896043
1627574486,980,286,1,0,2983,16940867
1627574529,980,286,1,0,2983,16984724
1627574573,980,286,1,0,2983,17027531
1627574610,980,286,1,0,2983,17063697
1627574640,980,286,1,0,2983,17093277
1627574669,980,286,1,0,2983,17120816
1627574720,981,286,1,0,2983,17167920
1627574772,981,286,1,0,2983,17194836
1627574801,981,286,1,0,2983,17221684
1627574836,981,286,1,0,2983,17253010
1627574876,981,286,1,0,2983,17290854
1627574920,981,286,1,0,2983,17333135
1627574964,981,286,1,0,2983,17376595
1627575006,981,286,1,0,2983,17421280
1627575052,981,286,1,0,2983,17466344
1627575095,981,286,1,0,2983,17510684
1627575139,981,286,1,0,2983,17554034
1627575180,981,286,1,0,2983,17596355
1627575216,981,286,1,0,2983,17632054
1627575245,981,286,1,0,2983,17660614
1627575273,981,286,1,0,2983,17687121
1627575323,985,288,1,0,2987,17733713
1627575373,987,288,1,0,2987,17780305
1627575423,990,288,1,0,2987,17826897
1627575475,990,288,1,0,2987,17853811
1627575504,990,288,1,0,2987,17880591
1627575538,990,288,1,0,2987,17910879
1627575577,990,288,1,0,2987,17947081
1627575617,990,288,1,0,2987,17986655
1627575660,990,288,1,0,2987,18028409
1627575702,990,288,1,0,2987,18071646
1627575745,990,288,1,0,2987,18115602
1627575788,990,288,1,0,2987,18158914
1627575830,990,288,1,0,2987,18201747
1627575871,990,288,1,0,2987,18243990
1627575905,990,288,1,0,2987,18278136
1627575934,990,288,1,0,2987,18306186
1627575960,990,288,1,0,2987,18331679
1627576009,993,288,1,0,2987,18377247
1627576060,993,288,1,0,2987,18404269
1627576090,993,288,1,0,2987,18430984
1627576123,993,288,1,0,2987,18460840
1627576163,993,288,1,0,2987,18497825
1627576203,994,288,1,0,2987,18537705
1627576245,994,288,1,0,2987,18580122
1627576288,994,288,1,0,2987,18623888
1627576331,994,288,1,0,2987,18668552
1627576375,994,288,1,0,2987,18712304
1627576418,994,288,1,0,2987,18755646
1627576459,994,288,1,0,2987,18798462
1627576493,994,288,1,0,2987,18833135
1627576522,994,288,1,0,2987,18861695
1627576549,994,288,1,0,2987,18887669
1627576599,995,288,1,0,2987,18933749
1627576650,995,288,1,0,2987,18960690
1627576680,995,288,1,0,2987,18987502
1627576712,995,288,1,0,2987,19017560
1627576752,995,288,1,0,2987,19055492
1627576794,995,288,1,0,2987,19095824
1627576838,995,288,1,0,2987,19138878
1627576881,995,288,1,0,2987,19183014
1627576927,995,288,1,0,2987,19228002
1627576971,995,288,1,0,2987,19272345
1627577015,995,288,1,0,2987,19316204
1627577057,995,288,1,0,2987,19359487
1627577091,995,288,1,0,2987,19394119
1627577121,995,288,1,0,2987,19422679
1627577148,995,288,1,0,2987,19448685
1627577198,1000,289,1,0,2989,19495277
1627577248,1002,289,1,0,2989,19541869
1627577300,1002,289,1,0,2989,19568892
1627577330,1002,289,1,0,2989,19596535
1627577362,1002,289,1,0,2989,19625997
1627577403,1002,289,1,0,2989,19663869
1627577443,1002,289,1,0,2989,19704835
1627577486,1002,289,1,0,2989,19747565
1627577530,1002,289,1,0,2989,19791795
1627577575,1002,289,1,0,2989,19836813
1627577618,1002,289,1,0,2989,19881075
1627577661,1002,289,1,0,2989,19924923
1627577703,1002,289,1,0,2989,19968246
1627577738,1002,289,1,0,2989,20002880
1627577767,1002,289,1,0,2989,20031440
1627577795,1002,289,1,0,2989,20057928
1627577845,1003,289,1,0,2989,20104520
1627577897,1003,289,1,0,2989,20131820
1627577927,1003,289,1,0,2989,20158727
1627577959,1003,289,1,0,2989,20188082
1627577999,1003,289,1,0,2989,20225716
1627578040,1003,289,1,0,2989,20266512
1627578083,1003,289,1,0,2989,20308875
1627578126,1004,289,1,0,2989,20352959
1627578171,1004,289,1,0,2989,20397972
1627578215,1004,289,1,0,2989,20442271
1627578258,1004,289,1,0,2989,20486128
1627578301,1004,289,1,0,2989,20529430
1627578335,1004,289,1,0,2989,20563541
1627578364,1004,289,1,0,2989,20591591
1627578392,1004,289,1,0,2989,20617430
1627578442,1006,289,1,0,2989,20664022
1627578496,1006,289,1,0,2989,20691609
1627578526,1006,289,1,0,2989,20718320
1627578557,1006,289,1,0,2989,20748021
1627578596,1006,289,1,0,2989,20784879
1627578638,1006,289,1,0,2989,20825968
1627578681,1006,289,1,0,2989,20868663
1627578725,1006,289,1,0,2989,20912986
1627578769,1006,289,1,0,2989,20957869
1627578812,1006,289,1,0,2989,21002145
1627578856,1006,289,1,0,2989,21045958
1627578898,1006,289,1,0,2989,21089763
1627578933,1006,289,1,0,2989,21124432
1627578963,1006,289,1,0,2989,21152992
1627578991,1006,289,1,0,2989,21179362
1627579041,1007,289,1,0,2989,21225954
1627579094,1007,289,1,0,2989,21253849
1627579124,1007,289,1,0,2989,21280451
1627579157,1007,289,1,0,2989,21310485
1627579197,1007,289,1,0,2989,21348014
1627579238,1007,289,1,0,2989,21388850
1627579282,1007,289,1,0,2989,21431722
1627579324,1007,289,1,0,2989,21475636
1627579369,1007,289,1,0,2989,21520252
1627579413,1007,289,1,0,2989,21564027
1627579455,1007,289,1,0,2989,21607364
1627579496,1007,289,1,0,2989,21650145
1627579529,1007,289,1,0,2989,21683730
1627579558,1007,289,1,0,2989,21711780
1627579586,1007,289,1,0,2989,21737628
1627579635,1008,289,1,0,2989,21783708
1627579688,1008,289,1,0,2989,21810761
1627579718,1008,289,1,0,2989,21837997
1627579749,1008,289,1,0,2989,21867002
1627579790,1008,289,1,0,2989,21904554
1627579830,1008,289,1,0,2989,21945089
1627579875,1008,289,1,0,2989,21987956
1627579917,1008,289,1,0,2989,22031959
1627579960,1008,289,1,0,2989,22076451
1627580004,1008,289,1,0,2989,22120249
1627580047,1008,289,1,0,2989,22163594
1627580090,1008,289,1,0,2989,22206417
1627580123,1008,289,1,0,2989,22239507
1627580151,1008,289,1,0,2989,22267557
1627580180,1008,289,1,0,2989,22293483
1627580229,1009,289,1,0,2989,22339563
1627580282,1009,289,1,0,2989,22366923
1627580312,1009,289,1,0,2989,22393961
1627580345,1009,289,1,0,2989,22423903
1627580385,1009,289,1,0,2989,22461240
1627580427,1009,289,1,0,2989,22502183
1627580470,1009,289,1,0,2989,22544903
1627580513,1009,289,1,0,2989,22588869
1627580556,1009,289,1,0,2989,22633367
1627580600,1009,289,1,0,2989,22677133
1627580644,1009,289,1,0,2989,22720468
1627580687,1009,289,1,0,2989,22763300
1627580720,1009,289,1,0,2989,22796442
1627580748,1009,289,1,0,2989,22824492
1627580776,1009,289,1,0,2989,22850323
1627580826,1010,289,1,0,2989,22896403
1627580878,1010,289,1,0,2989,22923871
1627580909,1010,289,1,0,2989,22951462
1627580944,1010,289,1,0,2989,22983695
1627580984,1010,289,1,0,2989,23022320
1627581025,1010,289,1,0,2989,23062983
1627581069,1010,289,1,0,2989,23106708
1627581113,1010,289,1,0,2989,23151654
1627581159,1010,289,1,0,2989,23196970
1627581204,1010,289,1,0,2989,23241742
1627581248,1011,290,1,0,2991,23286104
1627581292,1011,290,1,0,2991,23329918
1627581326,1011,290,1,0,2991,23364058
1627581356,1011,290,1,0,2991,23393128
1627581384,1011,290,1,0,2991,23420064
1627581435,1011,290,1,0,2991,23467168
1627581488,1011,290,1,0,2991,23495319
1627581519,1011,290,1,0,2991,23522470
1627581551,1011,290,1,0,2991,23552693
1627581592,1011,290,1,0,2991,23590812
1627581634,1011,290,1,0,2991,23633045
1627581679,1011,290,1,0,2991,23676382
1627581723,1011,290,1,0,2991,23721450
1627581767,1011,290,1,0,2991,23766713
1627581812,1011,290,1,0,2991,23811440
1627581857,1011,290,1,0,2991,23855796
1627581902,1011,290,1,0,2991,23900075
1627581936,1011,290,1,0,2991,23934723
1627581966,1011,290,1,0,2991,23964303
1627581995,1011,290,1,0,2991,23991804
1627582046,1014,291,1,0,2992,24038908
1627582096,1015,291,1,0,2992,24086012
1627582148,1015,291,1,0,2992,24113849
1627582179,1015,291,1,0,2992,24141062
1627582213,1015,291,1,0,2992,24172217
1627582253,1015,291,1,0,2992,24209987
1627582295,1015,291,1,0,2992,24252478
1627582339,1015,291,1,0,2992,24296464
1627582385,1015,291,1,0,2992,24341652
1627582430,1015,291,1,0,2992,24387255
1627582475,1015,291,1,0,2992,24432090
1627582518,1015,291,1,0,2992,24476451
1627582560,1016,291,1,0,2992,24520725
1627582593,1016,291,1,0,2992,24554857
1627582624,1016,291,1,0,2992,24584437
1627582652,1016,291,1,0,2992,24611955
1627582703,1016,291,1,0,2992,24659059
1627582755,1016,291,1,0,2992,24686466
1627582786,1016,291,1,0,2992,24713344
1627582820,1016,291,1,0,2992,24745076
1627582860,1016,291,1,0,2992,24782549
1627582903,1016,291,1,0,2992,24824905
1627582947,1016,291,1,0,2992,24869246
1627582991,1016,291,1,0,2992,24914264
1627583036,1016,291,1,0,2992,24959917
1627583079,1016,291,1,0,2992,25004756
1627583123,1016,291,1,0,2992,25049124
1627583166,1016,291,1,0,2992,25093398
1627583199,1016,291,1,0,2992,25127541
1627583229,1016,291,1,0,2992,25157121
1627583259,1016,291,1,0,2992,25184631
1627583310,1016,291,1,0,2992,25231735
1627583364,1016,291,1,0,2992,25259696
1627583395,1016,291,1,0,2992,25287915
1627583429,1016,291,1,0,2992,25319278
1627583469,1016,291,1,0,2992,25358155
1627583512,1016,291,1,0,2992,25400015
1627583556,1016,291,1,0,2992,25443937
1627583601,1016,291,1,0,2992,25488868
1627583646,1016,291,1,0,2992,25534539
1627583689,1016,291,1,0,2992,25579336
1627583732,1016,291,1,0,2992,25623702
1627583774,1016,291,1,0,2992,25667517
1627583807,1016,291,1,0,2992,25700642
1627583836,1016,291,1,0,2992,25729202
1627583863,1016,291,1,0,2992,25755711
1627583914,1019,293,1,0,2996,25802815
1627583963,1020,293,1,0,2996,25849919
1627584013,1021,293,1,0,2996,25897023
1627584065,1021,293,1,0,2996,25924695
1627584096,1021,293,1,0,2996,25951994
1627584130,1021,293,1,0,2996,25983870
1627584171,1021,293,1,0,2996,26021503
1627584211,1021,293,1,0,2996,26062395
1627584254,1021,293,1,0,2996,26105589
1627584300,1021,293,1,0,2996,26150134
1627584345,1021,293,1,0,2996,26195180
1627584388,1021,293,1,0,2996,26239503
1627584430,1021,293,1,0,2996,26283356
1627584474,1021,293,1,0,2996,26327199
1627584507,1021,293,1,0,2996,26360295
1627584535,1021,293,1,0,2996,26388855
1627584563,1021,293,1,0,2996,26415357
1627584613,1021,293,1,0,2996,26461949
1627584664,1021,293,1,0,2996,26488948
1627584695,1021,293,1,0,2996,26516433
1627584728,1021,293,1,0,2996,26547376
1627584769,1021,293,1,0,2996,26585155
1627584810,1021,293,1,0,2996,26626652
1627584853,1021,293,1,0,2996,26669885
1627584899,1021,293,1,0,2996,26714392
1627584942,1022,293,1,0,2996,26759529
1627584987,1022,293,1,0,2996,26803846
1627585031,1022,293,1,0,2996,26847696
1627585074,1022,293,1,0,2996,26891535
1627585106,1022,293,1,0,2996,26924662
1627585136,1022,293,1,0,2996,26953222
1627585164,1022,293,1,0,2996,26979733
1627585215,1022,293,1,0,2996,27026325
1627585267,1022,293,1,0,2996,27053431
1627585297,1022,293,1,0,2996,27080192
1627585332,1022,293,1,0,2996,27111861
1627585371,1022,293,1,0,2996,27150593
1627585414,1022,293,1,0,2996,27192193
1627585458,1022,293,1,0,2996,27236060
1627585501,1022,293,1,0,2996,27280774
1627585547,1022,293,1,0,2996,27325957
1627585592,1022,293,1,0,2996,27370309
1627585635,1022,293,1,0,2996,27414168
1627585678,1022,293,1,0,2996,27457473
1627585710,1022,293,1,0,2996,27490067
1627585738,1022,293,1,0,2996,27518117
1627585767,1022,293,1,0,2996,27544115
1627585817,1024,294,1,0,3005,27590707
1627585867,1024,294,1,0,3005,27637299
1627585917,1024,294,1,0,3005,27663662
1627585947,1024,294,1,0,3005,27689836
1627585980,1024,294,1,0,3005,27720746
1627586018,1024,294,1,0,3005,27757039
1627586058,1024,294,1,0,3005,27797383
1627586100,1024,294,1,0,3005,27839880
1627586144,1024,294,1,0,3005,27883424
1627586189,1024,294,1,0,3005,27927353
1627586231,1024,294,1,0,3005,27970643
1627586272,1024,294,1,0,3005,28013470
1627586313,1024,294,1,0,3005,28056221
1627586345,1024,294,1,0,3005,28088850
1627586374,1024,294,1,0,3005,28116900
1627586401,1024,294,1,0,3005,28142902
1627586450,1024,294,1,0,3005,28188470
1627586501,1024,294,1,0,3005,28215117
1627586532,1024,294,1,0,3005,28241812
1627586565,1024,294,1,0,3005,28272584
1627586605,1024,294,1,0,3005,28310211
1627586648,1024,294,1,0,3005,28351186
1627586691,1024,294,1,0,3005,28393998
1627586733,1024,294,1,0,3005,28437535
1627586776,1024,294,1,0,3005,28481568
1627586819,1024,294,1,0,3005,28524862
1627586861,1024,294,1,0,3005,28567689
1627586902,1024,294,1,0,3005,28610461
1627586934,1024,294,1,0,3005,28643073
1627586962,1024,294,1,0,3005,28671123
1627586990,1024,294,1,0,3005,28697127
1627587039,1024,294,1,0,3005,28742695
1627587090,1024,294,1,0,3005,28768531
1627587119,1024,294,1,0,3005,28795450
1627587153,1024,294,1,0,3005,28826429
1627587191,1024,294,1,0,3005,28864004
1627587233,1024,294,1,0,3005,28904926
1627587274,1024,294,1,0,3005,28947253
1627587319,1024,294,1,0,3005,28991029
1627587362,1024,294,1,0,3005,29035007
1627587406,1024,294,1,0,3005,29078265
1627587447,1024,294,1,0,3005,29121097
1627587487,1024,294,1,0,3005,29163374
1627587519,1024,294,1,0,3005,29195482
1627587547,1024,294,1,0,3005,29223022
1627587573,1024,294,1,0,3005,29248513
1627587621,1025,294,1,0,3005,29294081
1627587673,1025,294,1,0,3005,29320444
1627587702,1025,294,1,0,3005,29346930
1627587735,1025,294,1,0,3005,29377201
1627587775,1025,294,1,0,3005,29415147
1627587815,1025,294,1,0,3005,29455530
1627587857,1025,294,1,0,3005,29498082
1627587900,1025,294,1,0,3005,29541621
1627587945,1025,294,1,0,3005,29585663
1627587989,1025,294,1,0,3005,29628832
1627588031,1025,294,1,0,3005,29671646
1627588072,1025,294,1,0,3005,29713974
1627588103,1025,294,1,0,3005,29746060
1627588132,1025,294,1,0,3005,29773600
1627588158,1025,294,1,0,3005,29799087
1627588207,1025,294,1,0,3005,29844655
1627588258,1025,294,1,0,3005,29870902
1627588288,1025,294,1,0,3005,29897144
1627588322,1025,294,1,0,3005,29928567
1627588360,1025,294,1,0,3005,29965868
1627588402,1025,294,1,0,3005,30006820
1627588444,1025,294,1,0,3005,30049066
1627588488,1025,294,1,0,3005,30092634
1627588533,1025,294,1,0,3005,30136602
1627588576,1025,294,1,0,3005,30179809
1627588618,1025,294,1,0,3005,30222643
1627588659,1025,294,1,0,3005,30264897
1627588690,1025,294,1,0,3005,30296986
1627588719,1025,294,1,0,3005,30324526
1627588745,1025,294,1,0,3005,30350013
1627588795,1025,294,1,0,3005,30395581
1627588846,1025,294,1,0,3005,30422444
1627588876,1025,294,1,0,3005,30448558
1627588908,1025,294,1,0,3005,30478987
1627588949,1025,294,1,0,3005,30517062
1627588989,1025,294,1,0,3005,30556720
1627589032,1025,294,1,0,3005,30599125
1627589074,1025,294,1,0,3005,30642494
1627589118,1025,294,1,0,3005,30686481
1627589161,1025,294,1,0,3005,30729629
1627589204,1025,294,1,0,3005,30772451
1627589245,1025,294,1,0,3005,30815265
1627589277,1025,294,1,0,3005,30848389
1627589307,1025,294,1,0,3005,30876949
1627589336,1025,294,1,0,3005,30903463
1627589385,1025,294,1,0,3005,30949031
1627589439,1025,294,1,0,3005,30976434
1627589468,1025,294,1,0,3005,31003061
1627589501,1025,294,1,0,3005,31034028
1627589540,1025,294,1,0,3005,31071339
1627589580,1025,294,1,0,3005,31111993
1627589623,1025,294,1,0,3005,31154804
1627589665,1025,294,1,0,3005,31198886
1627589709,1025,294,1,0,3005,31243498
1627589753,1025,294,1,0,3005,31287342
1627589795,1025,294,1,0,3005,31330678
1627589837,1025,294,1,0,3005,31374001
1627589871,1025,294,1,0,3005,31407637
1627589900,1025,294,1,0,3005,31436707
1627589929,1025,294,1,0,3005,31463733
1627589978,1026,295,1,0,3006,31509813
1627590027,1028,295,1,0,3006,31555893
1627590080,1028,295,1,0,3006,31582562
1627590108,1028,295,1,0,3006,31608484
1627590142,1028,295,1,0,3006,31640217
1627590180,1028,295,1,0,3006,31678170
1627590223,1028,295,1,0,3006,31719704
1627590266,1028,295,1,0,3006,31763114
1627590309,1028,295,1,0,3006,31807794
1627590354,1028,295,1,0,3006,31852795
1627590399,1028,295,1,0,3006,31897075
1627590443,1028,295,1,0,3006,31940931
1627590484,1028,295,1,0,3006,31984202
1627590518,1028,295,1,0,3006,32017848
1627590548,1028,295,1,0,3006,32046918
1627590576,1028,295,1,0,3006,32073940
1627590626,1030,295,1,0,3006,32120532
1627590679,1030,295,1,0,3006,32147517
1627590709,1030,295,1,0,3006,32175447
1627590744,1030,295,1,0,3006,32207678
1627590783,1030,295,1,0,3006,32246421
1627590826,1030,295,1,0,3006,32288109
1627590871,1030,295,1,0,3006,32332180
1627590915,1030,295,1,0,3006,32377418
1627590960,1030,295,1,0,3006,32423020
1627591005,1030,295,1,0,3006,32467776
1627591049,1030,295,1,0,3006,32512145
1627591091,1030,295,1,0,3006,32556002
1627591124,1030,295,1,0,3006,32589639
1627591153,1030,295,1,0,3006,32618709
1627591181,1030,295,1,0,3006,32645734
1627591232,1032,295,1,0,3006,32692838
1627591284,1032,295,1,0,3006,32720650
1627591316,1032,295,1,0,3006,32748975
1627591351,1032,295,1,0,3006,32780537
1627591392,1032,295,1,0,3006,32819862
1627591434,1032,295,1,0,3006,32861549
1627591478,1032,295,1,0,3006,32905584
1627591521,1032,295,1,0,3006,32950857
1627591567,1032,295,1,0,3006,32996372
1627591612,1032,295,1,0,3006,33041205
1627591656,1032,295,1,0,3006,33085572
1627591699,1032,295,1,0,3006,33129411
1627591732,1032,295,1,0,3006,33163044
1627591761,1032,295,1,0,3006,33192114
1627591791,1032,295,1,0,3006,33219125
1627591842,1034,295,1,0,3006,33266229
1627591894,1034,295,1,0,3006,33293366
1627591924,1034,295,1,0,3006,33320763
1627591958,1034,295,1,0,3006,33351492
1627591998,1034,295,1,0,3006,33389712
1627592040,1034,295,1,0,3006,33431082
1627592083,1034,295,1,0,3006,33474506
1627592126,1034,295,1,0,3006,33519189
1627592171,1034,295,1,0,3006,33564254
1627592215,1034,295,1,0,3006,33608518
1627592259,1034,295,1,0,3006,33652370
1627592300,1034,295,1,0,3006,33695720
1627592333,1034,295,1,0,3006,33729372
1627592363,1034,295,1,0,3006,33758442
1627592393,1034,295,1,0,3006,33785463
1627592443,1035,295,1,0,3006,33832055
1627592497,1035,295,1,0,3006,33860266
1627592527,1035,295,1,0,3006,33886835
1627592561,1035,295,1,0,3006,33918781
1627592601,1035,295,1,0,3006,33956446
1627592641,1035,295,1,0,3006,33997833
1627592685,1035,295,1,0,3006,34040750
1627592728,1035,295,1,0,3006,34085433
1627592772,1035,295,1,0,3006,34130492
1627592816,1035,295,1,0,3006,34174814
1627592859,1035,295,1,0,3006,34218667
1627592901,1035,295,1,0,3006,34262521
1627592935,1035,295,1,0,3006,34296674
1627592965,1035,295,1,0,3006,34326254
1627592995,1035,295,1,0,3006,34353778
1627593045,1035,295,1,0,3006,34400370
1627593103,1035,295,1,0,3006,34427318
1627593133,1035,295,1,0,3006,34454264
1627593167,1035,295,1,0,3006,34485386
1627593207,1035,295,1,0,3006,34523034
1627593248,1035,295,1,0,3006,34563983
1627593292,1035,295,1,0,3006,34607397
1627593335,1035,295,1,0,3006,34651971
1627593379,1035,295,1,0,3006,34697080
1627593423,1035,295,1,0,3006,34741373
1627593466,1035,295,1,0,3006,34785218
1627593509,1035,295,1,0,3006,34829075
1627593542,1035,295,1,0,3006,34863209
1627593572,1035,295,1,0,3006,34892789
1627593603,1035,295,1,0,3006,34920299
1627593652,1037,295,1,0,3006,34966891
1627593706,1037,295,1,0,3006,34994187
1627593736,1037,295,1,0,3006,35021909
1627593771,1037,295,1,0,3006,35053643
1627593810,1037,295,1,0,3006,35091394
1627593852,1037,295,1,0,3006,35132932
1627593895,1037,295,1,0,3006,35176523
1627593939,1037,295,1,0,3006,35221256
1627593984,1037,295,1,0,3006,35266214
1627594027,1037,295,1,0,3006,35310530
1627594069,1037,295,1,0,3006,35354380
1627594111,1037,295,1,0,3006,35397615
1627594145,1037,295,1,0,3006,35431220
1627594175,1037,295,1,0,3006,35460290
1627594204,1037,295,1,0,3006,35487303
1627594254,1040,295,1,0,3006,35533895
1627594308,1040,295,1,0,3006,35561418
1627594339,1040,295,1,0,3006,35589090
1627594373,1040,295,1,0,3006,35620938
1627594412,1040,295,1,0,3006,35658220
1627594453,1040,295,1,0,3006,35699026
1627594496,1040,295,1,0,3006,35742187
1627594541,1040,295,1,0,3006,35786755
1627594585,1040,295,1,0,3006,35831844
1627594628,1040,295,1,0,3006,35876121
1627594671,1040,295,1,0,3006,35919967
1627594713,1040,295,1,0,3006,35963822
1627594746,1040,295,1,0,3006,35997461
1627594776,1040,295,1,0,3006,36027041
1627594805,1040,295,1,0,3006,36054576
1627594855,1040,295,1,0,3006,36101168
1627594907,1040,295,1,0,3006,36128144
1627594938,1040,295,1,0,3006,36155857
1627594973,1040,295,1,0,3006,36187623
1627595012,1040,295,1,0,3006,36225081
1627595053,1040,295,1,0,3006,36266883
1627595096,1040,295,1,0,3006,36310358
1627595141,1040,295,1,0,3006,36354758
1627595185,1040,295,1,0,3006,36399757
1627595229,1040,295,1,0,3006,36444064
1627595273,1040,295,1,0,3006,36487897
1627595314,1040,295,1,0,3006,36531205
1627595347,1040,295,1,0,3006,36564322
1627595376,1040,295,1,0,3006,36593392
1627595406,1040,295,1,0,3006,36619900
1627595455,1042,296,1,0,3016,36666492
1627595505,1044,297,1,0,3019,36713084
1627595557,1044,297,1,0,3019,36739991
1627595588,1044,297,1,0,3019,36766734
1627595619,1044,297,1,0,3019,36796277
1627595659,1044,297,1,0,3019,36832948
1627595699,1044,297,1,0,3019,36872708
1627595743,1044,297,1,0,3019,36914599
1627595785,1044,297,1,0,3019,36957488
1627595829,1044,297,1,0,3019,37000974
1627595871,1044,297,1,0,3019,37043719
1627595914,1044,297,1,0,3019,37086035
1627595954,1044,297,1,0,3019,37127823
1627595987,1044,297,1,0,3019,37160458
1627596016,1044,297,1,0,3019,37189018
1627596045,1044,297,1,0,3019,37215526
1627596092,1044,297,1,0,3019,37260582
1627596145,1044,297,1,0,3019,37287550
1627596175,1044,297,1,0,3019,37314786
1627596207,1044,297,1,0,3019,37344784
1627596246,1044,297,1,0,3019,37382315
1627596287,1044,297,1,0,3019,37422777
1627596329,1044,297,1,0,3019,37465101
1627596371,1044,297,1,0,3019,37508571
1627596415,1044,297,1,0,3019,37552627
1627596459,1044,297,1,0,3019,37595898
1627596501,1044,297,1,0,3019,37638710
1627596541,1044,297,1,0,3019,37681029
1627596574,1044,297,1,0,3019,37713658
1627596602,1044,297,1,0,3019,37742218
1627596631,1044,297,1,0,3019,37768721
1627596680,1045,297,1,0,3019,37814289
1627596733,1045,297,1,0,3019,37840998
1627596763,1045,297,1,0,3019,37867528
1627596795,1045,297,1,0,3019,37897575
1627596833,1045,297,1,0,3019,37934097
1627596873,1045,297,1,0,3019,37973965
1627596916,1045,297,1,0,3019,38015741
1627596959,1045,297,1,0,3019,38058588
1627597002,1045,297,1,0,3019,38102000
1627597045,1045,297,1,0,3019,38144711
1627597085,1045,297,1,0,3019,38187029
1627597126,1045,297,1,0,3019,38228847
1627597158,1045,297,1,0,3019,38261476
1627597187,1045,297,1,0,3019,38290036
1627597215,1045,297,1,0,3019,38316551
1627597263,1045,297,1,0,3019,38361607
1627597315,1045,297,1,0,3019,38388311
1627597346,1045,297,1,0,3019,38415454
1627597378,1045,297,1,0,3019,38445823
1627597416,1045,297,1,0,3019,38482317
1627597457,1045,297,1,0,3019,38522628
1627597499,1045,297,1,0,3019,38564637
1627597540,1045,297,1,0,3019,38608144
1627597584,1045,297,1,0,3019,38652059
1627597626,1045,297,1,0,3019,38695316
1627597668,1045,297,1,0,3019,38738150
1627597709,1045,297,1,0,3019,38780839
1627597742,1045,297,1,0,3019,38813988
1627597772,1045,297,1,0,3019,38843058
1627597800,1045,297,1,0,3019,38870060
1627597850,1045,297,1,0,3019,38915628
1627597902,1045,297,1,0,3019,38942022
1627597932,1045,297,1,0,3019,38968960
1627597965,1045,297,1,0,3019,39000061
1627598004,1045,297,1,0,3019,39037034
1627598045,1045,297,1,0,3019,39077106
1627598086,1045,297,1,0,3019,39119451
1627598128,1045,297,1,0,3019,39162896
1627598172,1045,297,1,0,3019,39206847
1627598215,1045,297,1,0,3019,39250138
1627598259,1045,297,1,0,3019,39292970
1627598300,1045,297,1,0,3019,39335722
1627598333,1045,297,1,0,3019,39368791
1627598363,1045,297,1,0,3019,39397861
1627598391,1045,297,1,0,3019,39424883
1627598440,1045,297,1,0,3019,39470451
1627598493,1045,297,1,0,3019,39496973
1627598523,1045,297,1,0,3019,39524152
1627598558,1045,297,1,0,3019,39555139
1627598597,1045,297,1,0,3019,39592768
1627598638,1045,297,1,0,3019,39632844
1627598680,1045,297,1,0,3019,39675488
1627598721,1045,297,1,0,3019,39718992
1627598765,1045,297,1,0,3019,39763024
1627598807,1045,297,1,0,3019,39806232
1627598850,1045,297,1,0,3019,39849063
1627598892,1045,297,1,0,3019,39891874
1627598924,1045,297,1,0,3019,39925012
1627598954,1045,297,1,0,3019,39954082
1627598982,1045,297,1,0,3019,39981092
1627599031,1045,297,1,0,3019,40026660
1627599082,1045,297,1,0,3019,40052610
1627599113,1045,297,1,0,3019,40079730
1627599146,1045,297,1,0,3019,40110753
1627599185,1045,297,1,0,3019,40148054
1627599225,1045,297,1,0,3019,40188284
1627599267,1045,297,1,0,3019,40230802
1627599309,1045,297,1,0,3019,40274156
1627599351,1045,297,1,0,3019,40318098
1627599395,1045,297,1,0,3019,40361424
1627599437,1045,297,1,0,3019,40404250
1627599478,1045,297,1,0,3019,40447082
1627599511,1045,297,1,0,3019,40480206
1627599541,1045,297,1,0,3019,40509276
1627599571,1045,297,1,0,3019,40536288
1627599620,1046,297,1,0,3019,40581856
1627599672,1046,297,1,0,3019,40608503
1627599703,1046,297,1,0,3019,40635753
1627599735,1046,297,1,0,3019,40665832
1627599775,1046,297,1,0,3019,40702576
1627599815,1046,297,1,0,3019,40742916
1627599858,1046,297,1,0,3019,40785185
1627599902,1046,297,1,0,3019,40828814
1627599945,1046,297,1,0,3019,40872805
1627599988,1046,297,1,0,3019,40915984
1627600030,1046,297,1,0,3019,40958815
1627600071,1046,297,1,0,3019,41001651
1627600103,1046,297,1,0,3019,41034772
1627600133,1046,297,1,0,3019,41063842
1627600162,1046,297,1,0,3019,41091369
1627600211,1047,298,1,0,3022,41136937
1627600260,1049,298,1,0,3022,41182505
1627600311,1049,298,1,0,3022,41208415
1627600342,1049,298,1,0,3022,41235409
1627600374,1049,298,1,0,3022,41265384
1627600411,1049,298,1,0,3022,41301985
1627600454,1049,298,1,0,3022,41342415
1627600496,1049,298,1,0,3022,41384806
1627600539,1049,298,1,0,3022,41428321
1627600583,1049,298,1,0,3022,41472218
1627600625,1049,298,1,0,3022,41515470
1627600667,1049,298,1,0,3022,41558299
1627600708,1049,298,1,0,3022,41600557
1627600741,1049,298,1,0,3022,41633175
1627600770,1049,298,1,0,3022,41661735
1627600798,1049,298,1,0,3022,41688233
1627600847,1049,298,1,0,3022,41733801
1627600899,1049,298,1,0,3022,41760571
1627600931,1049,298,1,0,3022,41788424
1627600964,1049,298,1,0,3022,41819006
1627601003,1049,298,1,0,3022,41855891
1627601042,1049,298,1,0,3022,41895936
1627601086,1049,298,1,0,3022,41938200
1627601129,1049,298,1,0,3022,41981592
1627601174,1049,298,1,0,3022,42025616
1627601217,1049,298,1,0,3022,42068878
1627601259,1049,298,1,0,3022,42111710
1627601300,1049,298,1,0,3022,42154008
1627601332,1049,298,1,0,3022,42186626
1627601361,1049,298,1,0,3022,42215186
1627601391,1049,298,1,0,3022,42241689
1627601440,1049,298,1,0,3022,42287257
1627601491,1049,298,1,0,3022,42312930
1627601522,1049,298,1,0,3022,42340591
1627601554,1049,298,1,0,3022,42370198
1627601593,1049,298,1,0,3022,42407462
1627601633,1049,298,1,0,3022,42447415
1627601676,1049,298,1,0,3022,42489422
1627601717,1049,298,1,0,3022,42532739
1627601763,1049,298,1,0,3022,42576650
1627601806,1049,298,1,0,3022,42619856
1627601849,1049,298,1,0,3022,42662684
1627601889,1049,298,1,0,3022,42704944
1627601921,1049,298,1,0,3022,42737572
1627601950,1049,298,1,0,3022,42766132
1627601979,1049,298,1,0,3022,42792644
1627602028,1049,298,1,0,3022,42838212
1627602080,1049,298,1,0,3022,42865010
1627602111,1049,298,1,0,3022,42892249
1627602143,1049,298,1,0,3022,42922294
1627602182,1049,298,1,0,3022,42959342
1627602222,1049,298,1,0,3022,43000093
1627602265,1049,298,1,0,3022,43042408
1627602309,1049,298,1,0,3022,43085896
1627602353,1049,298,1,0,3022,43129852
1627602395,1049,298,1,0,3022,43173130
1627602436,1049,298,1,0,3022,43215953
1627602477,1049,298,1,0,3022,43258235
1627602509,1049,298,1,0,3022,43290861
1627602538,1049,298,1,0,3022,43319421
1627602567,1049,298,1,0,3022,43345931
1627602616,1049,298,1,0,3022,43391499
1627602668,1049,298,1,0,3022,43418117
1627602699,1049,298,1,0,3022,43445710
1627602730,1049,298,1,0,3022,43475763
1627602770,1049,298,1,0,3022,43513468
1627602809,1049,298,1,0,3022,43553556
1627602852,1049,298,1,0,3022,43596352
1627602897,1049,298,1,0,3022,43640335
1627602940,1049,298,1,0,3022,43684914
1627602981,1049,298,1,0,3022,43728698
1627603025,1049,298,1,0,3022,43772043
1627603067,1049,298,1,0,3022,43814849
1627603099,1049,298,1,0,3022,43847434
1627603128,1049,298,1,0,3022,43875994
1627603156,1049,298,1,0,3022,43902486
1627603206,1051,299,1,0,3027,43948566
1627603255,1051,299,1,0,3027,43994646
1627603308,1051,299,1,0,3027,44021268
1627603338,1051,299,1,0,3027,44048194
1627603372,1051,299,1,0,3027,44079102
1627603410,1051,299,1,0,3027,44115929
1627603452,1051,299,1,0,3027,44156116
1627603494,1051,299,1,0,3027,44198333
1627603537,1051,299,1,0,3027,44241775
1627603581,1052,300,1,0,3029,44285983
1627603623,1052,300,1,0,3029,44329199
1627603664,1052,300,1,0,3029,44372029
1627603705,1052,300,1,0,3029,44414728
1627603737,1052,300,1,0,3029,44447367
1627603765,1052,300,1,0,3029,44475927
1627603793,1052,300,1,0,3029,44502935
1627603843,1052,300,1,0,3029,44548503
1627603895,1052,300,1,0,3029,44574647
1627603925,1052,300,1,0,3029,44601658
1627603958,1052,300,1,0,3029,44632393
1627603998,1052,300,1,0,3029,44669907
1627604040,1052,300,1,0,3029,44710438
1627604082,1052,300,1,0,3029,44752319
1627604124,1052,300,1,0,3029,44795292
1627604167,1052,300,1,0,3029,44838837
1627604211,1052,300,1,0,3029,44881543
1627604251,1052,300,1,0,3029,44923855
1627604292,1052,300,1,0,3029,44966074
1627604324,1052,300,1,0,3029,44998710
1627604353,1052,300,1,0,3029,45027270
1627604380,1052,300,1,0,3029,45054285
1627604429,1054,300,1,0,3029,45099341
1627604479,1055,300,1,0,3029,45124523
1627604507,1055,300,1,0,3029,45149608
1627604540,1055,300,1,0,3029,45179930
1627604580,1055,300,1,0,3029,45217096
1627604619,1055,300,1,0,3029,45256289
1627604662,1055,300,1,0,3029,45297866
1627604704,1055,300,1,0,3029,45340178
1627604745,1055,300,1,0,3029,45383203
1627604787,1055,300,1,0,3029,45425469
1627604827,1055,300,1,0,3029,45467279
1627604867,1055,300,1,0,3029,45509090
1627604899,1055,300,1,0,3029,45541719
1627604929,1055,300,1,0,3029,45570279
1627604959,1055,300,1,0,3029,45597808
1627605007,1056,300,1,0,3029,45642352
1627605058,1056,300,1,0,3029,45668466
1627605088,1056,300,1,0,3029,45694650
1627605120,1056,300,1,0,3029,45724828
1627605160,1056,300,1,0,3029,45762246
1627605200,1056,300,1,0,3029,45802290
1627605242,1056,300,1,0,3029,45843982
1627605286,1056,300,1,0,3029,45886821
1627605330,1056,300,1,0,3029,45930457
1627605373,1057,300,1,0,3029,45973116
1627605412,1057,300,1,0,3029,46015431
1627605452,1057,300,1,0,3029,46057162
1627605483,1057,300,1,0,3029,46089269
1627605512,1057,300,1,0,3029,46117319
1627605542,1057,300,1,0,3029,46144338
1627605590,1058,300,1,0,3029,46189394
1627605642,1058,300,1,0,3029,46215284
1627605673,1058,300,1,0,3029,46242338
1627605706,1058,300,1,0,3029,46272851
1627605745,1058,300,1,0,3029,46309005
1627605787,1058,300,1,0,3029,46349532
1627605828,1058,300,1,0,3029,46391015
1627605872,1058,300,1,0,3029,46433972
1627605915,1058,300,1,0,3029,46477486
1627605957,1058,300,1,0,3029,46520277
1627605997,1058,300,1,0,3029,46562603
1627606038,1058,300,1,0,3029,46604916
1627606070,1058,300,1,0,3029,46637495
1627606099,1058,300,1,0,3029,46666055
1627606129,1058,300,1,0,3029,46693582
1627606178,1058,300,1,0,3029,46738638
1627606229,1058,300,1,0,3029,46764519
1627606259,1058,300,1,0,3029,46791673
1627606293,1058,300,1,0,3029,46822443
1627606332,1058,300,1,0,3029,46859229
1627606373,1058,300,1,0,3029,46899589
1627606415,1058,300,1,0,3029,46941042
1627606457,1058,300,1,0,3029,46984040
1627606500,1058,300,1,0,3029,47027667
1627606541,1058,300,1,0,3029,47070399
1627606584,1058,300,1,0,3029,47112724
1627606625,1058,300,1,0,3029,47155049
1627606657,1058,300,1,0,3029,47187669
1627606686,1058,300,1,0,3029,47216229
1627606716,1058,300,1,0,3029,47243753
1627606765,1059,300,1,0,3029,47288809
1627606820,1059,300,1,0,3029,47314840
1627606851,1059,300,1,0,3029,47342267
1627606884,1059,300,1,0,3029,47371748
1627606922,1059,300,1,0,3029,47408891
1627606963,1059,300,1,0,3029,47448857
1627607004,1059,300,1,0,3029,47490404
1627607046,1059,300,1,0,3029,47533357
1627607088,1059,300,1,0,3029,47576978
1627607131,1059,300,1,0,3029,47619730
1627607170,1059,300,1,0,3029,47662049
1627607212,1059,300,1,0,3029,47704293
1627607244,1059,300,1,0,3029,47736905
1627607273,1059,300,1,0,3029,47765465
1627607302,1059,300,1,0,3029,47792994
1627607351,1059,300,1,0,3029,47838050
1627607402,1059,300,1,0,3029,47863933
1627607432,1059,300,1,0,3029,47891024
1627607465,1059,300,1,0,3029,47921571
1627607504,1059,300,1,0,3029,47958055
1627607544,1059,300,1,0,3029,47998370
1627607586,1059,300,1,0,3029,48039944
1627607629,1059,300,1,0,3029,48083028
1627607673,1059,300,1,0,3029,48126530
1627607713,1059,300,1,0,3029,48169318
1627607754,1059,300,1,0,3029,48211639
1627607794,1059,300,1,0,3029,48253902
1627607826,1059,300,1,0,3029,48286518
1627607855,1059,300,1,0,3029,48315078
1627607885,1059,300,1,0,3029,48342598
1627607934,1060,300,1,0,3029,48387654
1627607985,1060,300,1,0,3029,48413467
1627608015,1060,300,1,0,3029,48439962
1627608049,1060,300,1,0,3029,48470466
1627608088,1060,300,1,0,3029,48507112
1627608128,1060,300,1,0,3029,48547226
1627608170,1060,300,1,0,3029,48588725
1627608213,1060,300,1,0,3029,48631555
1627608257,1060,300,1,0,3029,48675227
1627608298,1060,300,1,0,3029,48717941
1627608338,1060,300,1,0,3029,48760267
1627608380,1060,300,1,0,3029,48802536
1627608412,1060,300,1,0,3029,48835150
1627608440,1060,300,1,0,3029,48863710
1627608472,1060,300,1,0,3029,48891226
1627608520,1060,300,1,0,3029,48936282
1627608571,1060,300,1,0,3029,48961855
1627608602,1060,300,1,0,3029,48989020
1627608635,1060,300,1,0,3029,49018942
1627608673,1060,300,1,0,3029,49055640
1627608713,1060,300,1,0,3029,49095351
1627608755,1060,300,1,0,3029,49136841
1627608798,1060,300,1,0,3029,49179694
1627608841,1060,300,1,0,3029,49223198
1627608884,1060,300,1,0,3029,49265991
1627608924,1060,300,1,0,3029,49308310
1627608965,1060,300,1,0,3029,49350126
1627608996,1060,300,1,0,3029,49382204
1627609024,1060,300,1,0,3029,49410254
1627609053,1060,300,1,0,3029,49437791
1627609102,1061,300,1,0,3029,49482847
1627609154,1061,300,1,0,3029,49509319
1627609184,1061,300,1,0,3029,49536375
1627609217,1061,300,1,0,3029,49566338
1627609255,1061,300,1,0,3029,49603072
1627609295,1061,300,1,0,3029,49642162
1627609337,1061,300,1,0,3029,49683772
1627609381,1061,300,1,0,3029,49726603
1627609423,1061,300,1,0,3029,49770122
1627609466,1061,300,1,0,3029,49812877
1627609506,1061,300,1,0,3029,49855197
1627609545,1061,300,1,0,3029,49897002
1627609578,1061,300,1,0,3029,49929132
1627609606,1061,300,1,0,3029,49957182
1627609637,1061,300,1,0,3029,49984703
1627609685,1062,300,1,0,3029,50029759
1627609738,1062,300,1,0,3029,50056515
1627609767,1062,300,1,0,3029,50081885
1627609800,1062,300,1,0,3029,50112292
1627609837,1062,300,1,0,3029,50148218
1627609879,1062,300,1,0,3029,50188513
1627609921,1062,300,1,0,3029,50229985
1627609962,1062,300,1,0,3029,50272728
1627610006,1062,300,1,0,3029,50316368
1627610049,1062,300,1,0,3029,50359122
1627610090,1062,300,1,0,3029,50401431
1627610130,1062,300,1,0,3029,50443719
1627610162,1062,300,1,0,3029,50476338
1627610192,1062,300,1,0,3029,50504898
1627610221,1062,300,1,0,3029,50532928
1627610269,1063,300,1,0,3029,50577984
1627610321,1063,300,1,0,3029,50604146
1627610349,1063,300,1,0,3029,50629822
1627610382,1063,300,1,0,3029,50660034
1627610420,1063,300,1,0,3029,50695857
1627610461,1063,300,1,0,3029,50735632
1627610503,1063,300,1,0,3029,50777247
1627610545,1063,300,1,0,3029,50820348
1627610588,1063,300,1,0,3029,50864029
1627610631,1063,300,1,0,3029,50906771
1627610671,1063,300,1,0,3029,50949099
1627610712,1063,300,1,0,3029,50991428
1627610744,1063,300,1,0,3029,51024016
1627610773,1063,300,1,0,3029,51052576
1627610802,1063,300,1,0,3029,51080615
1627610851,1063,300,1,0,3029,51125671
1627610903,1063,300,1,0,3029,51151908
1627610933,1063,300,1,0,3029,51179180
1627610967,1063,300,1,0,3029,51209718
1627611006,1063,300,1,0,3029,51246703
1627611046,1063,300,1,0,3029,51286625
1627611088,1063,300,1,0,3029,51328400
1627611129,1063,300,1,0,3029,51371119
1627611173,1063,300,1,0,3029,51414549
1627611214,1063,300,1,0,3029,51457278
1627611254,1063,300,1,0,3029,51499598
1627611294,1063,300,1,0,3029,51541395
1627611326,1063,300,1,0,3029,51573497
1627611354,1063,300,1,0,3029,51601547
1627611384,1063,300,1,0,3029,51629080
1627611432,1063,300,1,0,3029,51674136
1627611484,1063,300,1,0,3029,51700204
1627611514,1063,300,1,0,3029,51726551
1627611546,1063,300,1,0,3029,51757177
1627611585,1063,300,1,0,3029,51793895
1627611625,1063,300,1,0,3029,51833673
1627611667,1063,300,1,0,3029,51875035
1627611708,1063,300,1,0,3029,51917853
1627611751,1063,300,1,0,3029,51961277
1627611792,1063,300,1,0,3029,52003997
1627611833,1063,300,1,0,3029,52046319
1627611873,1063,300,1,0,3029,52088135
1627611905,1063,300,1,0,3029,52120241
1627611933,1063,300,1,0,3029,52148291
1627611964,1063,300,1,0,3029,52175825
1627612012,1063,300,1,0,3029,52220881
1627612064,1063,300,1,0,3029,52247589
1627612092,1063,300,1,0,3029,52272687
1627612126,1063,300,1,0,3029,52304347
1627612166,1063,300,1,0,3029,52341463
1627612207,1063,300,1,0,3029,52381584
1627612249,1063,300,1,0,3029,52423417
1627612290,1063,300,1,0,3029,52466423
1627612334,1063,300,1,0,3029,52510015
1627612376,1064,300,2,0,3029,52552795
1627612417,1064,300,2,0,3029,52595123
1627612458,1064,300,2,0,3029,52636932
1627612489,1064,300,2,0,3029,52669032
1627612517,1064,300,2,0,3029,52697082
1627612549,1064,300,2,0,3029,52724609
1627612597,1064,300,2,0,3029,52769665
1627612649,1064,300,2,0,3029,52795717
1627612679,1064,300,2,0,3029,52822369
1627612711,1064,300,2,0,3029,52852611
1627612750,1064,300,2,0,3029,52890093
1627612790,1064,300,2,0,3029,52929673
1627612831,1064,300,2,0,3029,52971734
1627612875,1064,300,2,0,3029,53014611
1627612918,1064,300,2,0,3029,53058087
1627612959,1064,300,2,0,3029,53100893
1627613000,1064,300,2,0,3029,53143206
1627613040,1064,300,2,0,3029,53185024
1627613072,1064,300,2,0,3029,53217112
1627613100,1064,300,2,0,3029,53245162
1627613129,1064,300,2,0,3029,53272698
1627613177,1064,300,2,0,3029,53317754
1627613229,1064,300,2,0,3029,53344206
1627613258,1064,300,2,0,3029,53370452
1627613291,1064,300,2,0,3029,53400500
1627613330,1064,300,2,0,3029,53437321
1627613370,1064,300,2,0,3029,53477107
1627613413,1064,300,2,0,3029,53518873
1627613455,1064,300,2,0,3029,53561693
1627613498,1064,300,2,0,3029,53605131
1627613540,1064,300,2,0,3029,53647880
1627613580,1064,300,2,0,3029,53690206
1627613620,1064,300,2,0,3029,53732003
1627613652,1064,300,2,0,3029,53764079
1627613681,1064,300,2,0,3029,53792129
1627613711,1064,300,2,0,3029,53819647
1627613759,1065,300,2,0,3029,53864703
1627613811,1065,300,2,0,3029,53891060
1627613840,1065,300,2,0,3029,53916994
1627613874,1065,300,2,0,3029,53947196
1627613912,1065,300,2,0,3029,53983970
1627613954,1065,300,2,0,3029,54023872
1627613996,1065,300,2,0,3029,54065329
1627614038,1065,300,2,0,3029,54108457
1627614082,1065,300,2,0,3029,54152084
1627614122,1065,300,2,0,3029,54194911
1627614165,1065,300,2,0,3029,54237239
1627614206,1065,300,2,0,3029,54279511
1627614238,1065,300,2,0,3029,54312095
1627614266,1065,300,2,0,3029,54340655
1627614298,1065,300,2,0,3029,54368689
1627614346,1067,300,2,0,3029,54413745
1627614398,1067,300,2,0,3029,54439992
1627614427,1067,300,2,0,3029,54466473
1627614461,1067,300,2,0,3029,54497290
1627614499,1067,300,2,0,3029,54533234
1627614539,1067,300,2,0,3029,54572644
1627614581,1067,300,2,0,3029,54614559
1627614623,1067,300,2,0,3029,54657664
1627614666,1067,300,2,0,3029,54701233
1627614709,1067,300,2,0,3029,54744021
1627614750,1067,300,2,0,3029,54786346
1627614790,1067,300,2,0,3029,54828664
1627614823,1067,300,2,0,3029,54861287
1627614852,1067,300,2,0,3029,54889847
1627614883,1067,300,2,0,3029,54917873
1627614931,1067,300,2,0,3029,54962929
1627614983,1067,300,2,0,3029,54989251
1627615012,1067,300,2,0,3029,55015467
1627615045,1067,300,2,0,3029,55046095
1627615085,1067,300,2,0,3029,55082772
1627615125,1067,300,2,0,3029,55122746
1627615168,1067,300,2,0,3029,55164110
1627615209,1067,300,2,0,3029,55207220
1627615252,1067,300,2,0,3029,55250896
1627615294,1067,300,2,0,3029,55293661
1627615336,1067,300,2,0,3029,55335983
1627615376,1067,300,2,0,3029,55378269
1627615409,1067,300,2,0,3029,55410879
1627615438,1067,300,2,0,3029,55439439
1627615468,1067,300,2,0,3029,55467463
1627615517,1067,300,2,0,3029,55512519
1627615569,1067,300,2,0,3029,55538425
1627615598,1067,300,2,0,3029,55564141
1627615631,1067,300,2,0,3029,55594686
1627615670,1067,300,2,0,3029,55630795
1627615709,1067,300,2,0,3029,55670059
1627615751,1067,300,2,0,3029,55711773
1627615794,1067,300,2,0,3029,55754889
1627615836,1067,300,2,0,3029,55798371
1627615877,1067,300,2,0,3029,55841143
1627615920,1067,300,2,0,3029,55883472
1627615960,1067,300,2,0,3029,55925778
1627615993,1067,300,2,0,3029,55958381
1627616021,1067,300,2,0,3029,55986941
1627616051,1067,300,2,0,3029,56014960
1627616100,1068,301,2,0,3034,56060016
1627616148,1069,301,2,0,3034,56105072
1627616200,1069,301,2,0,3034,56130950
1627616229,1069,301,2,0,3034,56157376
1627616263,1069,301,2,0,3034,56188350
1627616302,1069,301,2,0,3034,56226249
1627616344,1069,301,2,0,3034,56266090
1627616385,1069,301,2,0,3034,56307377
1627616429,1069,301,2,0,3034,56350312
1627616471,1069,301,2,0,3034,56393767
1627616514,1069,301,2,0,3034,56436521
1627616555,1069,301,2,0,3034,56478838
1627616595,1069,301,2,0,3034,56520613
1627616627,1069,301,2,0,3034,56552730
1627616655,1069,301,2,0,3034,56580780
1627616684,1069,301,2,0,3034,56608311
1627616732,1070,301,3,0,3034,56653367
1627616784,1070,301,3,0,3034,56679490
1627616813,1070,301,3,0,3034,56705682
1627616846,1070,301,3,0,3034,56736301
1627616884,1070,301,3,0,3034,56773777
1627616925,1070,301,3,0,3034,56813362
1627616967,1070,301,3,0,3034,56854947
1627617009,1070,301,3,0,3034,56897746
1627617052,1070,301,3,0,3034,56941247
1627617093,1070,301,3,0,3034,56984016
1627617134,1070,301,3,0,3034,57026346
1627617174,1070,301,3,0,3034,57068164
1627617205,1070,301,3,0,3034,57100227
1627617233,1070,301,3,0,3034,57128277
1627617262,1070,301,3,0,3034,57155799
1627617309,1072,301,3,0,3034,57200855
1627617361,1072,301,3,0,3034,57226383
1627617391,1072,301,3,0,3034,57253202
1627617426,1072,301,3,0,3034,57284911
1627617465,1072,301,3,0,3034,57321544
1627617505,1072,301,3,0,3034,57361703
1627617546,1072,301,3,0,3034,57402763
1627617589,1072,301,3,0,3034,57445889
1627617632,1072,301,3,0,3034,57489475
1627617674,1072,301,3,0,3034,57532272
1627617717,1072,301,3,0,3034,57574597
1627617758,1072,301,3,0,3034,57616904
1627617790,1072,301,3,0,3034,57649526
1627617819,1072,301,3,0,3034,57678086
1627617848,1072,301,3,0,3034,57706123
1627617897,1073,301,3,0,3034,57751179
1627617948,1073,301,3,0,3034,57776929
1627617978,1073,301,3,0,3034,57803407
1627618010,1073,301,3,0,3034,57833212
1627618048,1073,301,3,0,3034,57870210
1627618090,1073,301,3,0,3034,57910458
1627618132,1073,301,3,0,3034,57952073
1627618176,1073,301,3,0,3034,57995166
1627618220,1073,301,3,0,3034,58038677
1627618261,1073,301,3,0,3034,58081469
1627618302,1073,301,3,0,3034,58123786
1627618344,1073,301,3,0,3034,58166079
1627618376,1073,301,3,0,3034,58198686
1627618406,1073,301,3,0,3034,58227246
1627618436,1073,301,3,0,3034,58255282
1627618484,1073,301,3,0,3034,58300338
1627618537,1073,301,3,0,3034,58326306
1627618566,1073,301,3,0,3034,58353104
1627618600,1073,301,3,0,3034,58383607
1627618639,1073,301,3,0,3034,58420110
1627618680,1073,301,3,0,3034,58461063
1627618722,1073,301,3,0,3034,58502510
1627618764,1073,301,3,0,3034,58545669
1627618808,1073,301,3,0,3034,58589302
1627618849,1073,301,3,0,3034,58632101
1627618891,1073,301,3,0,3034,58674429
1627618932,1073,301,3,0,3034,58716690
1627618965,1073,301,3,0,3034,58749274
1627618994,1073,301,3,0,3034,58777834
1627619023,1073,301,3,0,3034,58805857
1627619072,1074,302,3,0,3070,58850913
1627619120,1074,302,3,0,3070,58895969
1627619172,1074,302,3,0,3070,58922057
1627619201,1074,302,3,0,3070,58948145
1627619234,1074,302,3,0,3070,58978450
1627619270,1074,302,3,0,3070,59013870
1627619312,1074,302,3,0,3070,59054607
1627619354,1074,302,3,0,3070,59096019
1627619399,1074,302,3,0,3070,59138845
1627619442,1074,302,3,0,3070,59182315
1627619483,1074,302,3,0,3070,59225118
1627619524,1074,302,3,0,3070,59267443
1627619564,1074,302,3,0,3070,59309194
1627619596,1074,302,3,0,3070,59341828
1627619625,1074,302,3,0,3070,59370388
1627619654,1074,302,3,0,3070,59398414
1627619702,1074,302,3,0,3070,59443470
1627619755,1074,302,3,0,3070,59470253
1627619786,1076,302,3,0,3070,59497050
1627619819,1076,302,3,0,3070,59527618
1627619858,1076,302,3,0,3070,59564550
1627619899,1076,302,3,0,3070,59605270
1627619942,1076,302,3,0,3070,59647236
1627619987,1076,302,3,0,3070,59690968
1627620031,1076,302,3,0,3070,59735617
1627620073,1076,302,3,0,3070,59779408
1627620117,1076,302,3,0,3070,59822742
1627620157,1076,302,3,0,3070,59865503
1627620191,1076,302,3,0,3070,59899121
1627620221,1076,302,3,0,3070,59928701
1627620252,1076,302,3,0,3070,59957747
1627620301,1078,303,3,0,3071,60003827
1627620350,1079,303,3,0,3071,60049907
1627620403,1079,303,3,0,3071,60076804
1627620434,1079,303,3,0,3071,60105306
1627620470,1079,303,3,0,3071,60137786
1627620512,1079,303,3,0,3071,60175671
1627620555,1079,303,3,0,3071,60217469
1627620600,1079,303,3,0,3071,60260940
1627620644,1079,303,3,0,3071,60305947
1627620689,1079,303,3,0,3071,60351399
1627620734,1079,303,3,0,3071,60396265
1627620777,1079,303,3,0,3071,60440630
1627620819,1079,303,3,0,3071,60484472
1627620854,1079,303,3,0,3071,60519124
1627620885,1079,303,3,0,3071,60549724
1627620917,1079,303,3,0,3071,60579795
1627620968,1081,304,3,0,3072,60626899
1627621018,1082,304,3,0,3072,60674003
1627621072,1082,304,3,0,3072,60702583
1627621102,1082,304,3,0,3072,60730133
1627621137,1082,304,3,0,3072,60762488
1627621178,1082,304,3,0,3072,60800586
1627621220,1082,304,3,0,3072,60843183
1627621265,1082,304,3,0,3072,60887146
1627621310,1082,304,3,0,3072,60932566
1627621356,1082,304,3,0,3072,60978490
1627621401,1082,304,3,0,3072,61023717
1627621444,1082,304,3,0,3072,61068592
1627621487,1082,304,3,0,3072,61112934
1627621522,1082,304,3,0,3072,61148587
1627621554,1082,304,3,0,3072,61180207
1627621587,1082,304,3,0,3072,61210788
1627621638,1082,304,3,0,3072,61258404
1627621691,1082,304,3,0,3072,61285682
1627621721,1082,304,3,0,3072,61313755
1627621755,1082,304,3,0,3072,61345595
1627621795,1082,304,3,0,3072,61381742
1627621837,1082,304,3,0,3072,61423212
1627621882,1082,304,3,0,3072,61467047
1627621927,1082,304,3,0,3072,61511942
1627621971,1082,304,3,0,3072,61557491
1627622013,1082,304,3,0,3072,61602271
1627622055,1082,304,3,0,3072,61646631
1627622099,1082,304,3,0,3072,61690458
1627622133,1082,304,3,0,3072,61724616
1627622163,1082,304,3,0,3072,61754706
1627622193,1082,304,3,0,3072,61783762
1627622243,1083,304,3,0,3072,61830866
1627622298,1083,304,3,0,3072,61858936
1627622328,1083,304,3,0,3072,61886645
1627622364,1083,304,3,0,3072,61920221
1627622404,1083,304,3,0,3072,61956695
1627622446,1083,304,3,0,3072,61998581
1627622489,1084,304,3,0,3072,62042121
1627622535,1084,304,3,0,3072,62087548
1627622582,1084,304,3,0,3072,62133630
1627622626,1084,304,3,0,3072,62178969
1627622668,1084,304,3,0,3072,62223841
1627622711,1084,304,3,0,3072,62268694
1627622745,1084,304,3,0,3072,62303831
1627622777,1084,304,3,0,3072,62334941
1627622808,1084,304,3,0,3072,62365522
1627622859,1087,305,3,0,3073,62413138
1627622910,1087,305,3,0,3073,62460754
1627622963,1087,305,3,0,3073,62488148
1627622993,1087,305,3,0,3073,62515616
1627623029,1087,305,3,0,3073,62547911
1627623069,1087,305,3,0,3073,62584154
1627623111,1087,305,3,0,3073,62625264
1627623156,1087,305,3,0,3073,62668843
1627623200,1087,305,3,0,3073,62713888
1627623246,1087,305,3,0,3073,62759449
1627623291,1087,305,3,0,3073,62804261
1627623334,1087,305,3,0,3073,62848623
1627623375,1087,305,3,0,3073,62892445
1627623409,1087,305,3,0,3073,62927125
1627623440,1087,305,3,0,3073,62957725
1627623472,1087,305,3,0,3073,62987295
1627623522,1088,305,3,0,3073,63034399
1627623576,1088,305,3,0,3073,63062144
1627623607,1088,305,3,0,3073,63090155
1627623642,1088,305,3,0,3073,63121342
1627623681,1088,305,3,0,3073,63158183
1627623724,1088,305,3,0,3073,63200623
1627623769,1088,305,3,0,3073,63244202
1627623812,1088,305,3,0,3073,63289239
1627623857,1088,305,3,0,3073,63334898
1627623899,1088,305,3,0,3073,63379741
1627623942,1088,305,3,0,3073,63424111
1627623984,1088,305,3,0,3073,63468398
1627624019,1088,305,3,0,3073,63503046
1627624050,1088,305,3,0,3073,63533646
1627624082,1088,305,3,0,3073,63563220
1627624133,1088,305,3,0,3073,63610324
1627624186,1088,305,3,0,3073,63637732
1627624216,1088,305,3,0,3073,63664924
1627624251,1088,305,3,0,3073,63698068
1627624291,1088,305,3,0,3073,63735771
1627624335,1088,305,3,0,3073,63778626
1627624380,1088,305,3,0,3073,63822572
1627624426,1088,305,3,0,3073,63868046
1627624472,1088,305,3,0,3073,63914158
1627624516,1088,305,3,0,3073,63959526
1627624560,1088,305,3,0,3073,64004398
1627624603,1088,305,3,0,3073,64048739
1627624638,1088,305,3,0,3073,64084407
1627624670,1088,305,3,0,3073,64116027
1627624702,1088,305,3,0,3073,64146605
1627624754,1088,305,3,0,3073,64194221
1627624808,1088,305,3,0,3073,64222727
1627624839,1088,305,3,0,3073,64251163
1627624875,1088,305,3,0,3073,64284641
1627624914,1088,305,3,0,3073,64321293
1627624958,1088,305,3,0,3073,64364744
1627625003,1088,305,3,0,3073,64408668
1627625049,1088,305,3,0,3073,64454261
1627625096,1088,305,3,0,3073,64500816
1627625141,1088,305,3,0,3073,64546589
1627625186,1088,305,3,0,3073,64591974
1627625229,1088,305,3,0,3073,64636776
1627625264,1088,305,3,0,3073,64672456
1627625295,1088,305,3,0,3073,64704076
1627625327,1088,305,3,0,3073,64734665
1627625378,1088,305,3,0,3073,64782793
1627625432,1088,305,3,0,3073,64810364
1627625462,1088,305,3,0,3073,64837855
1627625498,1088,305,3,0,3073,64870372
1627625537,1088,305,3,0,3073,64907432
1627625580,1088,305,3,0,3073,64949991
1627625625,1088,305,3,0,3073,64994695
1627625672,1088,305,3,0,3073,65040735
1627625719,1088,305,3,0,3073,65087442
1627625763,1088,305,3,0,3073,65133316
1627625806,1088,305,3,0,3073,65178701
1627625850,1088,305,3,0,3073,65224067
1627625886,1088,305,3,0,3073,65260273
1627625918,1088,305,3,0,3073,65292403
1627625950,1088,305,3,0,3073,65322962
1627626002,1088,305,3,0,3073,65371090
1627626056,1088,305,3,0,3073,65399412
1627626087,1088,305,3,0,3073,65427501
1627626124,1088,305,3,0,3073,65459957
1627626165,1088,305,3,0,3073,65498613
1627626209,1088,305,3,0,3073,65541874
1627626254,1088,305,3,0,3073,65585990
1627626301,1088,305,3,0,3073,65631944
1627626347,1088,305,3,0,3073,65678566
1627626390,1088,305,3,0,3073,65724389
1627626434,1088,305,3,0,3073,65769772
1627626478,1088,305,3,0,3073,65814635
1627626513,1088,305,3,0,3073,65850324
1627626545,1088,305,3,0,3073,65881944
1627626576,1088,305,3,0,3073,65912013
1627626628,1088,305,3,0,3073,65960141
1627626682,1088,305,3,0,3073,65987657
1627626712,1088,305,3,0,3073,66015291
1627626747,1088,305,3,0,3073,66047784
1627626787,1088,305,3,0,3073,66085136
1627626830,1088,305,3,0,3073,66128253
1627626875,1088,305,3,0,3073,66172764
1627626921,1088,305,3,0,3073,66218397
1627626968,1088,305,3,0,3073,66264854
1627627011,1088,305,3,0,3073,66310654
1627627055,1088,305,3,0,3073,66356037
1627627098,1088,305,3,0,3073,66400835
1627627134,1088,305,3,0,3073,66436533
1627627165,1088,305,3,0,3073,66468153
1627627196,1088,305,3,0,3073,66498219
1627627248,1088,305,3,0,3073,66546347
1627627301,1088,305,3,0,3073,66573701
1627627332,1088,305,3,0,3073,66601449
1627627368,1088,305,3,0,3073,66634246
1627627406,1088,305,3,0,3073,66669936
1627627449,1088,305,3,0,3073,66712893
1627627495,1088,305,3,0,3073,66757084
1627627541,1088,305,3,0,3073,66802526
1627627587,1088,305,3,0,3073,66848728
1627627630,1088,305,3,0,3073,66894090
1627627675,1088,305,3,0,3073,66938967
1627627719,1088,305,3,0,3073,66983247
1627627753,1088,305,3,0,3073,67017373
1627627783,1088,305,3,0,3073,67047463
1627627815,1088,305,3,0,3073,67077026
1627627866,1088,305,3,0,3073,67124642
1627627919,1088,305,3,0,3073,67151797
1627627951,1088,305,3,0,3073,67180227
1627627987,1088,305,3,0,3073,67213170
1627628025,1088,305,3,0,3073,67249301
1627628069,1088,305,3,0,3073,67291691
1627628114,1088,305,3,0,3073,67335776
1627628160,1088,305,3,0,3073,67381188
1627628206,1088,305,3,0,3073,67427237
1627628250,1088,305,3,0,3073,67472577
1627628293,1088,305,3,0,3073,67517456
1627628336,1088,305,3,0,3073,67561782
1627628369,1088,305,3,0,3073,67595952
1627628399,1088,305,3,0,3073,67626042
1627628431,1088,305,3,0,3073,67655606
1627628482,1088,305,3,0,3073,67703222
1627628535,1088,305,3,0,3073,67730436
1627628566,1088,305,3,0,3073,67759082
1627628603,1088,305,3,0,3073,67792584
1627628643,1088,305,3,0,3073,67830164
1627628688,1088,305,3,0,3073,67873815
1627628733,1088,305,3,0,3073,67918403
1627628780,1088,305,3,0,3073,67964060
1627628825,1088,305,3,0,3073,68010157
1627628868,1088,305,3,0,3073,68055507
1627628910,1088,305,3,0,3073,68100381
1627628956,1088,305,3,0,3073,68144744
1627628989,1088,305,3,0,3073,68178854
1627629019,1088,305,3,0,3073,68208944
1627629051,1088,305,3,0,3073,68238509
1627629102,1088,305,3,0,3073,68286125
1627629156,1088,305,3,0,3073,68314574
1627629188,1088,305,3,0,3073,68342649
1627629223,1088,305,3,0,3073,68375267
1627629264,1088,305,3,0,3073,68413352
1627629307,1089,305,3,0,3073,68455880
1627629352,1089,305,3,0,3073,68500346
1627629396,1089,305,3,0,3073,68545645
1627629442,1089,305,3,0,3073,68591856
1627629485,1089,305,3,0,3073,68637222
1627629529,1089,305,3,0,3073,68682095
1627629572,1089,305,3,0,3073,68726913
1627629607,1089,305,3,0,3073,68762063
1627629638,1089,305,3,0,3073,68793173
1627629669,1089,305,3,0,3073,68823767
1627629721,1089,305,3,0,3073,68871383
1627629774,1089,305,3,0,3073,68898514
1627629804,1089,305,3,0,3073,68926651
1627629841,1089,305,3,0,3073,68959532
1627629880,1089,305,3,0,3073,68995984
1627629923,1089,305,3,0,3073,69037935
1627629969,1089,305,3,0,3073,69082648
1627630015,1089,305,3,0,3073,69128185
1627630062,1089,305,3,0,3073,69174343
1627630106,1089,305,3,0,3073,69219625
1627630149,1089,305,3,0,3073,69264469
1627630192,1089,305,3,0,3073,69309319
1627630227,1089,305,3,0,3073,69345506
1627630260,1089,305,3,0,3073,69377636
1627630292,1089,305,3,0,3073,69408707
1627630343,1089,305,3,0,3073,69456323
1627630396,1089,305,3,0,3073,69483583
1627630426,1089,305,3,0,3073,69511104
1627630462,1089,305,3,0,3073,69544169
1627630502,1089,305,3,0,3073,69580835
1627630546,1089,305,3,0,3073,69622909
1627630590,1089,305,3,0,3073,69666881
1627630636,1089,305,3,0,3073,69712274
1627630682,1089,305,3,0,3073,69758495
1627630726,1089,305,3,0,3073,69803803
1627630770,1089,305,3,0,3073,69848677
1627630812,1089,305,3,0,3073,69893512
1627630848,1089,305,3,0,3073,69929714
1627630880,1089,305,3,0,3073,69961844
1627630912,1089,305,3,0,3073,69992952
1627630963,1089,305,3,0,3073,70040568
1627631038,1089,305,3,0,3073,70068064
1627631069,1089,305,3,0,3073,70096478
1627631106,1089,305,3,0,3073,70129600
1627631145,1089,305,3,0,3073,70166144
1627631189,1089,305,3,0,3073,70208394
1627631234,1089,305,3,0,3073,70252717
1627631280,1089,305,3,0,3073,70298157
1627631327,1089,305,3,0,3073,70344315
1627631370,1089,305,3,0,3073,70389598
1627631413,1089,305,3,0,3073,70434467
1627631457,1089,305,3,0,3073,70479296
1627631492,1089,305,3,0,3073,70515473
1627631525,1089,305,3,0,3073,70547603
1627631559,1089,305,3,0,3073,70578693
1627631610,1089,305,3,0,3073,70626309
1627631662,1089,305,3,0,3073,70652977
1627631693,1089,305,3,0,3073,70681148
1627631729,1089,305,3,0,3073,70714636
1627631768,1089,305,3,0,3073,70751265
1627631811,1089,305,3,0,3073,70793576
1627631855,1089,305,3,0,3073,70837719
1627631901,1089,305,3,0,3073,70883252
1627631948,1089,305,3,0,3073,70929385
1627631992,1089,305,3,0,3073,70974664
1627632036,1089,305,3,0,3073,71019534
1627632079,1089,305,3,0,3073,71064358
1627632114,1089,305,3,0,3073,71100558
1627632147,1089,305,3,0,3073,71132688
1627632180,1089,305,3,0,3073,71163786
1627632232,1090,305,3,0,3073,71211402
1627632285,1090,305,3,0,3073,71239101
1627632316,1090,305,3,0,3073,71267312
1627632350,1090,305,3,0,3073,71299776
1627632388,1090,305,3,0,3073,71335985
1627632432,1090,305,3,0,3073,71378311
1627632476,1090,305,3,0,3073,71422886
1627632522,1090,305,3,0,3073,71468364
1627632566,1090,305,3,0,3073,71514518
1627632609,1090,305,3,0,3073,71559753
1627632651,1090,305,3,0,3073,71604627
1627632694,1090,305,3,0,3073,71649411
1627632730,1090,305,3,0,3073,71685107
1627632762,1090,305,3,0,3073,71716727
1627632794,1090,305,3,0,3073,71747295
1627632846,1090,305,3,0,3073,71794911
1627632899,1090,305,3,0,3073,71822216
1627632929,1090,305,3,0,3073,71849755
1627632967,1090,305,3,0,3073,71883623
1627633006,1090,305,3,0,3073,71920923
1627633052,1090,305,3,0,3073,71963719
1627633096,1090,305,3,0,3073,72007911
1627633142,1090,305,3,0,3073,72053654
1627633188,1090,305,3,0,3073,72099878
1627633232,1090,305,3,0,3073,72145167
1627633275,1090,305,3,0,3073,72190039
1627633319,1090,305,3,0,3073,72234886
1627633354,1090,305,3,0,3073,72270576
1627633385,1090,305,3,0,3073,72302196
1627633417,1090,305,3,0,3073,72332756
1627633467,1090,305,3,0,3073,72380372
1627633521,1090,305,3,0,3073,72407506
1627633551,1090,305,3,0,3073,72435378
1627633586,1090,305,3,0,3073,72467779
1627633624,1090,305,3,0,3073,72503632
1627633667,1090,305,3,0,3073,72545392
1627633712,1090,305,3,0,3073,72590157
1627633758,1090,305,3,0,3073,72635694
1627633803,1090,305,3,0,3073,72681941
1627633848,1090,305,3,0,3073,72727213
1627633890,1090,305,3,0,3073,72772085
1627633933,1090,305,3,0,3073,72816918
1627633969,1090,305,3,0,3073,72852597
1627634001,1090,305,3,0,3073,72884217
1627634035,1090,305,3,0,3073,72915308
1627634086,1090,305,3,0,3073,72962924
1627634140,1090,305,3,0,3073,72990673
1627634170,1090,305,3,0,3073,73017929
1627634205,1090,305,3,0,3073,73051035
1627634244,1090,305,3,0,3073,73087340
1627634287,1090,305,3,0,3073,73129325
1627634332,1090,305,3,0,3073,73173682
1627634379,1090,305,3,0,3073,73219187
1627634426,1090,305,3,0,3073,73265381
1627634469,1090,305,3,0,3073,73310670
1627634511,1090,305,3,0,3073,73355542
1627634554,1090,305,3,0,3073,73400404
1627634590,1090,305,3,0,3073,73436100
1627634622,1090,305,3,0,3073,73467720
1627634654,1090,305,3,0,3073,73498816
1627634705,1090,305,3,0,3073,73546432
1627634758,1090,305,3,0,3073,73573430
1627634789,1090,305,3,0,3073,73601628
1627634825,1090,305,3,0,3073,73634591
1627634863,1090,305,3,0,3073,73670222
1627634906,1090,305,3,0,3073,73712381
1627634951,1090,305,3,0,3073,73756290
1627634997,1090,305,3,0,3073,73801776
1627635041,1090,305,3,0,3073,73847848
1627635086,1090,305,3,0,3073,73893222
1627635129,1090,305,3,0,3073,73938090
1627635172,1090,305,3,0,3073,73982390
1627635207,1090,305,3,0,3073,74017527
1627635238,1090,305,3,0,3073,74048637
1627635269,1090,305,3,0,3073,74078717
1627635320,1090,305,3,0,3073,74126333
1627635373,1090,305,3,0,3073,74153464
1627635404,1090,305,3,0,3073,74181156
1627635440,1090,305,3,0,3073,74214132
1627635479,1090,305,3,0,3073,74250155
1627635522,1090,305,3,0,3073,74293010
1627635567,1090,305,3,0,3073,74336953
1627635612,1090,305,3,0,3073,74382496
1627635659,1090,305,3,0,3073,74428439
1627635702,1090,305,3,0,3073,74473810
1627635746,1090,305,3,0,3073,74518680
1627635787,1090,305,3,0,3073,74563030
1627635822,1090,305,3,0,3073,74598201
1627635853,1090,305,3,0,3073,74629311
1627635884,1090,305,3,0,3073,74659898
1627635935,1093,305,3,0,3073,74707514
1627635989,1093,305,3,0,3073,74734546
1627636019,1093,305,3,0,3073,74761936
1627636053,1093,305,3,0,3073,74793188
1627636089,1093,305,3,0,3073,74828287
1627636133,1093,305,3,0,3073,74870807
1627636177,1093,305,3,0,3073,74914004
1627636221,1093,305,3,0,3073,74958949
1627636266,1093,305,3,0,3073,75004498
1627636309,1093,305,3,0,3073,75049248
1627636352,1093,305,3,0,3073,75093613
1627636395,1093,305,3,0,3073,75137447
1627636429,1093,305,3,0,3073,75172625
1627636460,1093,305,3,0,3073,75203735
1627636494,1093,305,3,0,3073,75234324
1627636544,1093,305,3,0,3073,75281428
1627636597,1094,305,3,0,3073,75308653
1627636629,1095,305,3,0,3073,75337529
1627636666,1095,305,3,0,3073,75371261
1627636705,1095,305,3,0,3073,75408214
1627636749,1095,305,3,0,3073,75451808
1627636794,1095,305,3,0,3073,75496148
1627636841,1095,305,3,0,3073,75541841
1627636886,1095,305,3,0,3073,75587942
1627636929,1095,305,3,0,3073,75633304
1627636972,1095,305,3,0,3073,75678176
1627637015,1095,305,3,0,3073,75722497
1627637050,1095,305,3,0,3073,75757172
1627637081,1095,305,3,0,3073,75787772
1627637113,1095,305,3,0,3073,75817839
1627637164,1095,305,3,0,3073,75865455
1627637218,1095,305,3,0,3073,75892886
1627637249,1095,305,3,0,3073,75921297
1627637286,1095,305,3,0,3073,75954841
1627637324,1095,305,3,0,3073,75991578
1627637368,1095,305,3,0,3073,76034379
1627637413,1095,305,3,0,3073,76078755
1627637459,1095,305,3,0,3073,76124234
1627637506,1095,305,3,0,3073,76170308
1627637548,1095,305,3,0,3073,76215645
1627637591,1095,305,3,0,3073,76260521
1627637634,1095,305,3,0,3073,76304710
1627637668,1095,305,3,0,3073,76339375
1627637699,1095,305,3,0,3073,76369975
1627637730,1095,305,3,0,3073,76400056
1627637781,1095,305,3,0,3073,76447672
1627637834,1095,305,3,0,3073,76475115
1627637864,1095,305,3,0,3073,76503031
1627637901,1095,305,3,0,3073,76536900
1627637939,1095,305,3,0,3073,76573303
1627637983,1095,305,3,0,3073,76616302
1627638028,1095,305,3,0,3073,76660043
1627638072,1095,305,3,0,3073,76705468
1627638118,1095,305,3,0,3073,76751652
1627638161,1095,305,3,0,3073,76797008
1627638204,1095,305,3,0,3073,76841881
1627638248,1095,305,3,0,3073,76886206
1627638282,1095,305,3,0,3073,76920885
1627638313,1095,305,3,0,3073,76951485
1627638343,1095,305,3,0,3073,76981569
1627638394,1095,305,3,0,3073,77029185
1627638447,1095,305,3,0,3073,77056952
1627638477,1095,305,3,0,3073,77084297
1627638513,1095,305,3,0,3073,77117198
1627638551,1095,305,3,0,3073,77153272
1627638594,1095,305,3,0,3073,77196249
1627638639,1095,305,3,0,3073,77240122
1627638685,1095,305,3,0,3073,77285601
1627638731,1095,305,3,0,3073,77331721
1627638774,1095,305,3,0,3073,77377052
1627638817,1095,305,3,0,3073,77421922
1627638860,1095,305,3,0,3073,77466256
1627638894,1095,305,3,0,3073,77501446
1627638925,1095,305,3,0,3073,77532556
1627638956,1095,305,3,0,3073,77563149
1627639007,1095,305,3,0,3073,77610765
1627639060,1095,305,3,0,3073,77638136
1627639091,1095,305,3,0,3073,77666220
1627639127,1095,305,3,0,3073,77698850
1627639165,1095,305,3,0,3073,77734270
1627639211,1095,305,3,0,3073,77777465
1627639255,1095,305,3,0,3073,77820739
1627639300,1095,305,3,0,3073,77866361
1627639346,1095,305,3,0,3073,77912494
1627639391,1095,305,3,0,3073,77957764
1627639434,1095,305,3,0,3073,78002642
1627639480,1095,305,3,0,3073,78046943
1627639513,1095,305,3,0,3073,78082114
1627639544,1095,305,3,0,3073,78113224
1627639577,1095,305,3,0,3073,78143798
1627639628,1095,305,3,0,3073,78191414
1627639681,1095,305,3,0,3073,78218935
1627639712,1095,305,3,0,3073,78246654
1627639746,1095,305,3,0,3073,78278432
1627639785,1095,305,3,0,3073,78315186
1627639828,1095,305,3,0,3073,78358584
1627639873,1095,305,3,0,3073,78402452
1627639919,1095,305,3,0,3073,78447868
1627639965,1095,305,3,0,3073,78494088
1627640007,1095,305,3,0,3073,78539396
1627640053,1095,305,3,0,3073,78584268
1627640096,1095,305,3,0,3073,78628580
1627640130,1095,305,3,0,3073,78663746
1627640161,1095,305,3,0,3073,78694856
1627640193,1095,305,3,0,3073,78725446
1627640244,1095,305,3,0,3073,78773062
1627640297,1095,305,3,0,3073,78800851
1627640327,1095,305,3,0,3073,78828011
1627640362,1095,305,3,0,3073,78860204
1627640399,1095,305,3,0,3073,78896073
1627640443,1095,305,3,0,3073,78938858
1627640488,1095,305,3,0,3073,78982630
1627640535,1095,305,3,0,3073,79027988
1627640581,1095,305,3,0,3073,79073876
1627640625,1095,305,3,0,3073,79119136
1627640667,1095,305,3,0,3073,79164007
1627640710,1095,305,3,0,3073,79208339
1627640745,1095,305,3,0,3073,79243503
1627640777,1095,305,3,0,3073,79274613
1627640809,1095,305,3,0,3073,79305199
1627640860,1095,305,3,0,3073,79352815
1627640912,1095,305,3,0,3073,79379749
1627640943,1095,305,3,0,3073,79407439
1627640978,1095,305,3,0,3073,79439309
1627641016,1095,305,3,0,3073,79475131
1627641060,1095,305,3,0,3073,79517972
1627641105,1095,305,3,0,3073,79562052
1627641152,1096,305,3,0,3073,79607293
1627641198,1096,305,3,0,3073,79653287
1627641242,1096,305,3,0,3073,79698633
1627641285,1096,305,3,0,3073,79743509
1627641328,1096,305,3,0,3073,79787797
1627641362,1096,305,3,0,3073,79822970
1627641393,1096,305,3,0,3073,79854080
1627641425,1096,305,3,0,3073,79884672
1627641476,1096,305,3,0,3073,79932288
1627641528,1096,305,3,0,3073,79958802
1627641558,1096,305,3,0,3073,79986108
1627641593,1096,305,3,0,3073,80018581
1627641631,1096,305,3,0,3073,80054139
1627641672,1096,305,3,0,3073,80095504
1627641717,1096,305,3,0,3073,80140114
1627641764,1096,305,3,0,3073,80185681
1627641809,1096,305,3,0,3073,80231757
1627641854,1096,305,3,0,3073,80277115
1627641898,1096,305,3,0,3073,80321976
1627641941,1096,305,3,0,3073,80366822
1627641976,1096,305,3,0,3073,80402499
1627642008,1096,305,3,0,3073,80434119
1627642041,1096,305,3,0,3073,80465222
1627642092,1096,305,3,0,3073,80512838
1627642146,1096,305,3,0,3073,80541081
1627642177,1096,305,3,0,3073,80568830
1627642213,1096,305,3,0,3073,80601732
1627642252,1096,305,3,0,3073,80638000
1627642296,1096,305,3,0,3073,80680644
1627642341,1096,305,3,0,3073,80725007
1627642387,1096,305,3,0,3073,80770398
1627642432,1096,305,3,0,3073,80816453
1627642476,1096,305,3,0,3073,80861776
1627642520,1096,305,3,0,3073,80906648
1627642563,1096,305,3,0,3073,80950980
1627642598,1096,305,3,0,3073,80986651
1627642630,1096,305,3,0,3073,81017761
1627642661,1096,305,3,0,3073,81048348
1627642712,1097,305,3,0,3073,81095964
1627642765,1097,305,3,0,3073,81123222
1627642794,1097,305,3,0,3073,81150445
