1627737097,49,39,0,0,7638,50
1627737136,414,226,0,0,8870,11883
1627737158,583,300,0,0,9153,23749
1627737182,766,353,0,0,9271,37344
1627737208,936,389,0,0,9411,52190
1627737235,1069,415,0,0,9535,68238
1627737264,1164,429,0,0,9611,85312
1627737291,1239,443,0,0,9650,101070
1627737313,1304,466,0,0,9729,113906
1627737328,1334,473,0,0,9744,122415
1627737338,1375,475,0,0,9746,128056
1627737344,1382,476,0,0,9750,131863
1627737350,1407,482,0,0,9766,135192
1627737353,1416,484,0,0,9772,137043
1627737354,1420,484,0,0,9772,137457
1627737388,1973,628,0,0,10274,157937
1627737423,2182,660,0,0,10361,178417
1627737457,2331,688,0,0,10518,198897
1627737492,2438,709,0,0,10580,219377
1627737526,2500,716,0,0,10611,239857
1627737561,2546,726,0,0,10637,260337
1627737595,2590,732,0,0,10646,280817
1627737628,2628,739,0,0,10675,301297
1627737946,2696,765,1,0,10765,416298
1627738164,2748,787,1,0,10842,538597
1627738427,2791,798,1,0,10882,688402
1627738708,2833,813,2,0,10911,850739
1627738997,2870,820,2,0,10929,1020782
1627739289,2915,838,2,0,10959,1193187
1627739576,2925,838,2,0,10959,1363754
1627739853,2936,839,2,0,10960,1528128
1627740073,2958,841,2,0,10967,1657430
1627740207,2972,843,2,0,10969,1736266
1627740295,2976,843,2,0,10969,1787178
1627740365,2977,843,2,0,10969,1828215
1627740416,2987,843,2,0,10969,1857153
1627740430,3010,845,2,0,10976,1864763
1627740761,3361,892,2,0,11179,2060347
1627741092,3522,914,2,0,11282,2255931
1627741423,3635,929,2,0,11341,2451515
1627741754,3734,944,2,0,11406,2647099
1627742084,3813,955,2,0,11444,2842683
1627742415,3887,964,2,0,11464,3038267
1627742743,3945,972,2,0,11497,3233851
1627743112,3956,976,3,0,11533,3369455
1627743366,3979,981,4,0,11548,3510684
1627743654,3990,986,4,0,11554,3673905
1627743968,4014,990,4,0,11561,3854894
1627744291,4034,993,4,0,11564,4044683
1627744617,4044,994,4,0,11572,4237863
1627744938,4062,996,4,0,11574,4429122
1627745253,4069,996,4,0,11574,4615530
1627745524,4074,998,4,0,11582,4776136
1627745702,4077,999,4,0,11583,4880414
1627745811,4081,999,4,0,11583,4944556
1627745899,4083,999,4,0,11583,4995565
1627745970,4086,1000,4,0,11585,5036554
1627745992,4086,1000,4,0,11585,5048839
1627746367,4217,1013,4,0,11626,5266951
1627746741,4301,1021,4,0,11641,5485063
1627747115,4361,1027,4,0,11650,5703175
1627747490,4414,1036,4,0,11692,5921287
1627747863,4466,1044,4,0,11707,6139399
1627748271,4470,1045,4,0,11708,6291904
1627748541,4483,1047,4,0,11713,6441706
1627748849,4493,1050,4,0,11718,6618018
1627749180,4503,1052,4,0,11725,6809375
1627749526,4512,1052,4,0,11725,7011604
1627749875,4516,1054,4,0,11728,7217564
1627750225,4519,1055,4,0,11729,7424914
1627750563,4522,1055,4,0,11729,7626734
1627750862,4523,1055,4,0,11729,7804343
1627751068,4524,1056,4,0,11730,7925980
1627751199,4524,1056,4,0,11730,8002439
1627751291,4525,1056,4,0,11730,8056385
1627751367,4526,1056,4,0,11730,8100449
1627751392,4530,1056,4,0,11730,8114209
1627751793,4635,1065,4,0,11760,8346657
1627752197,4687,1074,4,0,11790,8579105
1627752601,4743,1080,4,0,11832,8811553
1627753002,4783,1085,7,0,11880,9044001
1627753385,4786,1085,7,0,11880,9188413
1627753649,4788,1085,7,0,11880,9334742
1627753949,4796,1087,7,0,11889,9505964
1627754273,4799,1087,7,0,11889,9692665
1627754610,4803,1087,7,0,11889,9888860
1627754948,4811,1087,7,0,11889,10088477
1627755285,4812,1087,7,0,11889,10288996
1627755615,4812,1087,7,0,11889,10484861
1627755910,4814,1087,7,0,11889,10660612
1627756132,4816,1087,7,0,11889,10791659
1627756266,4816,1087,7,0,11889,10869679
1627756347,4817,1087,7,0,11889,10916492
1627756412,4818,1087,7,0,11889,10954131
1627756433,4819,1087,7,0,11889,10965690
1627756822,4899,1098,7,0,11942,11191482
1627757211,4949,1105,7,0,11979,11417274
1627757602,4983,1108,7,0,11988,11643066
1627757994,5014,1111,7,0,11996,11868858
1627758384,5041,1112,7,0,11998,12094650
1627758772,5048,1114,7,0,12002,12241088
1627759038,5051,1116,7,0,12007,12388017
1627759337,5054,1116,7,0,12007,12559303
1627759665,5057,1116,7,0,12007,12748686
1627760002,5064,1117,7,0,12010,12946231
1627760344,5068,1117,7,0,12010,13147519
1627760685,5070,1117,7,0,12010,13350390
1627761018,5072,1117,7,0,12010,13548782
1627761319,5072,1117,7,0,12010,13727983
1627761546,5075,1117,7,0,12010,13862414
1627761684,5075,1117,7,0,12010,13942660
1627761760,5075,1117,7,0,12010,13987424
1627761819,5075,1117,7,0,12010,14021095
1627761838,5075,1117,7,0,12010,14031859
1627762228,5143,1123,7,0,12022,14258675
1627762625,5180,1127,7,0,12038,14485491
1627763021,5198,1128,7,0,12060,14712307
1627763413,5220,1128,7,0,12060,14939123
1627763797,5221,1128,7,0,12060,15084247
1627764065,5222,1128,7,0,12060,15232363
1627764369,5223,1128,7,0,12060,15407347
1627764696,5228,1128,7,0,12060,15597778
1627765033,5229,1128,7,0,12060,15796352
1627765374,5231,1128,7,0,12060,15998696
1627765717,5234,1128,7,0,12060,16202581
1627766052,5234,1128,7,0,12060,16401898
1627766359,5234,1128,7,0,12060,16584357
1627766590,5235,1128,7,0,12060,16721015
1627766726,5235,1128,7,0,12060,16800592
1627766800,5236,1128,7,0,12060,16843422
1627766848,5236,1128,7,0,12060,16871190
1627766863,5236,1128,7,0,12060,16879618
1627767254,5290,1134,7,0,12090,17107458
1627767648,5315,1138,7,0,12098,17335298
1627768042,5342,1138,7,0,12098,17563138
1627768434,5358,1139,7,0,12100,17790978
1627768838,5358,1139,7,0,12100,17941607
1627769109,5358,1139,7,0,12100,18091570
1627769420,5358,1139,7,0,12100,18269071
1627769753,5358,1139,7,0,12100,18462716
1627770099,5360,1139,7,0,12100,18665616
1627770447,5361,1139,7,0,12100,18872006
1627770796,5362,1139,7,0,12100,19079830
1627771136,5363,1139,7,0,12100,19282761
1627771451,5363,1139,7,0,12100,19469232
1627771692,5363,1139,7,0,12100,19611614
1627771837,5364,1139,7,0,12100,19696866
1627771916,5364,1139,7,0,12100,19742852
1627771964,5364,1139,7,0,12100,19770368
1627771980,5364,1139,7,0,12100,19779363
1627772382,5401,1140,7,0,12102,20012323
1627772783,5425,1140,7,0,12102,20245283
1627773183,5427,1140,7,0,12102,20393509
1627773455,5428,1140,7,0,12102,20545109
1627773763,5431,1140,7,0,12102,20723143
1627774098,5431,1140,7,0,12102,20918111
1627774443,5433,1141,7,0,12103,21122257
1627774795,5433,1141,7,0,12103,21330040
1627775148,5433,1141,7,0,12103,21539547
1627775494,5433,1141,7,0,12103,21745334
1627775808,5434,1141,7,0,12103,21931888
1627776049,5434,1141,8,0,12103,22074461
1627776197,5436,1141,8,0,12103,22161214
1627776279,5436,1141,8,0,12103,22208608
1627776327,5437,1141,8,0,12103,22236315
1627776344,5437,1141,8,0,12103,22245746
1627776747,5471,1141,8,0,12103,22479730
1627777149,5472,1141,8,0,12103,22628921
1627777427,5472,1141,8,0,12103,22782552
1627777740,5472,1141,8,0,12103,22961393
1627778075,5473,1141,8,0,12103,23156568
1627778423,5474,1141,8,0,12103,23361090
1627778771,5475,1141,8,0,12103,23569371
1627779123,5475,1141,8,0,12103,23779169
1627779469,5475,1141,8,0,12103,23985970
1627779786,5475,1141,8,0,12103,24173994
1627780028,5475,1141,8,0,12103,24317835
1627780182,5476,1141,8,0,12103,24407868
1627780265,5479,1142,8,0,12105,24455906
1627780312,5479,1142,8,0,12105,24483218
1627780329,5479,1142,8,0,12105,24492093
1627780733,5515,1147,8,0,12145,24726589
1627781137,5543,1151,8,0,12173,24961085
1627781542,5556,1153,8,0,12180,25195581
1627781946,5576,1155,8,0,12184,25430077
1627782350,5577,1155,8,0,12184,25580180
1627782625,5579,1156,8,0,12187,25733152
1627782944,5581,1156,8,0,12187,25917110
1627783284,5584,1156,8,0,12187,26114985
1627783635,5585,1157,8,0,12188,26321183
1627783990,5585,1157,8,0,12188,26531375
1627784346,5587,1157,8,0,12188,26743501
1627784697,5589,1157,8,0,12188,26952240
1627785013,5589,1157,8,0,12188,27140894
1627785259,5589,1157,8,0,12188,27286181
1627785419,5589,1157,8,0,12188,27379983
1627785507,5590,1157,8,0,12188,27431061
1627785556,5590,1157,8,0,12188,27459130
1627785574,5590,1157,8,0,12188,27469050
1627785983,5626,1157,8,0,12188,27706106
1627786387,5627,1157,8,0,12188,27855684
1627786666,5627,1157,8,0,12188,28009331
1627786983,5628,1157,8,0,12188,28189850
1627787322,5628,1157,8,0,12188,28386166
1627787669,5629,1157,8,0,12188,28590322
1627788019,5629,1157,8,0,12188,28799869
1627788374,5629,1157,8,0,12188,29010922
1627788722,5631,1158,8,0,12190,29218715
1627789040,5631,1158,8,0,12190,29407873
1627789285,5631,1158,8,0,12190,29553312
1627789447,5632,1158,8,0,12190,29648272
1627789535,5632,1158,8,0,12190,29699934
1627789584,5632,1158,8,0,12190,29728056
1627789602,5632,1158,8,0,12190,29737412
1627790010,5656,1158,8,0,12190,29972932
1627790415,5656,1158,8,0,12190,30122799
1627790687,5657,1159,8,0,12214,30273620
1627791000,5657,1159,8,0,12214,30452875
1627791336,5657,1159,8,0,12214,30648196
1627791683,5657,1159,8,0,12214,30851962
1627792036,5657,1159,8,0,12214,31060414
1627792389,5658,1159,8,0,12214,31270311
1627792736,5659,1159,8,0,12214,31476813
1627793049,5659,1159,8,0,12214,31666078
1627793295,5659,1159,8,0,12214,31812254
1627793458,5659,1159,8,0,12214,31907949
1627793547,5660,1160,8,0,12216,31959399
1627793596,5660,1160,8,0,12216,31987455
1627793613,5660,1160,8,0,12216,31996789
1627794017,5673,1160,8,0,12216,32231285
1627794423,5675,1161,8,0,12218,32382227
1627794698,5676,1161,8,0,12218,32534824
1627795018,5676,1161,8,0,12218,32718438
1627795358,5678,1161,8,0,12218,32916677
1627795709,5678,1161,8,0,12218,33122478
1627796066,5678,1161,8,0,12218,33333883
1627796426,5678,1161,8,0,12218,33546501
1627796782,5678,1161,8,0,12218,33756389
1627797102,5678,1161,8,0,12218,33948122
1627797355,5678,1161,8,0,12218,34096501
1627797522,5678,1161,8,0,12218,34193962
1627797615,5679,1161,8,0,12218,34247656
1627797664,5680,1161,9,0,12218,34275779
1627797680,5680,1161,9,0,12218,34284682
1627798090,5710,1165,9,0,12226,34521738
1627798499,5722,1166,9,0,12227,34758794
1627798916,5729,1167,9,0,12229,34995850
1627799325,5729,1167,9,0,12229,35148543
1627799601,5732,1167,10,0,12229,35301879
1627799920,5734,1168,10,0,12231,35483367
1627800260,5735,1168,10,0,12231,35680582
1627800613,5735,1168,10,0,12231,35886793
1627800971,5738,1168,10,0,12231,36097364
1627801328,5739,1168,10,0,12231,36309880
1627801674,5739,1168,10,0,12231,36518726
1627801994,5739,1168,10,0,12231,36709376
1627802242,5739,1168,10,0,12231,36856633
1627802405,5739,1168,10,0,12231,36952609
1627802496,5739,1168,10,0,12231,37005970
1627802547,5739,1168,10,0,12231,37034418
1627802562,5739,1168,10,0,12231,37042907
1627802971,5763,1170,10,0,12376,37279451
1627803379,5777,1172,10,0,12379,37515995
1627803788,5784,1173,10,0,12380,37752539
1627804194,5784,1173,10,0,12380,37902179
1627804474,5786,1173,10,0,12380,38056476
1627804796,5787,1173,10,0,12380,38239563
1627805141,5787,1173,10,0,12380,38438942
1627805498,5788,1173,10,0,12380,38646891
1627805856,5788,1173,10,0,12380,38857877
1627806216,5788,1173,10,0,12380,39071314
1627806568,5788,1173,10,0,12380,39281067
1627806888,5788,1173,10,0,12380,39475359
1627807143,5788,1173,10,0,12380,39626179
1627807311,5789,1173,10,0,12380,39725258
1627807407,5789,1173,10,0,12380,39781499
1627807458,5789,1173,10,0,12380,39811013
1627807474,5789,1173,10,0,12380,39819869
1627807884,5815,1173,10,0,12380,40056925
1627808294,5815,1173,10,0,12380,40208670
1627808577,5815,1173,10,0,12380,40365239
1627808897,5816,1174,10,0,12381,40548064
1627809243,5816,1174,10,0,12381,40748489
1627809600,5816,1174,10,0,12381,40957722
1627809962,5818,1174,10,0,12381,41171552
1627810326,5819,1174,10,0,12381,41387309
1627810685,5819,1174,10,0,12381,41600315
1627811016,5819,1174,10,0,12381,41796586
1627811272,5819,1174,10,0,12381,41948349
1627811446,5820,1174,10,0,12381,42050539
1627811546,5820,1174,10,0,12381,42107246
1627811598,5820,1174,10,0,12381,42136986
1627811615,5820,1174,10,0,12381,42146268
1627812027,5834,1176,10,0,12389,42385884
1627812441,5846,1176,10,0,12389,42625500
1627812855,5860,1176,10,0,12389,42865116
1627813265,5860,1176,10,0,12389,43016780
1627813542,5864,1177,10,0,12393,43169223
1627813864,5865,1177,10,0,12393,43353170
1627814210,5865,1177,10,0,12393,43552909
1627814562,5865,1177,10,0,12393,43760475
1627814922,5865,1177,10,0,12393,43973053
1627815283,5865,1177,10,0,12393,44187364
1627815639,5865,1177,10,0,12393,44398938
1627815968,5865,1177,10,0,12393,44594483
1627816227,5865,1177,10,0,12393,44747686
1627816403,5865,1177,10,0,12393,44850896
1627816508,5867,1177,10,0,12393,44912112
1627816564,5867,1177,10,0,12393,44943187
1627816580,5867,1177,10,0,12393,44952195
1627816991,5896,1182,10,0,12417,45190787
1627817403,5915,1184,10,0,12419,45429379
1627817816,5924,1185,10,0,12427,45667971
1627818230,5943,1185,10,0,12427,45906563
1627818637,5943,1185,10,0,12427,46056970
1627818914,5944,1185,10,0,12427,46209434
1627819235,5944,1185,10,0,12427,46392077
1627819578,5944,1185,10,0,12427,46591535
1627819933,5944,1185,10,0,12427,46800330
1627820296,5944,1185,10,0,12427,47014282
1627820657,5944,1185,10,0,12427,47228280
1627821015,5945,1185,10,0,12427,47440410
1627821342,5945,1185,10,0,12427,47637039
1627821606,5945,1185,10,0,12427,47794529
1627821784,5945,1185,10,0,12427,47899497
1627821893,5947,1185,10,0,12427,47963200
1627821950,5947,1185,10,0,12427,47995882
1627821967,5947,1185,10,0,12427,48005723
1627822384,5975,1186,10,0,12428,48244827
1627822800,5991,1188,10,0,12439,48483931
1627823208,5991,1188,10,0,12439,48635331
1627823487,5991,1188,10,0,12439,48791712
