1627467480,3,2,0,0,1287,3
1627467490,127,9,0,0,1336,771
1627467491,159,9,0,0,1336,1883
1627467492,172,9,0,0,1336,2802
1627467493,193,25,0,0,1406,3837
1627467495,207,33,0,0,1431,5129
1627467496,211,35,0,0,1435,6430
1627467497,214,35,0,0,1435,7908
1627467499,219,35,0,0,1435,9425
1627467500,220,36,0,0,1436,10949
1627467502,225,38,0,0,1440,12474
1627467503,226,39,0,0,1442,13979
1627467505,306,49,0,0,1562,15508
1627467506,308,51,0,0,1565,17038
1627467508,442,87,3,0,1651,18574
1627467510,485,99,6,0,1672,20110
1627467513,511,106,7,0,1684,21646
1627467515,523,110,8,0,1732,23182
1627467517,530,112,9,0,1749,24718
1627467519,541,114,10,0,1771,26254
1627467558,545,114,10,0,1771,43871
1627467588,559,116,10,0,1777,60513
1627467617,565,116,11,0,1777,78687
1627467648,566,116,11,0,1777,100148
1627467678,567,116,11,0,1777,123576
1627467707,573,116,11,0,1777,148797
1627467734,579,119,11,0,1876,174216
1627467758,580,119,11,0,1876,200020
1627467781,582,119,11,0,1876,225991
1627467806,591,119,12,0,1876,251993
1627467831,593,120,12,0,1877,278000
1627467855,603,121,12,0,1879,303500
1627467895,604,121,12,0,1879,328490
1627467932,661,129,21,0,1905,354602
1627467967,693,135,25,0,1927,380714
1627468004,714,138,32,0,1933,406826
1627468041,732,140,34,0,1941,432938
1627468081,732,140,35,0,1941,451588
1627468107,732,140,35,0,1941,467883
1627468144,741,146,35,0,1968,488453
1627468180,741,146,35,0,1968,511108
1627468215,741,146,35,0,1968,536537
1627468245,741,146,35,0,1968,563289
1627468274,741,146,35,0,1968,590803
1627468303,741,146,35,0,1968,618779
1627468331,742,147,35,0,1970,647049
1627468359,760,147,53,0,1970,675050
1627468385,763,147,53,0,1970,703083
1627468411,768,147,53,0,1970,730623
1627468438,768,147,53,0,1970,758162
1627468481,791,155,55,0,2119,787346
1627468523,813,158,59,0,2131,816530
1627468565,829,161,61,0,2142,845714
1627468608,843,166,63,0,2163,874898
1627468664,846,166,66,0,2163,897468
1627468721,853,166,114,0,2163,922948
1627468775,854,166,115,0,2163,951171
1627468826,856,166,117,0,2163,983431
1627468874,858,166,119,0,2163,1017286
1627468915,858,166,119,0,2163,1053355
1627468958,859,166,119,0,2163,1090491
1627468997,860,166,119,0,2163,1128268
1627469037,860,166,119,0,2163,1166370
1627469073,861,166,119,0,2163,1204604
1627469111,861,166,119,0,2163,1242854
1627469148,861,166,119,0,2163,1280594
1627469196,861,166,119,0,2163,1317823
1627469256,904,172,120,0,2296,1356735
1627469315,932,174,121,0,2298,1395647
1627469372,945,174,121,0,2298,1434559
1627469433,957,174,123,0,2298,1473471
1627469493,958,174,124,0,2298,1496729
1627469543,969,174,124,0,2298,1523571
1627469589,970,175,124,0,2332,1555306
1627469636,970,175,124,0,2332,1588176
1627469686,973,178,124,0,2335,1624264
1627469730,977,178,124,0,2335,1661946
1627469777,977,178,124,0,2335,1700328
1627469817,978,179,124,0,2338,1739302
1627469857,978,179,124,0,2338,1778471
1627469894,980,180,124,0,2340,1817719
1627469932,983,182,124,0,2343,1856989
1627469969,983,182,124,0,2343,1896259
1627470006,983,182,124,0,2343,1934952
1627470071,1045,184,127,0,2347,1974888
1627470134,1057,184,127,0,2347,2014824
1627470195,1067,185,127,0,2348,2054760
1627470264,1071,186,130,0,2351,2079085
1627470318,1072,186,131,0,2351,2108132
1627470368,1073,187,131,0,2352,2142660
1627470419,1081,187,131,0,2352,2177940
1627470471,1081,187,131,0,2352,2216074
1627470520,1084,187,131,0,2352,2256103
1627470562,1085,188,131,0,2354,2297154
1627470606,1097,188,131,0,2354,2338627
1627470646,1097,188,131,0,2354,2380324
1627470688,1098,188,132,0,2354,2422110
1627470729,1102,188,132,0,2354,2463929
1627470773,1102,188,132,0,2354,2505749
1627470811,1102,188,132,0,2354,2547019
1627470881,1120,190,133,0,2378,2589515
1627470946,1123,190,133,0,2378,2632011
1627471014,1130,191,133,0,2435,2674507
1627471084,1130,191,133,0,2435,2707221
1627471137,1130,191,133,0,2435,2734550
1627471200,1130,191,133,0,2435,2768213
1627471267,1133,194,133,0,2440,2806393
1627471323,1136,194,136,0,2440,2847013
1627471375,1136,194,136,0,2440,2888742
1627471418,1136,194,136,0,2440,2932006
1627471461,1157,194,137,0,2440,2975407
1627471505,1162,194,137,0,2440,3019137
1627471547,1162,194,137,0,2440,3062952
1627471589,1162,194,137,0,2440,3106806
1627471633,1162,194,137,0,2440,3150666
1627471676,1162,194,137,0,2440,3194015
1627471751,1185,196,139,0,2444,3238559
1627471829,1199,196,141,0,2444,3283103
1627471905,1204,197,142,0,2449,3327647
1627471997,1207,198,144,0,2452,3354809
1627472059,1207,198,144,0,2452,3381391
1627472122,1207,198,144,0,2452,3413686
1627472192,1210,198,147,0,2452,3451583
1627472251,1211,198,147,0,2452,3492978
1627472311,1214,198,149,0,2452,3535667
1627472364,1215,199,149,0,2453,3579857
1627472416,1216,199,149,0,2453,3624384
1627472463,1220,199,149,0,2453,3669110
1627472507,1220,199,149,0,2453,3713970
1627472548,1220,199,149,0,2453,3758847
1627472591,1220,199,149,0,2453,3803727
1627472633,1220,199,149,0,2453,3848097
1627472717,1232,199,152,0,2453,3893665
1627472801,1234,199,155,0,2453,3920874
1627472870,1236,199,156,0,2453,3947300
1627472939,1241,199,161,0,2453,3979725
1627473001,1243,199,163,0,2453,4017255
1627473064,1245,199,164,0,2453,4057547
1627473115,1246,199,165,0,2453,4100056
1627473166,1246,199,165,0,2453,4143794
1627473213,1246,199,165,0,2453,4188232
1627473259,1247,199,166,0,2453,4232878
1627473301,1247,199,166,0,2453,4277728
1627473343,1247,199,166,0,2453,4322608
1627473388,1247,199,166,0,2453,4367488
1627473428,1247,199,166,0,2453,4411855
1627473514,1259,199,168,0,2453,4457423
1627473581,1259,199,168,0,2453,4483843
1627473639,1260,199,168,0,2453,4510310
1627473710,1261,199,169,0,2453,4542375
1627473778,1261,199,169,0,2453,4579152
1627473843,1268,201,169,0,2460,4618828
1627473895,1269,201,169,0,2460,4660773
1627473941,1269,201,169,0,2460,4703959
1627473990,1270,201,170,0,2460,4747741
1627474032,1272,202,170,0,2477,4791920
1627474075,1272,202,170,0,2477,4836256
1627474116,1272,202,170,0,2477,4880625
1627474160,1272,202,170,0,2477,4924995
1627474199,1272,202,170,0,2477,4968343
1627474278,1279,202,171,0,2477,5013399
1627474357,1280,202,172,0,2477,5040709
1627474414,1283,202,175,0,2477,5068373
1627474486,1284,202,176,0,2477,5099594
1627474558,1289,202,177,0,2477,5135122
1627474618,1294,202,185,0,2477,5173384
1627474673,1294,202,185,0,2477,5213440
1627474722,1294,202,185,0,2477,5255182
1627474771,1297,202,187,0,2477,5297642
1627474813,1297,202,187,0,2477,5340307
1627474854,1297,202,187,0,2477,5383115
1627474896,1297,202,187,0,2477,5425953
1627474940,1297,202,187,0,2477,5468793
1627474977,1297,202,187,0,2477,5510613
1627475053,1302,203,188,0,2505,5554133
1627475131,1306,203,188,0,2505,5597653
1627475217,1307,203,188,0,2505,5623557
1627475273,1307,203,188,0,2505,5648275
1627475337,1309,203,188,0,2505,5676954
1627475404,1312,203,190,0,2505,5710227
1627475460,1312,203,190,0,2505,5746480
1627475515,1313,203,190,0,2505,5785137
1627475571,1314,203,191,0,2505,5825037
1627475625,1314,203,191,0,2505,5865691
1627475668,1314,203,191,0,2505,5906764
1627475711,1314,203,191,0,2505,5948003
1627475755,1314,203,191,0,2505,5989306
1627475793,1314,203,191,0,2505,6030616
1627475829,1314,203,191,0,2505,6071415
1627475904,1330,207,191,0,2534,6113399
1627475976,1347,209,194,0,2541,6155383
1627476049,1353,211,195,0,2547,6197367
1627476115,1354,211,196,0,2547,6224537
1627476194,1368,211,199,0,2547,6252535
1627476283,1368,211,199,0,2547,6284622
1627476349,1369,211,199,0,2547,6320044
1627476413,1370,211,199,0,2547,6359630
1627476472,1370,211,199,0,2547,6402029
1627476527,1370,211,199,0,2547,6445527
1627476574,1370,211,199,0,2547,6489544
1627476622,1370,211,199,0,2547,6533817
1627476671,1370,211,199,0,2547,6578169
1627476717,1370,211,199,0,2547,6622538
1627476760,1370,211,199,0,2547,6666908
1627476798,1370,211,199,0,2547,6710256
1627476879,1387,212,200,0,2549,6755312
1627476960,1401,214,203,0,2553,6800368
1627477033,1401,214,203,0,2553,6827749
1627477097,1401,214,203,0,2553,6854283
1627477180,1402,214,204,0,2553,6884517
1627477251,1418,214,218,0,2553,6920109
1627477319,1422,214,220,0,2553,6959813
1627477381,1422,214,220,0,2553,7000988
1627477433,1424,214,220,0,2553,7043579
1627477481,1424,214,220,0,2553,7086651
1627477530,1424,214,220,0,2553,7129912
1627477576,1424,214,220,0,2553,7173247
1627477620,1424,214,220,0,2553,7216589
1627477661,1424,214,220,0,2553,7259939
1627477698,1424,214,220,0,2553,7302267
1627477776,1437,216,220,0,2570,7346299
1627477853,1445,216,221,0,2570,7390331
1627477929,1449,216,222,0,2570,7434363
1627477999,1450,216,223,0,2570,7460930
1627478056,1450,216,223,0,2570,7486287
1627478125,1451,216,223,0,2570,7517232
1627478202,1468,216,229,0,2570,7551676
1627478260,1468,216,229,0,2570,7590233
1627478314,1471,216,232,0,2570,7631130
1627478363,1472,216,232,0,2570,7673613
1627478412,1472,216,232,0,2570,7716664
1627478459,1472,216,232,0,2570,7759892
1627478504,1472,216,232,0,2570,7803222
1627478549,1472,216,232,0,2570,7846571
1627478591,1472,216,232,0,2570,7889921
1627478628,1479,216,232,0,2570,7932248
1627478706,1491,218,233,0,2574,7976280
1627478786,1493,218,233,0,2574,8020312
1627478863,1494,218,233,0,2574,8064344
1627478938,1494,218,233,0,2574,8090606
1627479008,1494,218,233,0,2574,8117139
1627479078,1498,218,233,0,2574,8148330
1627479146,1498,218,233,0,2574,8184860
1627479209,1499,218,233,0,2574,8225881
1627479265,1509,218,241,0,2574,8268659
1627479317,1509,218,241,0,2574,8312839
1627479366,1509,218,241,0,2574,8357342
1627479412,1509,218,241,0,2574,8402129
1627479459,1509,218,241,0,2574,8446984
1627479506,1509,218,241,0,2574,8491863
1627479550,1509,218,241,0,2574,8536743
1627479589,1509,218,241,0,2574,8580603
1627479674,1516,219,241,0,2581,8626171
1627479757,1523,219,243,0,2581,8671739
1627479835,1523,219,243,0,2581,8698770
1627479911,1523,219,243,0,2581,8725532
1627479986,1528,219,243,0,2581,8755759
1627480046,1529,219,243,0,2581,8790864
1627480102,1529,219,243,0,2581,8830898
1627480155,1530,219,243,0,2581,8873831
1627480207,1530,219,243,0,2581,8917784
1627480262,1530,219,243,0,2581,8962160
1627480313,1530,219,243,0,2581,9006934
1627480360,1530,219,243,0,2581,9051790
1627480406,1530,219,243,0,2581,9096669
1627480449,1530,219,243,0,2581,9141549
1627480488,1530,219,243,0,2581,9185409
1627480571,1535,219,243,0,2581,9230977
1627480644,1535,219,243,0,2581,9256214
1627480714,1535,219,243,0,2581,9281755
1627480778,1538,219,245,0,2581,9312176
1627480835,1539,219,245,0,2581,9347783
1627480890,1540,219,246,0,2581,9386647
1627480943,1541,219,247,0,2581,9427734
1627480992,1541,219,247,0,2581,9470215
1627481039,1541,219,247,0,2581,9513222
1627481090,1541,219,247,0,2581,9556439
1627481139,1541,219,247,0,2581,9599776
1627481182,1541,219,247,0,2581,9643125
1627481222,1541,219,247,0,2581,9686475
1627481259,1541,219,247,0,2581,9728805
1627481341,1551,219,248,0,2581,9772837
1627481426,1551,219,248,0,2581,9798390
1627481486,1551,219,248,0,2581,9824308
1627481555,1551,219,248,0,2581,9856113
1627481613,1552,220,249,0,2588,9892036
1627481666,1552,220,249,0,2588,9931199
1627481721,1553,220,249,0,2588,9972302
1627481771,1554,220,249,0,2588,10014763
1627481819,1554,220,249,0,2588,10057870
1627481864,1554,220,249,0,2588,10101095
1627481912,1554,220,249,0,2588,10144415
1627481957,1555,221,249,0,2590,10187764
1627482001,1555,221,249,0,2590,10231114
1627482039,1555,221,249,0,2590,10273444
1627482118,1561,221,250,0,2590,10317476
1627482203,1562,221,251,0,2590,10344733
1627482279,1563,221,251,0,2590,10370285
1627482335,1564,221,252,0,2590,10400020
1627482394,1567,221,253,0,2590,10433970
1627482455,1567,221,253,0,2590,10472628
1627482508,1567,221,253,0,2590,10513594
1627482557,1567,221,253,0,2590,10555677
1627482603,1567,221,253,0,2590,10598067
1627482652,1567,221,253,0,2590,10640782
1627482698,1567,221,253,0,2590,10683615
1627482744,1568,221,253,0,2590,10726454
1627482787,1568,221,253,0,2590,10769294
1627482824,1568,221,253,0,2590,10811113
1627482901,1574,221,253,0,2590,10854633
1627482983,1574,221,253,0,2590,10880689
1627483049,1574,221,253,0,2590,10906753
1627483109,1574,221,253,0,2590,10937689
1627483173,1577,221,254,0,2590,10972877
1627483233,1579,221,255,0,2590,11011671
1627483287,1579,221,255,0,2590,11052854
1627483333,1579,221,255,0,2590,11095153
1627483387,1579,221,255,0,2590,11138106
1627483436,1579,221,255,0,2590,11181287
1627483483,1580,222,255,0,2594,11224600
1627483528,1580,222,255,0,2594,11267947
1627483572,1580,222,255,0,2594,11311297
1627483611,1580,222,255,0,2594,11354136
1627483692,1587,222,256,0,2594,11398168
1627483768,1587,222,256,0,2594,11429307
1627483828,1587,222,256,0,2594,11456029
1627483905,1587,222,256,0,2594,11485355
1627483968,1588,222,256,0,2594,11521425
1627484024,1588,222,256,0,2594,11560387
1627484084,1588,222,256,0,2594,11601328
1627484133,1588,222,256,0,2594,11643196
1627484181,1588,222,256,0,2594,11685777
1627484230,1588,222,256,0,2594,11728506
1627484279,1588,222,256,0,2594,11771328
1627484323,1588,222,256,0,2594,11814167
1627484366,1588,222,256,0,2594,11857007
1627484403,1588,222,256,0,2594,11899337
1627484485,1593,222,257,0,2594,11942857
1627484557,1594,222,258,0,2594,11968779
1627484623,1595,222,259,0,2594,11994430
1627484696,1595,222,259,0,2594,12024019
1627484766,1595,222,259,0,2594,12058941
1627484822,1596,222,259,0,2594,12097046
1627484877,1596,222,259,0,2594,12137259
1627484929,1596,222,259,0,2594,12178766
1627484978,1596,222,259,0,2594,12220712
1627485023,1596,222,259,0,2594,12262859
1627485071,1596,222,259,0,2594,12305170
1627485114,1596,222,259,0,2594,12347498
1627485157,1596,222,259,0,2594,12389828
1627485194,1596,222,259,0,2594,12431647
1627485273,1597,222,259,0,2594,12474655
1627485355,1599,222,260,0,2594,12500833
1627485418,1599,222,260,0,2594,12526684
1627485496,1600,222,261,0,2594,12557495
1627485557,1600,222,261,0,2594,12593691
1627485620,1600,222,261,0,2594,12632774
1627485672,1600,222,261,0,2594,12673545
1627485728,1600,222,261,0,2594,12716070
1627485779,1600,222,261,0,2594,12759045
1627485826,1600,222,261,0,2594,12802203
1627485876,1600,222,261,0,2594,12845533
1627485923,1600,222,261,0,2594,12888880
1627485968,1600,222,261,0,2594,12932230
1627486006,1600,222,261,0,2594,12975067
1627486092,1602,222,261,0,2594,13019099
1627486175,1602,222,261,0,2594,13046301
1627486234,1602,222,261,0,2594,13072607
1627486297,1602,222,261,0,2594,13103622
1627486367,1602,222,261,0,2594,13139317
1627486430,1602,222,261,0,2594,13178431
1627486486,1602,222,261,0,2594,13219225
1627486540,1602,222,261,0,2594,13261125
1627486593,1602,222,261,0,2594,13303669
1627486639,1602,222,261,0,2594,13346363
1627486687,1602,222,261,0,2594,13389190
1627486732,1602,222,261,0,2594,13432027
1627486777,1602,222,261,0,2594,13474867
1627486814,1602,222,261,0,2594,13517195
1627486892,1605,222,261,0,2594,13560715
1627486964,1605,222,261,0,2594,13585254
1627487029,1605,222,261,0,2594,13610646
1627487099,1605,222,261,0,2594,13639816
1627487161,1605,222,261,0,2594,13674076
1627487220,1606,222,261,0,2594,13711340
1627487277,1607,222,262,0,2594,13750363
1627487329,1607,222,262,0,2594,13791085
1627487378,1607,222,262,0,2594,13832059
1627487421,1608,222,262,0,2594,13873266
1627487470,1608,222,262,0,2594,13914546
1627487511,1609,223,262,0,2595,13955855
1627487555,1609,223,262,0,2595,13997165
1627487592,1609,223,262,0,2595,14037962
1627487673,1613,223,262,0,2595,14079946
1627487758,1613,223,262,0,2595,14105397
1627487822,1613,223,262,0,2595,14131058
1627487890,1613,223,262,0,2595,14162843
1627487950,1613,223,262,0,2595,14197839
1627488008,1613,223,262,0,2595,14235900
1627488076,1614,223,263,0,2595,14276295
1627488127,1614,223,263,0,2595,14317771
1627488175,1614,223,263,0,2595,14359904
1627488223,1614,223,263,0,2595,14402061
1627488267,1614,223,263,0,2595,14444367
1627488310,1614,223,263,0,2595,14486694
1627488352,1614,223,263,0,2595,14529024
1627488389,1614,223,263,0,2595,14570841
1627488471,1614,223,263,0,2595,14613849
1627488551,1614,223,263,0,2595,14640979
1627488611,1614,223,263,0,2595,14668025
1627488677,1614,223,263,0,2595,14697819
1627488742,1614,223,263,0,2595,14732774
1627488800,1616,223,264,0,2595,14771505
1627488856,1616,223,264,0,2595,14811735
1627488912,1616,223,264,0,2595,14853371
1627488960,1616,223,264,0,2595,14895201
1627489009,1616,223,264,0,2595,14937410
1627489056,1616,223,264,0,2595,14979728
1627489100,1617,224,264,0,2597,15022055
1627489142,1617,224,264,0,2597,15064385
1627489180,1617,224,264,0,2597,15106205
1627489262,1620,224,264,0,2597,15149213
1627489349,1621,224,265,0,2597,15176022
1627489411,1622,224,266,0,2597,15202922
1627489484,1622,224,266,0,2597,15233811
1627489545,1623,224,266,0,2597,15269972
1627489606,1624,224,266,0,2597,15308477
1627489669,1624,224,266,0,2597,15348992
1627489725,1625,224,266,0,2597,15391097
1627489775,1625,224,266,0,2597,15433397
1627489827,1625,224,266,0,2597,15476134
1627489871,1626,225,266,0,2599,15518939
1627489916,1626,225,266,0,2599,15561779
1627489960,1626,225,266,0,2599,15604619
1627489998,1626,225,266,0,2599,15646437
1627490075,1628,225,267,0,2599,15689957
1627490155,1628,225,267,0,2599,15717677
1627490214,1628,225,267,0,2599,15744375
1627490284,1628,225,267,0,2599,15774525
1627490354,1628,225,267,0,2599,15810027
1627490415,1628,225,267,0,2599,15848248
1627490473,1632,225,269,0,2599,15888258
1627490522,1632,225,269,0,2599,15929223
1627490570,1632,225,269,0,2599,15970586
1627490618,1632,225,269,0,2599,16012234
1627490664,1632,225,269,0,2599,16054047
1627490708,1632,225,269,0,2599,16095867
1627490750,1632,225,269,0,2599,16137687
1627490787,1632,225,269,0,2599,16178486
1627490865,1634,225,271,0,2599,16220982
1627490948,1634,225,271,0,2599,16247439
1627491008,1634,225,271,0,2599,16272997
1627491078,1634,225,271,0,2599,16303170
1627491149,1634,225,271,0,2599,16338097
1627491210,1634,225,271,0,2599,16376265
1627491264,1635,225,272,0,2599,16415850
1627491316,1635,225,272,0,2599,16456828
1627491365,1635,225,272,0,2599,16498301
1627491413,1635,225,272,0,2599,16540007
1627491459,1635,225,272,0,2599,16581813
1627491503,1635,225,272,0,2599,16623631
1627491544,1635,225,272,0,2599,16665451
1627491580,1635,225,272,0,2599,16706251
1627491661,1640,225,272,0,2599,16748747
1627491732,1640,225,272,0,2599,16775426
1627491790,1640,225,272,0,2599,16801259
1627491860,1640,225,272,0,2599,16830861
1627491921,1640,225,272,0,2599,16865401
1627491980,1640,225,272,0,2599,16903132
1627492038,1640,225,272,0,2599,16942604
1627492090,1640,225,272,0,2599,16982928
1627492136,1643,225,272,0,2599,17023865
1627492186,1643,225,272,0,2599,17065072
1627492232,1643,225,272,0,2599,17106356
1627492275,1643,225,272,0,2599,17147666
1627492317,1643,225,272,0,2599,17188976
1627492352,1643,225,272,0,2599,17229265
1627492427,1647,225,272,0,2599,17271249
1627492500,1647,225,272,0,2599,17297928
1627492562,1647,225,272,0,2599,17323847
1627492628,1647,225,272,0,2599,17354204
1627492689,1647,225,272,0,2599,17389265
1627492746,1647,225,272,0,2599,17426907
1627492803,1647,225,272,0,2599,17466975
1627492853,1647,225,272,0,2599,17508142
1627492901,1647,225,272,0,2599,17549556
1627492949,1647,225,272,0,2599,17591194
1627492994,1647,225,272,0,2599,17632995
1627493038,1647,225,272,0,2599,17674811
1627493083,1647,225,272,0,2599,17716631
1627493119,1647,225,272,0,2599,17757429
1627493192,1650,225,274,0,2599,17799925
1627493272,1650,225,274,0,2599,17826946
1627493327,1650,225,274,0,2599,17853058
1627493392,1650,225,274,0,2599,17883458
1627493457,1650,225,274,0,2599,17919060
1627493516,1650,225,274,0,2599,17956796
1627493576,1650,225,274,0,2599,17996337
1627493630,1651,225,275,0,2599,18037295
1627493678,1651,225,275,0,2599,18078768
1627493723,1651,225,275,0,2599,18120531
1627493768,1651,225,275,0,2599,18162334
1627493814,1651,225,275,0,2599,18204154
1627493857,1651,225,275,0,2599,18245974
1627493893,1651,225,275,0,2599,18286771
1627493967,1654,225,276,0,2599,18329267
1627494047,1654,225,276,0,2599,18356630
1627494102,1654,225,276,0,2599,18382149
1627494168,1654,225,276,0,2599,18412660
1627494228,1654,225,276,0,2599,18447970
1627494291,1654,225,276,0,2599,18485876
1627494345,1654,225,276,0,2599,18525707
1627494394,1654,225,276,0,2599,18566651
1627494440,1654,225,276,0,2599,18608150
1627494491,1654,225,276,0,2599,18649886
1627494536,1654,225,276,0,2599,18691684
1627494580,1654,225,276,0,2599,18733503
1627494621,1654,225,276,0,2599,18775323
1627494657,1654,225,276,0,2599,18816122
1627494732,1654,225,276,0,2599,18858618
1627494805,1654,225,276,0,2599,18885373
1627494868,1655,225,277,0,2599,18911394
1627494933,1655,225,277,0,2599,18942195
1627494997,1655,225,277,0,2599,18976943
1627495053,1655,225,277,0,2599,19014866
1627495114,1655,225,277,0,2599,19054830
1627495163,1655,225,277,0,2599,19095886
1627495208,1655,225,277,0,2599,19137323
1627495258,1655,225,277,0,2599,19179021
1627495303,1655,225,277,0,2599,19220824
1627495345,1655,225,277,0,2599,19262642
1627495390,1655,225,277,0,2599,19304462
1627495426,1655,225,277,0,2599,19345260
1627495502,1659,225,277,0,2599,19387756
1627495580,1659,225,277,0,2599,19417599
1627495634,1659,225,277,0,2599,19443609
1627495704,1659,225,277,0,2599,19473547
1627495759,1660,225,278,0,2599,19508602
1627495821,1660,225,278,0,2599,19547244
1627495876,1660,225,278,0,2599,19587656
1627495929,1660,225,278,0,2599,19629090
1627495975,1660,225,278,0,2599,19670935
1627496025,1660,225,278,0,2599,19713108
1627496071,1660,225,278,0,2599,19755420
1627496113,1660,225,278,0,2599,19797744
1627496157,1660,225,278,0,2599,19840074
1627496195,1660,225,278,0,2599,19881384
1627496270,1662,225,278,0,2599,19924392
1627496350,1662,225,278,0,2599,19952436
1627496409,1662,225,278,0,2599,19979051
1627496477,1662,225,278,0,2599,20008919
1627496542,1662,225,278,0,2599,20043989
1627496602,1663,225,279,0,2599,20082592
1627496665,1666,226,282,0,2601,20122264
1627496719,1666,226,282,0,2601,20163304
1627496766,1666,226,282,0,2601,20204684
1627496813,1667,226,282,0,2601,20246401
1627496863,1667,226,282,0,2601,20288185
1627496906,1667,226,282,0,2601,20330005
1627496951,1667,226,282,0,2601,20371825
1627496988,1667,226,282,0,2601,20412624
1627497064,1667,226,282,0,2601,20455120
1627497147,1667,226,282,0,2601,20482550
1627497202,1667,226,282,0,2601,20509606
1627497277,1668,226,283,0,2601,20540335
1627497341,1668,226,283,0,2601,20576600
1627497407,1668,226,283,0,2601,20615398
1627497462,1669,226,283,0,2601,20655570
1627497509,1669,226,283,0,2601,20697076
1627497556,1669,226,283,0,2601,20739174
1627497601,1669,226,283,0,2601,20781336
1627497648,1669,226,283,0,2601,20823639
1627497690,1669,226,283,0,2601,20865968
1627497732,1669,226,283,0,2601,20908298
1627497769,1669,226,283,0,2601,20949608
1627497847,1673,226,283,0,2601,20992616
1627497931,1673,226,283,0,2601,21021219
1627497994,1673,226,283,0,2601,21049160
1627498062,1673,226,283,0,2601,21080726
1627498137,1673,226,283,0,2601,21116427
1627498199,1673,226,283,0,2601,21155838
1627498265,1673,226,283,0,2601,21196652
1627498317,1673,226,283,0,2601,21238588
1627498363,1673,226,283,0,2601,21281047
1627498412,1673,226,283,0,2601,21323693
1627498457,1673,226,283,0,2601,21366520
1627498502,1673,226,283,0,2601,21409359
1627498545,1673,226,283,0,2601,21452199
1627498582,1673,226,283,0,2601,21494018
1627498661,1675,226,283,0,2601,21537538
1627498740,1675,226,283,0,2601,21565931
1627498806,1675,226,283,0,2601,21592642
1627498872,1675,226,283,0,2601,21624718
1627498940,1675,226,283,0,2601,21659702
1627499002,1676,226,283,0,2601,21699038
1627499067,1676,226,283,0,2601,21739935
1627499122,1676,226,283,0,2601,21781937
1627499173,1676,226,283,0,2601,21824259
1627499220,1676,226,283,0,2601,21866993
1627499265,1676,226,283,0,2601,21909802
1627499309,1676,226,283,0,2601,21952636
1627499352,1676,226,283,0,2601,21995476
1627499389,1676,226,283,0,2601,22037296
1627499468,1677,226,283,0,2601,22080816
1627499549,1677,226,283,0,2601,22110319
1627499615,1677,226,283,0,2601,22139181
1627499679,1677,226,283,0,2601,22171067
1627499751,1677,226,283,0,2601,22206991
1627499813,1677,226,283,0,2601,22246069
1627499872,1677,226,283,0,2601,22286952
1627499925,1677,226,283,0,2601,22328921
1627499975,1677,226,283,0,2601,22371448
1627500023,1677,226,283,0,2601,22414146
1627500068,1677,226,283,0,2601,22456965
1627500111,1677,226,283,0,2601,22499804
1627500155,1677,226,283,0,2601,22542644
1627500192,1677,226,283,0,2601,22584462
1627500269,1678,226,283,0,2601,22627982
1627500345,1678,226,283,0,2601,22654177
1627500408,1678,226,284,0,2601,22679674
1627500475,1678,226,284,0,2601,22710207
1627500538,1678,226,284,0,2601,22745021
1627500601,1678,226,284,0,2601,22783245
1627500659,1678,226,284,0,2601,22823756
1627500716,1678,226,284,0,2601,22865100
1627500764,1678,226,284,0,2601,22907092
1627500813,1678,226,284,0,2601,22949296
1627500857,1678,226,284,0,2601,22991599
1627500900,1678,226,284,0,2601,23033927
1627500941,1678,226,284,0,2601,23076257
1627500979,1678,226,284,0,2601,23117567
1627501057,1679,226,285,0,2601,23160575
1627501137,1679,226,285,0,2601,23186510
1627501196,1679,226,285,0,2601,23212203
1627501255,1679,226,285,0,2601,23242376
1627501322,1679,226,285,0,2601,23276951
1627501388,1679,226,285,0,2601,23314557
1627501444,1679,226,285,0,2601,23354815
1627501500,1679,226,285,0,2601,23395707
1627501548,1679,226,285,0,2601,23437314
1627501599,1679,226,285,0,2601,23479023
1627501644,1679,226,285,0,2601,23520805
1627501687,1679,226,285,0,2601,23562623
1627501729,1679,226,285,0,2601,23604443
1627501765,1679,226,285,0,2601,23645242
1627501845,1681,226,286,0,2601,23687738
1627501924,1681,226,286,0,2601,23714929
1627501987,1681,226,286,0,2601,23741620
1627502054,1681,226,286,0,2601,23772335
1627502126,1681,226,286,0,2601,23807258
1627502185,1681,226,286,0,2601,23845173
1627502246,1681,226,286,0,2601,23884862
1627502299,1681,226,286,0,2601,23925593
1627502349,1681,226,286,0,2601,23967065
1627502393,1681,226,286,0,2601,24008759
1627502440,1682,226,287,0,2601,24050562
1627502481,1682,226,287,0,2601,24092381
1627502523,1682,226,287,0,2601,24134201
1627502560,1682,226,287,0,2601,24175001
1627502635,1682,226,287,0,2601,24217497
1627502715,1682,226,287,0,2601,24245895
1627502776,1682,226,287,0,2601,24272216
1627502844,1682,226,287,0,2601,24303337
1627502908,1682,226,287,0,2601,24338275
1627502966,1682,226,287,0,2601,24375927
1627503026,1682,226,287,0,2601,24415581
1627503078,1682,226,287,0,2601,24456539
1627503127,1682,226,287,0,2601,24498065
1627503172,1682,226,287,0,2601,24539768
1627503216,1682,226,287,0,2601,24581572
1627503262,1682,226,287,0,2601,24623388
1627503302,1682,226,287,0,2601,24665208
1627503339,1682,226,287,0,2601,24706007
1627503414,1682,226,287,0,2601,24748503
1627503492,1682,226,287,0,2601,24776304
1627503553,1682,226,287,0,2601,24802452
1627503621,1682,226,287,0,2601,24833328
1627503693,1682,226,287,0,2601,24868683
1627503750,1682,226,287,0,2601,24906561
1627503813,1682,226,287,0,2601,24946831
1627503864,1682,226,287,0,2601,24987561
1627503910,1682,226,287,0,2601,25029145
1627503958,1682,226,287,0,2601,25070832
1627504004,1682,226,287,0,2601,25112636
1627504045,1682,226,287,0,2601,25154455
1627504086,1682,226,287,0,2601,25196275
1627504122,1682,226,287,0,2601,25237075
1627504199,1683,226,287,0,2601,25279571
1627504280,1683,226,287,0,2601,25306956
1627504339,1683,226,287,0,2601,25334491
1627504405,1683,226,287,0,2601,25365154
1627504470,1683,226,287,0,2601,25400516
1627504540,1683,226,287,0,2601,25439735
1627504598,1683,226,287,0,2601,25480859
1627504651,1683,226,287,0,2601,25522775
1627504699,1683,226,287,0,2601,25565107
1627504747,1683,226,287,0,2601,25607862
1627504791,1684,226,287,0,2601,25650677
1627504838,1684,226,287,0,2601,25693514
1627504881,1684,226,287,0,2601,25736354
1627504918,1684,226,287,0,2601,25778174
1627504997,1685,226,287,0,2601,25821694
1627505072,1685,226,287,0,2601,25847649
1627505129,1685,226,287,0,2601,25873107
1627505189,1685,226,287,0,2601,25903225
1627505259,1685,226,287,0,2601,25938747
1627505318,1685,226,287,0,2601,25976526
1627505375,1685,226,287,0,2601,26016696
1627505429,1685,226,287,0,2601,26057571
1627505477,1685,226,287,0,2601,26099119
1627505525,1685,226,287,0,2601,26140822
1627505574,1685,226,287,0,2601,26182624
1627505620,1685,226,287,0,2601,26224440
1627505662,1685,226,287,0,2601,26266260
1627505698,1685,226,287,0,2601,26307059
1627505775,1687,226,288,0,2601,26349555
1627505860,1687,226,288,0,2601,26378050
1627505909,1687,226,289,0,2601,26404560
1627505977,1687,226,289,0,2601,26435037
1627506045,1687,226,289,0,2601,26470870
1627506107,1687,226,289,0,2601,26509302
1627506170,1687,226,289,0,2601,26549868
1627506221,1687,226,289,0,2601,26591252
1627506269,1687,226,289,0,2601,26633276
1627506316,1687,226,289,0,2601,26675543
1627506361,1687,226,289,0,2601,26717855
1627506403,1687,226,289,0,2601,26760183
1627506444,1687,226,289,0,2601,26802513
1627506481,1687,226,289,0,2601,26843823
1627506562,1687,226,289,0,2601,26886831
1627506639,1687,226,289,0,2601,26914733
1627506698,1687,226,289,0,2601,26941859
1627506767,1687,226,289,0,2601,26973535
1627506838,1687,226,289,0,2601,27009708
1627506901,1687,226,289,0,2601,27048323
1627506964,1687,226,289,0,2601,27088996
1627507016,1687,226,289,0,2601,27130567
1627507065,1687,226,289,0,2601,27172554
1627507113,1687,226,289,0,2601,27214815
1627507157,1687,226,289,0,2601,27257127
1627507204,1687,226,289,0,2601,27299455
1627507246,1687,226,289,0,2601,27341785
1627507284,1687,226,289,0,2601,27383093
1627507360,1688,226,289,0,2601,27426101
1627507437,1688,226,289,0,2601,27454780
1627507499,1688,226,289,0,2601,27482419
1627507566,1688,226,289,0,2601,27512749
1627507632,1688,226,289,0,2601,27547451
1627507690,1688,226,289,0,2601,27585505
1627507750,1688,226,289,0,2601,27625548
1627507803,1688,226,289,0,2601,27666472
1627507854,1688,226,289,0,2601,27708049
1627507902,1688,226,289,0,2601,27749761
1627507946,1688,226,289,0,2601,27791554
1627507992,1688,226,289,0,2601,27833374
1627508033,1688,226,289,0,2601,27875194
1627508069,1688,226,289,0,2601,27915994
1627508148,1688,226,289,0,2601,27958490
1627508235,1688,226,289,0,2601,27987619
1627508295,1688,226,289,0,2601,28015120
1627508359,1688,226,289,0,2601,28044414
1627508428,1688,226,289,0,2601,28080387
1627508496,1688,226,289,0,2601,28118362
1627508552,1688,226,289,0,2601,28158147
1627508602,1688,226,289,0,2601,28199204
1627508651,1688,226,289,0,2601,28240755
1627508697,1688,226,289,0,2601,28282435
1627508741,1688,226,289,0,2601,28324229
1627508784,1688,226,289,0,2601,28366043
1627508827,1688,226,289,0,2601,28407863
1627508863,1688,226,289,0,2601,28448663
1627508941,1688,226,289,0,2601,28491159
1627509024,1688,226,289,0,2601,28520285
1627509087,1688,226,289,0,2601,28548319
1627509152,1688,226,289,0,2601,28578308
1627509220,1688,226,289,0,2601,28613243
1627509283,1688,226,289,0,2601,28651391
1627509347,1688,226,289,0,2601,28691608
1627509401,1688,226,289,0,2601,28732679
1627509450,1688,226,289,0,2601,28774058
1627509499,1688,226,289,0,2601,28815799
1627509541,1688,226,289,0,2601,28857571
1627509585,1688,226,289,0,2601,28899388
1627509627,1688,226,289,0,2601,28941208
1627509664,1688,226,289,0,2601,28982008
1627509741,1688,226,289,0,2601,29024504
1627509823,1688,226,289,0,2601,29052616
1627509889,1688,226,289,0,2601,29080299
1627509958,1688,226,289,0,2601,29110492
1627510029,1688,226,289,0,2601,29145026
1627510093,1688,226,289,0,2601,29182964
1627510149,1688,226,289,0,2601,29222715
1627510200,1688,226,289,0,2601,29263800
1627510250,1688,226,289,0,2601,29305247
1627510298,1688,226,289,0,2601,29347006
1627510341,1688,226,289,0,2601,29388803
1627510384,1688,226,289,0,2601,29430621
1627510426,1688,226,289,0,2601,29472441
1627510462,1688,226,289,0,2601,29513241
1627510541,1688,226,289,0,2601,29555737
1627510620,1688,226,289,0,2601,29585445
1627510682,1688,226,289,0,2601,29612256
1627510750,1688,226,289,0,2601,29642227
1627510823,1688,226,289,0,2601,29677897
1627510882,1688,226,289,0,2601,29715480
1627510940,1688,226,289,0,2601,29755448
1627510995,1688,226,289,0,2601,29796553
1627511046,1688,226,289,0,2601,29838065
1627511092,1688,226,289,0,2601,29879817
1627511136,1688,226,289,0,2601,29921609
1627511181,1688,226,289,0,2601,29963428
1627511221,1688,226,289,0,2601,30005248
1627511257,1688,226,289,0,2601,30046048
1627511332,1689,226,289,0,2601,30088544
1627511415,1689,226,289,0,2601,30120130
1627511473,1689,226,289,0,2601,30145892
1627511538,1690,226,290,0,2601,30175886
1627511604,1690,226,290,0,2601,30211421
1627511665,1690,226,290,0,2601,30249237
1627511729,1690,226,290,0,2601,30289556
1627511784,1690,226,290,0,2601,30331201
1627511833,1690,226,290,0,2601,30373182
1627511881,1690,226,290,0,2601,30415441
1627511927,1690,226,290,0,2601,30457739
1627511970,1690,226,290,0,2601,30500069
1627512012,1690,226,290,0,2601,30542399
1627512049,1690,226,290,0,2601,30583709
1627512128,1692,226,290,0,2601,30626717
1627512211,1692,226,290,0,2601,30653387
1627512275,1692,226,290,0,2601,30679798
1627512333,1692,226,290,0,2601,30709226
1627512395,1692,226,290,0,2601,30744649
1627512460,1692,226,290,0,2601,30783006
1627512515,1692,226,290,0,2601,30823336
1627512573,1692,226,290,0,2601,30864488
1627512624,1692,226,290,0,2601,30906563
1627512671,1692,226,290,0,2601,30948761
1627512715,1692,226,290,0,2601,30991054
1627512763,1692,226,290,0,2601,31033382
1627512805,1692,226,290,0,2601,31075712
1627512843,1692,226,290,0,2601,31117019
1627512922,1692,226,290,0,2601,31160027
1627513007,1692,226,290,0,2601,31186699
1627513058,1692,226,290,0,2601,31212441
1627513121,1692,226,290,0,2601,31242478
1627513183,1692,226,290,0,2601,31277526
1627513244,1692,226,290,0,2601,31316107
1627513307,1692,226,290,0,2601,31356289
1627513364,1692,226,290,0,2601,31397361
1627513413,1692,226,290,0,2601,31438869
1627513463,1692,226,290,0,2601,31480571
1627513504,1692,226,290,0,2601,31522378
1627513551,1692,226,290,0,2601,31564195
1627513593,1692,226,290,0,2601,31606015
1627513629,1692,226,290,0,2601,31646815
1627513706,1693,226,290,0,2601,31689311
1627513791,1693,226,290,0,2601,31716368
1627513847,1693,226,290,0,2601,31742302
1627513908,1693,226,290,0,2601,31772348
1627513972,1693,226,290,0,2601,31808001
1627514036,1693,226,290,0,2601,31846323
1627514096,1693,226,290,0,2601,31886690
1627514151,1693,226,290,0,2601,31928135
1627514203,1693,226,290,0,2601,31970175
1627514250,1693,226,290,0,2601,32012358
1627514294,1693,226,290,0,2601,32054650
1627514340,1693,226,290,0,2601,32096979
1627514383,1693,226,290,0,2601,32139309
1627514420,1693,226,290,0,2601,32180619
1627514499,1695,226,290,0,2601,32223627
1627514579,1695,226,290,0,2601,32250474
1627514634,1695,226,290,0,2601,32276950
1627514697,1696,226,291,0,2601,32308403
1627514763,1697,226,292,0,2601,32343630
1627514828,1697,226,292,0,2601,32382186
1627514886,1697,226,292,0,2601,32422623
1627514941,1697,226,292,0,2601,32463900
1627514993,1697,226,292,0,2601,32505983
1627515042,1697,226,292,0,2601,32548172
1627515087,1697,226,292,0,2601,32590475
1627515131,1697,226,292,0,2601,32632803
1627515173,1697,226,292,0,2601,32675133
1627515209,1697,226,292,0,2601,32716441
1627515291,1697,226,292,0,2601,32759449
1627515367,1697,226,292,0,2601,32786225
1627515437,1697,226,292,0,2601,32813509
1627515501,1697,226,292,0,2601,32845079
1627515563,1697,226,292,0,2601,32880764
1627515627,1697,226,292,0,2601,32918733
1627515695,1697,226,292,0,2601,32958837
1627515745,1697,226,292,0,2601,33000115
1627515793,1697,226,292,0,2601,33042026
1627515843,1697,226,292,0,2601,33084275
1627515889,1697,226,292,0,2601,33126573
1627515932,1697,226,292,0,2601,33168901
1627515975,1697,226,292,0,2601,33211231
1627516011,1697,226,292,0,2601,33252540
1627516092,1698,226,292,0,2601,33295548
1627516174,1698,226,292,0,2601,33323971
1627516232,1698,226,292,0,2601,33350695
1627516300,1698,226,292,0,2601,33380790
1627516371,1698,226,292,0,2601,33415881
1627516428,1698,226,292,0,2601,33454460
1627516486,1698,226,292,0,2601,33494539
1627516538,1698,226,292,0,2601,33536135
1627516588,1699,226,293,0,2601,33578044
1627516636,1699,226,293,0,2601,33620244
1627516681,1699,226,293,0,2601,33662556
1627516725,1699,226,293,0,2601,33704885
1627516769,1699,226,293,0,2601,33747215
1627516806,1699,226,293,0,2601,33788524
1627516887,1701,226,294,0,2601,33831532
1627516972,1701,226,294,0,2601,33859797
1627517033,1701,226,294,0,2601,33886042
1627517101,1701,226,294,0,2601,33915574
1627517169,1701,226,294,0,2601,33949843
1627517231,1701,226,294,0,2601,33987720
1627517286,1701,226,294,0,2601,34027618
1627517338,1701,226,294,0,2601,34068612
1627517388,1701,226,294,0,2601,34110000
1627517435,1701,226,294,0,2601,34151715
1627517481,1701,226,294,0,2601,34193515
1627517525,1701,226,294,0,2601,34235334
1627517565,1701,226,294,0,2601,34277154
1627517601,1701,226,294,0,2601,34317953
1627517682,1702,226,294,0,2601,34360449
1627517763,1702,226,294,0,2601,34388253
1627517820,1702,226,294,0,2601,34415127
1627517891,1702,226,294,0,2601,34444749
1627517964,1702,226,294,0,2601,34479303
1627518032,1702,226,294,0,2601,34518416
1627518085,1702,226,294,0,2601,34558846
1627518140,1702,226,294,0,2601,34600368
1627518188,1702,226,294,0,2601,34642288
1627518232,1702,226,294,0,2601,34684536
1627518278,1702,226,294,0,2601,34726854
1627518320,1702,226,294,0,2601,34769184
1627518363,1702,226,294,0,2601,34811514
1627518400,1702,226,294,0,2601,34852824
1627518478,1704,226,294,0,2601,34895832
1627518553,1704,226,294,0,2601,34921909
1627518616,1704,226,294,0,2601,34947726
1627518678,1704,226,294,0,2601,34975999
1627518739,1706,226,295,0,2601,35010324
1627518801,1706,226,295,0,2601,35047944
1627518866,1706,226,295,0,2601,35087512
1627518918,1706,226,295,0,2601,35127750
1627518968,1706,226,295,0,2601,35168746
1627519012,1706,226,295,0,2601,35209977
1627519057,1706,226,295,0,2601,35251265
1627519099,1706,226,295,0,2601,35292573
1627519138,1706,226,295,0,2601,35333883
1627519174,1706,226,295,0,2601,35374172
1627519253,1706,226,295,0,2601,35416156
1627519337,1706,226,295,0,2601,35444985
1627519396,1706,226,295,0,2601,35471012
1627519465,1706,226,295,0,2601,35501642
1627519528,1706,226,295,0,2601,35536605
1627519594,1706,226,295,0,2601,35575295
1627519654,1706,226,295,0,2601,35615820
1627519708,1706,226,295,0,2601,35657495
1627519762,1706,226,295,0,2601,35699551
1627519808,1706,226,295,0,2601,35741721
1627519852,1706,226,295,0,2601,35784030
1627519896,1706,226,295,0,2601,35826357
1627519938,1706,226,295,0,2601,35868687
1627519975,1706,226,295,0,2601,35909997
1627520056,1706,226,295,0,2601,35953005
1627520148,1706,226,295,0,2601,35982049
1627520206,1706,226,295,0,2601,36008234
1627520275,1706,226,295,0,2601,36039058
1627520342,1706,226,295,0,2601,36073660
1627520408,1706,226,295,0,2601,36112297
1627520470,1706,226,295,0,2601,36152887
1627520529,1706,226,295,0,2601,36194510
1627520584,1706,226,295,0,2601,36236528
1627520632,1706,226,295,0,2601,36278785
1627520676,1706,226,295,0,2601,36321092
1627520720,1706,226,295,0,2601,36363421
1627520761,1706,226,295,0,2601,36405751
1627520798,1706,226,295,0,2601,36447060
1627520880,1708,226,295,0,2601,36490068
1627520957,1708,226,295,0,2601,36519310
1627521022,1708,226,295,0,2601,36545716
1627521083,1708,226,295,0,2601,36575342
1627521153,1708,226,295,0,2601,36612531
1627521223,1708,226,295,0,2601,36650777
1627521281,1708,226,295,0,2601,36691160
1627521333,1708,226,295,0,2601,36732352
1627521383,1708,226,295,0,2601,36773740
1627521430,1708,226,295,0,2601,36815473
1627521477,1708,226,295,0,2601,36857279
1627521517,1708,226,295,0,2601,36899096
1627521561,1708,226,295,0,2601,36940916
1627521597,1708,226,295,0,2601,36981716
1627521678,1708,226,295,0,2601,37024212
1627521762,1708,226,295,0,2601,37054675
1627521827,1708,226,295,0,2601,37080481
1627521890,1708,226,295,0,2601,37110428
1627521953,1708,226,295,0,2601,37145523
1627522018,1708,226,295,0,2601,37183572
1627522083,1708,226,295,0,2601,37223643
1627522137,1708,226,295,0,2601,37264809
1627522185,1708,226,295,0,2601,37306212
1627522234,1708,226,295,0,2601,37347892
1627522281,1708,226,295,0,2601,37389690
1627522321,1708,226,295,0,2601,37431507
1627522363,1708,226,295,0,2601,37473327
1627522400,1708,226,295,0,2601,37514126
1627522480,1709,226,295,0,2601,37556622
1627522562,1709,226,295,0,2601,37585432
1627522617,1709,226,295,0,2601,37611856
1627522686,1709,226,295,0,2601,37641085
1627522746,1709,226,295,0,2601,37676051
1627522809,1709,226,295,0,2601,37713575
1627522873,1709,226,295,0,2601,37753235
1627522926,1709,226,295,0,2601,37793769
1627522976,1709,226,295,0,2601,37834639
1627523022,1709,226,295,0,2601,37875822
1627523065,1709,226,295,0,2601,37917118
1627523107,1709,226,295,0,2601,37958426
1627523148,1709,226,295,0,2601,37999736
1627523185,1709,226,295,0,2601,38040026
1627523264,1711,226,295,0,2601,38082010
1627523349,1711,226,295,0,2601,38110118
1627523410,1711,226,295,0,2601,38135882
1627523479,1711,226,295,0,2601,38166161
1627523543,1711,226,295,0,2601,38200229
1627523609,1711,226,295,0,2601,38238879
1627523667,1711,226,295,0,2601,38279069
1627523725,1711,226,295,0,2601,38320077
1627523780,1711,226,295,0,2601,38361594
1627523830,1711,226,295,0,2601,38403328
1627523875,1711,226,295,0,2601,38445123
1627523918,1711,226,295,0,2601,38486942
1627523957,1711,226,295,0,2601,38528762
1627523994,1711,226,295,0,2601,38569562
1627524074,1712,226,296,0,2601,38612058
1627524159,1712,226,296,0,2601,38641598
1627524225,1712,226,296,0,2601,38667570
1627524292,1712,226,296,0,2601,38697194
1627524357,1712,226,296,0,2601,38732167
1627524427,1712,226,296,0,2601,38770074
1627524487,1712,226,296,0,2601,38810024
1627524540,1712,226,296,0,2601,38851009
1627524594,1712,226,296,0,2601,38892483
1627524640,1712,226,296,0,2601,38934177
1627524688,1712,226,296,0,2601,38975964
1627524728,1712,226,296,0,2601,39017782
1627524770,1712,226,296,0,2601,39059602
1627524807,1712,226,296,0,2601,39100401
1627524884,1713,226,296,0,2601,39142897
1627524963,1713,226,296,0,2601,39171222
1627525018,1713,226,296,0,2601,39197136
1627525085,1713,226,296,0,2601,39226762
1627525147,1713,226,296,0,2601,39261270
1627525219,1713,226,296,0,2601,39298862
1627525276,1713,226,296,0,2601,39338518
1627525332,1713,226,296,0,2601,39378943
1627525383,1714,226,296,0,2601,39420042
1627525433,1714,226,296,0,2601,39461271
1627525476,1714,226,296,0,2601,39502563
1627525518,1714,226,296,0,2601,39543871
1627525558,1714,226,296,0,2601,39585181
1627525594,1714,226,296,0,2601,39625470
1627525673,1715,226,296,0,2601,39667454
1627525753,1715,226,296,0,2601,39694179
1627525818,1715,226,296,0,2601,39720663
1627525884,1715,226,296,0,2601,39750762
1627525950,1715,226,296,0,2601,39784419
1627526015,1715,226,296,0,2601,39821414
1627526075,1715,226,296,0,2601,39860428
1627526129,1715,226,296,0,2601,39900553
1627526179,1715,226,296,0,2601,39940999
1627526226,1715,226,296,0,2601,39981688
1627526271,1715,226,296,0,2601,40022475
1627526311,1715,226,296,0,2601,40063270
1627526352,1715,226,296,0,2601,40104070
1627526387,1715,226,296,0,2601,40143846
1627526465,1716,226,296,0,2601,40185318
1627526547,1716,226,296,0,2601,40211468
1627526608,1716,226,296,0,2601,40236078
1627526674,1716,226,296,0,2601,40266468
1627526740,1716,226,296,0,2601,40300304
1627526807,1716,226,296,0,2601,40338160
1627526872,1716,226,296,0,2601,40378069
1627526924,1716,226,296,0,2601,40418546
1627526971,1716,226,296,0,2601,40459472
1627527013,1716,226,296,0,2601,40500731
1627527055,1716,226,296,0,2601,40542031
1627527097,1716,226,296,0,2601,40583339
1627527139,1716,226,296,0,2601,40624649
1627527175,1716,226,296,0,2601,40664939
1627527253,1717,226,296,0,2601,40706923
1627527330,1717,226,296,0,2601,40734505
1627527387,1717,226,296,0,2601,40759474
1627527456,1717,226,296,0,2601,40789300
1627527523,1717,226,296,0,2601,40823397
1627527587,1717,226,296,0,2601,40860663
1627527647,1717,226,296,0,2601,40899596
1627527699,1717,226,296,0,2601,40939390
1627527745,1717,226,296,0,2601,40979931
1627527791,1717,226,296,0,2601,41020661
1627527835,1717,226,296,0,2601,41061448
1627527874,1717,226,296,0,2601,41102248
1627527918,1717,226,296,0,2601,41143048
1627527953,1717,226,296,0,2601,41182824
1627528030,1717,226,296,0,2601,41224296
1627528100,1717,226,296,0,2601,41250802
1627528159,1717,226,296,0,2601,41276301
1627528231,1717,226,296,0,2601,41307254
1627528299,1717,226,296,0,2601,41342351
1627528365,1717,226,296,0,2601,41381009
1627528433,1717,226,296,0,2601,41421446
1627528492,1717,226,296,0,2601,41462826
1627528547,1717,226,296,0,2601,41504847
1627528590,1717,226,296,0,2601,41547098
1627528635,1717,226,296,0,2601,41589404
1627528680,1717,226,296,0,2601,41631729
1627528725,1717,226,296,0,2601,41674059
1627528763,1717,226,296,0,2601,41715368
1627528844,1717,226,296,0,2601,41758376
1627528916,1717,226,296,0,2601,41784558
1627528980,1717,226,296,0,2601,41811082
1627529047,1717,226,296,0,2601,41841785
1627529117,1717,226,296,0,2601,41876741
1627529179,1717,226,296,0,2601,41914781
1627529248,1717,226,296,0,2601,41954789
1627529306,1717,226,296,0,2601,41996256
1627529353,1717,226,296,0,2601,42038259
1627529399,1717,226,296,0,2601,42080529
1627529441,1717,226,296,0,2601,42122842
1627529486,1717,226,296,0,2601,42165172
1627529529,1717,226,296,0,2601,42207502
1627529566,1717,226,296,0,2601,42248810
1627529648,1718,226,296,0,2601,42291818
1627529726,1718,226,296,0,2601,42321573
1627529781,1718,226,296,0,2601,42347636
1627529849,1718,226,296,0,2601,42379153
1627529927,1718,226,296,0,2601,42414200
1627529986,1718,226,296,0,2601,42453082
1627530052,1718,226,296,0,2601,42494529
1627530110,1718,226,296,0,2601,42536369
1627530163,1718,226,296,0,2601,42578806
1627530207,1718,226,296,0,2601,42621550
1627530254,1718,226,296,0,2601,42664370
1627530298,1718,226,296,0,2601,42707207
1627530343,1718,226,296,0,2601,42750047
1627530380,1718,226,296,0,2601,42791866
1627530463,1718,226,296,0,2601,42835386
1627530535,1718,226,296,0,2601,42865662
1627530598,1718,226,296,0,2601,42892081
1627530675,1718,226,296,0,2601,42923166
1627530736,1718,226,296,0,2601,42958085
1627530805,1718,226,296,0,2601,42996679
1627530877,1718,226,296,0,2601,43038179
1627530933,1718,226,296,0,2601,43080078
1627530982,1718,226,296,0,2601,43122646
1627531030,1718,226,296,0,2601,43165408
1627531082,1718,226,296,0,2601,43208231
1627531126,1718,226,296,0,2601,43251068
1627531171,1718,226,296,0,2601,43293908
1627531208,1718,226,296,0,2601,43335728
1627531290,1721,226,296,0,2601,43379248
1627531360,1721,226,296,0,2601,43406062
1627531424,1721,226,296,0,2601,43432092
1627531486,1721,226,296,0,2601,43462903
1627531548,1721,226,296,0,2601,43497395
1627531621,1721,226,296,0,2601,43535748
1627531687,1721,226,296,0,2601,43576386
1627531745,1721,226,296,0,2601,43617676
1627531797,1721,226,296,0,2601,43659738
1627531842,1721,226,296,0,2601,43702008
1627531888,1721,226,296,0,2601,43744320
1627531932,1721,226,296,0,2601,43786645
1627531977,1721,226,296,0,2601,43828975
1627532013,1721,226,296,0,2601,43870281
1627532094,1721,226,296,0,2601,43913289
1627532162,1721,226,296,0,2601,43939466
1627532219,1721,226,296,0,2601,43966166
1627532287,1721,226,296,0,2601,43995906
1627532356,1721,226,296,0,2601,44031109
1627532421,1721,226,296,0,2601,44070480
1627532487,1721,226,296,0,2601,44111027
1627532545,1721,226,296,0,2601,44152535
1627532597,1721,226,296,0,2601,44194635
1627532649,1721,226,296,0,2601,44236898
1627532694,1721,226,296,0,2601,44279208
1627532738,1721,226,296,0,2601,44321537
1627532778,1721,226,296,0,2601,44363867
1627532815,1721,226,296,0,2601,44405177
1627532897,1721,226,296,0,2601,44448185
1627532965,1721,226,296,0,2601,44474682
1627533031,1721,226,296,0,2601,44500614
1627533096,1721,226,296,0,2601,44530909
1627533159,1721,226,296,0,2601,44565986
1627533223,1721,226,296,0,2601,44604463
1627533292,1721,226,296,0,2601,44644901
1627533350,1721,226,296,0,2601,44686227
1627533402,1721,226,296,0,2601,44728301
1627533450,1721,226,296,0,2601,44770523
1627533496,1721,226,296,0,2601,44812833
1627533539,1721,226,296,0,2601,44855161
1627533584,1721,226,296,0,2601,44897491
1627533622,1721,226,296,0,2601,44938799
1627533704,1721,226,296,0,2601,44981807
1627533775,1721,226,296,0,2601,45008280
1627533830,1721,226,296,0,2601,45033118
1627533901,1721,226,296,0,2601,45064571
1627533967,1721,226,296,0,2601,45098902
1627534034,1721,226,296,0,2601,45137176
1627534097,1721,226,296,0,2601,45177401
1627534155,1722,226,297,0,2601,45218745
1627534209,1722,226,297,0,2601,45260788
1627534255,1722,226,297,0,2601,45303061
1627534300,1722,226,297,0,2601,45345362
1627534344,1722,226,297,0,2601,45387690
1627534386,1722,226,297,0,2601,45430020
1627534423,1722,226,297,0,2601,45471329
1627534502,1722,226,297,0,2601,45514337
1627534573,1722,226,297,0,2601,45540880
1627534637,1722,226,297,0,2601,45567028
1627534695,1722,226,297,0,2601,45597067
1627534757,1722,226,297,0,2601,45631984
1627534830,1722,226,297,0,2601,45670847
1627534897,1722,226,297,0,2601,45711266
1627534954,1722,226,297,0,2601,45752542
1627535005,1722,226,297,0,2601,45794504
1627535051,1722,226,297,0,2601,45836730
1627535097,1722,226,297,0,2601,45879037
1627535140,1722,226,297,0,2601,45921366
1627535186,1722,226,297,0,2601,45963696
1627535223,1722,226,297,0,2601,46005001
1627535304,1724,226,297,0,2601,46048009
1627535381,1724,226,297,0,2601,46078497
1627535441,1724,226,297,0,2601,46105225
1627535511,1724,226,297,0,2601,46136837
1627535587,1724,226,297,0,2601,46172783
1627535656,1724,226,297,0,2601,46211614
1627535720,1724,226,297,0,2601,46252529
1627535776,1724,226,297,0,2601,46294582
1627535830,1724,226,297,0,2601,46337160
1627535874,1724,226,297,0,2601,46379861
1627535921,1724,226,297,0,2601,46422686
1627535970,1724,226,297,0,2601,46465523
1627536013,1724,226,297,0,2601,46508363
1627536050,1724,226,297,0,2601,46550182
1627536131,1724,226,297,0,2601,46593702
1627536208,1724,226,297,0,2601,46623727
1627536265,1724,226,297,0,2601,46650126
1627536342,1724,226,297,0,2601,46682354
1627536415,1724,226,297,0,2601,46717020
1627536478,1724,226,297,0,2601,46755756
1627536543,1724,226,297,0,2601,46796483
1627536597,1724,226,297,0,2601,46838299
1627536647,1724,226,297,0,2601,46880960
1627536696,1724,226,297,0,2601,46923705
1627536744,1724,226,297,0,2601,46966527
1627536788,1724,226,297,0,2601,47009360
1627536833,1724,226,297,0,2601,47052200
1627536870,1724,226,297,0,2601,47094018
1627536953,1725,226,298,0,2601,47137538
1627537032,1725,226,298,0,2601,47167765
1627537088,1725,226,298,0,2601,47193653
1627537154,1725,226,298,0,2601,47225698
1627537227,1725,226,298,0,2601,47261139
1627537296,1726,226,299,0,2601,47299711
1627537364,1726,226,299,0,2601,47340700
1627537424,1726,226,299,0,2601,47382825
1627537473,1726,226,299,0,2601,47425321
1627537524,1726,226,299,0,2601,47468075
1627537572,1726,226,299,0,2601,47510896
1627537615,1726,226,299,0,2601,47553733
1627537661,1726,226,299,0,2601,47596573
1627537698,1726,226,299,0,2601,47638391
1627537780,1726,226,299,0,2601,47681911
1627537857,1726,226,299,0,2601,47712232
1627537912,1726,226,299,0,2601,47738900
1627537988,1726,226,299,0,2601,47771445
1627538066,1726,226,299,0,2601,47806165
1627538132,1726,226,299,0,2601,47844848
1627538196,1726,226,299,0,2601,47885887
1627538256,1726,226,299,0,2601,47927716
1627538307,1726,226,299,0,2601,47970327
1627538352,1726,226,299,0,2601,48013077
1627538399,1726,226,299,0,2601,48055890
1627538445,1726,226,299,0,2601,48098730
1627538487,1726,226,299,0,2601,48141570
1627538524,1726,226,299,0,2601,48183390
1627538603,1726,226,299,0,2601,48226910
1627538681,1726,226,299,0,2601,48256174
1627538736,1726,226,299,0,2601,48282906
1627538800,1726,226,299,0,2601,48314513
1627538869,1726,226,299,0,2601,48349333
1627538940,1726,226,299,0,2601,48387938
1627539001,1726,226,299,0,2601,48428721
1627539057,1726,226,299,0,2601,48470672
1627539110,1726,226,299,0,2601,48513316
1627539157,1726,226,299,0,2601,48556110
1627539204,1726,226,299,0,2601,48598920
1627539248,1726,226,299,0,2601,48641760
1627539293,1726,226,299,0,2601,48684600
1627539330,1726,226,299,0,2601,48726418
1627539413,1726,226,299,0,2601,48769938
1627539493,1726,226,299,0,2601,48800306
1627539551,1728,226,301,0,2601,48827335
1627539619,1728,226,301,0,2601,48859493
1627539689,1728,226,301,0,2601,48893832
1627539757,1728,226,301,0,2601,48932357
1627539826,1728,226,301,0,2601,48973225
1627539885,1728,226,301,0,2601,49015102
1627539938,1728,226,301,0,2601,49057714
1627539985,1728,226,301,0,2601,49100450
1627540033,1728,226,301,0,2601,49143271
1627540078,1728,226,301,0,2601,49186109
1627540122,1728,226,301,0,2601,49228949
1627540160,1728,226,301,0,2601,49270769
1627540242,1728,226,301,0,2601,49314289
1627540323,1728,226,301,0,2601,49345451
1627540379,1728,226,301,0,2601,49371579
1627540450,1728,226,301,0,2601,49403483
1627540526,1728,226,301,0,2601,49438324
1627540591,1728,226,301,0,2601,49476305
1627540651,1728,226,301,0,2601,49517311
1627540706,1728,226,301,0,2601,49559296
1627540760,1728,226,301,0,2601,49601821
1627540806,1728,226,301,0,2601,49644594
1627540855,1728,226,301,0,2601,49687414
1627540900,1728,226,301,0,2601,49730252
1627540944,1728,226,301,0,2601,49773092
1627540982,1728,226,301,0,2601,49814910
1627541062,1728,226,301,0,2601,49858430
1627541141,1728,226,301,0,2601,49888292
1627541201,1728,226,301,0,2601,49914950
1627541274,1728,226,301,0,2601,49947156
1627541342,1728,226,301,0,2601,49981599
1627541407,1728,226,301,0,2601,50019881
1627541471,1728,226,301,0,2601,50061154
1627541532,1728,226,301,0,2601,50103227
1627541581,1728,226,301,0,2601,50145777
1627541628,1728,226,301,0,2601,50188571
1627541677,1728,226,301,0,2601,50231375
1627541722,1728,226,301,0,2601,50274213
1627541767,1728,226,301,0,2601,50317053
1627541804,1728,226,301,0,2601,50358873
1627541890,1731,226,302,0,2601,50402393
1627541960,1731,226,302,0,2601,50428563
1627542026,1731,226,302,0,2601,50454402
1627542087,1731,226,302,0,2601,50484315
1627542158,1731,226,302,0,2601,50519055
1627542223,1731,226,302,0,2601,50557895
1627542287,1731,226,302,0,2601,50597741
1627542352,1731,226,302,0,2601,50638669
1627542400,1731,226,302,0,2601,50680132
1627542445,1731,226,302,0,2601,50721892
1627542488,1731,226,302,0,2601,50763697
1627542531,1731,226,302,0,2601,50805516
1627542577,1731,226,302,0,2601,50847336
1627542613,1731,226,302,0,2601,50888136
1627542694,1733,226,302,0,2601,50930632
1627542770,1733,226,302,0,2601,50960731
1627542833,1733,226,302,0,2601,50988127
1627542899,1733,226,302,0,2601,51019793
1627542966,1733,226,302,0,2601,51053662
1627543038,1733,226,302,0,2601,51092873
1627543099,1733,226,302,0,2601,51133594
1627543157,1733,226,302,0,2601,51175619
1627543209,1734,226,303,0,2601,51218123
1627543256,1734,226,303,0,2601,51260854
1627543305,1734,226,303,0,2601,51303685
1627543350,1734,226,303,0,2601,51346522
1627543393,1734,226,303,0,2601,51389362
1627543431,1734,226,303,0,2601,51431182
1627543510,1734,226,303,0,2601,51474702
1627543585,1734,226,303,0,2601,51505285
1627543651,1734,226,303,0,2601,51532062
1627543716,1734,226,303,0,2601,51563683
1627543787,1735,226,304,0,2601,51598331
1627543854,1735,226,304,0,2601,51637241
1627543919,1735,226,304,0,2601,51678272
1627543971,1735,226,304,0,2601,51720137
1627544024,1735,226,304,0,2601,51762464
1627544072,1735,226,304,0,2601,51805134
1627544119,1735,226,304,0,2601,51847964
1627544165,1735,226,304,0,2601,51890803
1627544209,1735,226,304,0,2601,51933643
1627544246,1735,226,304,0,2601,51975463
1627544324,1735,226,304,0,2601,52018983
1627544404,1735,226,304,0,2601,52049328
1627544459,1736,226,305,0,2601,52075394
1627544532,1736,226,305,0,2601,52107403
1627544601,1736,226,305,0,2601,52142047
1627544670,1736,226,305,0,2601,52181068
1627544732,1736,226,305,0,2601,52221799
1627544790,1736,226,305,0,2601,52263716
1627544843,1736,226,305,0,2601,52306219
1627544890,1736,226,305,0,2601,52348954
1627544939,1736,226,305,0,2601,52391776
1627544984,1736,226,305,0,2601,52434614
1627545027,1736,226,305,0,2601,52477454
1627545065,1736,226,305,0,2601,52519273
1627545145,1736,226,305,0,2601,52562793
1627545227,1736,226,305,0,2601,52593398
1627545291,1736,226,305,0,2601,52619769
1627545351,1736,226,305,0,2601,52651705
1627545418,1736,226,305,0,2601,52686212
1627545487,1736,226,305,0,2601,52725320
1627545549,1736,226,305,0,2601,52765959
1627545605,1736,226,305,0,2601,52807709
1627545665,1736,226,305,0,2601,52850088
1627545711,1736,226,305,0,2601,52892825
1627545756,1736,226,305,0,2601,52935657
1627545801,1736,226,305,0,2601,52978496
1627545844,1736,226,305,0,2601,53021336
1627545881,1736,226,305,0,2601,53063156
1627545969,1737,226,305,0,2601,53106676
1627546046,1737,226,305,0,2601,53132675
1627546108,1737,226,305,0,2601,53157832
1627546175,1737,226,305,0,2601,53188373
1627546239,1737,226,305,0,2601,53222553
1627546310,1737,226,305,0,2601,53259860
1627546371,1737,226,305,0,2601,53299472
1627546426,1737,226,305,0,2601,53340397
1627546481,1737,226,305,0,2601,53381969
1627546527,1737,226,305,0,2601,53423681
1627546574,1737,226,305,0,2601,53465470
1627546617,1737,226,305,0,2601,53507288
1627546660,1737,226,305,0,2601,53549108
1627546696,1737,226,305,0,2601,53589907
1627546775,1737,226,305,0,2601,53632403
1627546854,1737,226,305,0,2601,53657866
1627546915,1737,226,305,0,2601,53683195
1627546981,1737,226,305,0,2601,53713314
1627547048,1737,226,305,0,2601,53747579
1627547122,1737,226,305,0,2601,53785105
1627547190,1737,226,305,0,2601,53824497
1627547243,1737,226,305,0,2601,53865589
1627547295,1737,226,305,0,2601,53907113
1627547343,1737,226,305,0,2601,53948860
1627547390,1737,226,305,0,2601,53990640
1627547433,1737,226,305,0,2601,54032458
1627547476,1737,226,305,0,2601,54074278
1627547513,1737,226,305,0,2601,54115078
1627547591,1738,226,305,0,2601,54157574
1627547668,1738,226,305,0,2601,54183417
1627547725,1738,226,305,0,2601,54208884
1627547788,1738,226,305,0,2601,54239289
1627547857,1738,226,305,0,2601,54273554
1627547927,1738,226,305,0,2601,54311316
1627547998,1738,226,305,0,2601,54351079
1627548055,1738,226,305,0,2601,54391912
1627548106,1738,226,305,0,2601,54433444
1627548149,1738,226,305,0,2601,54475106
1627548193,1738,226,305,0,2601,54516890
1627548236,1738,226,305,0,2601,54558708
1627548278,1738,226,305,0,2601,54600528
1627548315,1738,226,305,0,2601,54641326
1627548394,1739,226,305,0,2601,54683822
1627548464,1739,226,305,0,2601,54709872
1627548527,1739,226,305,0,2601,54735366
1627548590,1739,226,305,0,2601,54765449
1627548653,1739,226,305,0,2601,54799765
1627548710,1739,226,305,0,2601,54838505
1627548773,1739,226,305,0,2601,54878605
1627548829,1739,226,305,0,2601,54919959
1627548878,1739,226,305,0,2601,54962094
1627548925,1739,226,305,0,2601,55004342
1627548970,1739,226,305,0,2601,55046657
1627549013,1739,226,305,0,2601,55088984
1627549058,1739,226,305,0,2601,55131314
1627549095,1739,226,305,0,2601,55172624
1627549178,1739,226,305,0,2601,55215632
1627549247,1739,226,305,0,2601,55241491
1627549310,1739,226,305,0,2601,55266352
1627549373,1739,226,305,0,2601,55296319
1627549435,1739,226,305,0,2601,55330957
1627549501,1739,226,305,0,2601,55369109
1627549570,1739,226,305,0,2601,55409383
1627549624,1739,226,305,0,2601,55450753
1627549680,1739,226,305,0,2601,55492814
1627549724,1739,226,305,0,2601,55535054
1627549767,1739,226,305,0,2601,55577362
1627549812,1739,226,305,0,2601,55619690
1627549856,1739,226,305,0,2601,55662020
1627549893,1739,226,305,0,2601,55703328
1627549974,1740,226,305,0,2601,55746336
1627550050,1740,226,305,0,2601,55776647
1627550113,1740,226,305,0,2601,55802660
1627550177,1740,226,305,0,2601,55833159
1627550241,1740,226,305,0,2601,55867624
1627550303,1740,226,305,0,2601,55906702
1627550366,1740,226,305,0,2601,55947463
1627550418,1740,226,305,0,2601,55988810
1627550469,1740,226,305,0,2601,56030875
1627550515,1740,226,305,0,2601,56073099
1627550561,1740,226,305,0,2601,56115368
1627550606,1740,226,305,0,2601,56157697
1627550649,1740,226,305,0,2601,56200027
1627550688,1740,226,305,0,2601,56241337
1627550769,1741,226,305,0,2601,56284345
1627550844,1741,226,305,0,2601,56313143
1627550907,1741,226,305,0,2601,56339988
1627550973,1741,226,305,0,2601,56369593
1627551044,1741,226,305,0,2601,56404667
1627551108,1741,226,305,0,2601,56442372
1627551173,1741,226,305,0,2601,56482718
1627551233,1741,226,305,0,2601,56524004
1627551290,1741,226,305,0,2601,56566067
1627551336,1741,226,305,0,2601,56608302
1627551383,1741,226,305,0,2601,56650599
1627551424,1741,226,305,0,2601,56692924
1627551470,1741,226,305,0,2601,56735254
1627551506,1741,226,305,0,2601,56776564
1627551588,1741,226,305,0,2601,56819572
1627551668,1741,226,305,0,2601,56848962
1627551728,1741,226,305,0,2601,56875297
1627551794,1741,226,305,0,2601,56906742
1627551864,1741,226,305,0,2601,56941481
1627551923,1741,226,305,0,2601,56979488
1627551989,1741,226,305,0,2601,57020280
1627552047,1741,226,305,0,2601,57061742
1627552098,1742,226,306,0,2601,57103771
1627552144,1742,226,306,0,2601,57146009
1627552192,1742,226,306,0,2601,57188317
1627552234,1742,226,306,0,2601,57230645
1627552280,1742,226,306,0,2601,57272975
1627552316,1742,226,306,0,2601,57314285
1627552399,1742,226,306,0,2601,57357293
1627552481,1742,226,306,0,2601,57387321
1627552536,1742,226,306,0,2601,57413242
1627552596,1742,226,306,0,2601,57442760
1627552669,1742,226,306,0,2601,57478034
1627552734,1742,226,306,0,2601,57516478
1627552797,1742,226,306,0,2601,57557094
1627552854,1742,226,306,0,2601,57598343
1627552908,1742,226,306,0,2601,57640428
1627552952,1742,226,306,0,2601,57682647
1627553001,1742,226,306,0,2601,57724943
1627553042,1742,226,306,0,2601,57767272
1627553085,1742,226,306,0,2601,57809602
1627553122,1742,226,306,0,2601,57850912
1627553204,1743,226,306,0,2601,57893920
1627553280,1743,226,306,0,2601,57923147
1627553342,1743,226,306,0,2601,57949265
1627553406,1743,226,306,0,2601,57980232
1627553475,1743,226,306,0,2601,58015584
1627553541,1743,226,306,0,2601,58053631
1627553605,1743,226,306,0,2601,58094009
1627553659,1743,226,306,0,2601,58135260
1627553716,1743,226,306,0,2601,58177327
1627553764,1743,226,306,0,2601,58219555
1627553810,1743,226,306,0,2601,58261842
1627553854,1743,226,306,0,2601,58304170
