1617799666,2,2,0,0,1508,2
1617799673,7,6,0,0,1560,528
1617799675,52,36,0,0,1938,1039
1617799676,81,61,0,0,2261,1551
1617799678,103,73,0,0,2378,2542
1617799680,103,73,0,0,2378,3494
1617799682,103,73,0,0,2378,4508
1617799684,116,82,0,0,2415,5528
1617799686,117,83,0,0,2417,6548
1617799688,125,88,1,0,2461,7568
1617799690,131,90,1,0,2466,8588
1617799692,132,91,1,0,2472,9608
1617799693,138,94,1,0,2484,10628
1617799695,141,96,2,0,2497,11648
1617799697,143,97,2,0,2498,12668
1617799699,176,108,2,0,2884,13692
1617799701,193,117,2,0,2929,14716
1617799702,201,119,2,0,2937,15740
1617799704,208,122,2,0,2961,16764
1617799706,216,123,2,0,3290,17788
1617799809,219,125,3,0,3294,54584
1617799893,230,130,8,0,3305,93642
1617799996,303,161,12,0,3549,141251
1617800093,333,170,13,0,3626,190963
1617800202,383,194,13,0,3781,242124
1617800320,393,196,13,0,3785,293877
1617800431,419,202,13,0,3805,345869
1617800531,444,212,13,0,3840,397879
1617800632,451,217,14,0,3911,449898
1617800731,461,218,14,0,3944,501918
1617800823,493,235,15,0,4101,553938
1617800920,500,237,15,0,4107,605958
1617801007,501,238,15,0,4110,657978
1617801117,506,243,15,0,4196,706002
1617801214,549,269,23,0,4667,758226
1617801306,580,284,26,0,4812,810450
1617801397,596,292,28,0,4840,862674
1617801493,613,301,30,0,4942,914898
1617801588,622,305,33,0,4949,967122
1617801680,633,307,34,0,4967,1019346
1617801887,648,313,37,0,4983,1082865
1617802050,657,316,40,0,5079,1146864
1617802230,694,331,42,0,5296,1224207
1617802457,752,359,49,0,5503,1317100
1617802693,788,372,51,0,5571,1415755
1617802928,822,381,61,0,5853,1518433
1617803150,849,387,63,0,5885,1621444
1617803376,872,392,70,0,5906,1724461
1617803589,891,397,70,0,5929,1827480
1617803797,895,398,70,0,5940,1930500
1617804001,917,400,73,0,5946,2033520
1617804208,928,403,76,0,5953,2136540
1617804389,928,403,76,0,5953,2239050
1617804631,928,403,76,0,5953,2334216
1617804836,952,410,78,0,5990,2437640
1617805041,968,418,85,0,6025,2541064
1617805238,983,425,90,0,6055,2644488
1617805440,992,428,92,1,6067,2747912
1617805738,1002,429,98,1,6069,2827347
1617805976,1018,438,103,1,6126,2909560
1617806317,1034,446,112,1,6191,3013121
1617806720,1057,449,127,1,6195,3135631
1617807067,1070,456,134,2,6264,3266680
1617807377,1080,460,136,2,6270,3398611
1617807661,1092,462,137,2,6274,3530591
1617807948,1108,463,137,2,6279,3662660
1617808221,1112,465,137,2,6293,3794750
1617808488,1124,469,137,2,6382,3926840
1617808749,1136,470,141,2,6386,4058930
1617809017,1150,477,146,2,6445,4190510
1617809251,1150,477,146,2,6445,4322090
1617809555,1152,479,146,2,6465,4440293
1617809820,1160,482,148,3,6514,4572901
1617810083,1168,483,150,3,6516,4705509
1617810355,1182,486,152,3,6529,4838117
1617810680,1192,487,158,3,6530,4924161
1617810946,1218,495,174,4,6568,5012088
1617811272,1229,498,180,4,6586,5114687
1617811644,1243,499,191,4,6589,5235113
1617812010,1250,503,194,5,6608,5369705
1617812334,1272,506,196,9,6625,5508677
1617812644,1278,507,198,9,6631,5647837
1617812934,1284,508,199,9,6633,5787064
1617813218,1291,509,199,9,6634,5925784
1617813490,1295,510,199,9,6636,6064504
1617813756,1299,512,199,9,6647,6203224
1617814025,1306,515,200,9,6690,6341944
1617814277,1307,516,200,9,6691,6480664
1617814599,1315,520,203,9,6698,6599988
1617814887,1333,528,203,13,6719,6739764
1617815170,1344,531,203,13,6750,6879540
1617815451,1354,535,203,13,6761,7019316
1617815736,1359,535,203,13,6761,7159092
1617816071,1370,543,204,13,6821,7240869
1617816315,1377,544,206,13,6823,7326658
1617816603,1385,548,209,14,6836,7424465
1617816955,1396,552,259,15,6868,7536491
1617817282,1414,553,264,16,6870,7661580
1617817616,1423,555,269,17,6877,7803189
1617817929,1426,557,270,17,6884,7946403
1617818234,1432,557,270,17,6884,8089713
1617818530,1433,558,270,17,6885,8233022
1617818836,1441,563,277,17,6921,8376332
1617819112,1443,563,280,17,6921,8519642
1617819372,1449,563,280,17,6921,8662952
1617819634,1449,563,280,17,6921,8806262
1617819988,1453,563,282,17,6921,8929204
1617820281,1473,569,285,18,6941,9073588
1617820566,1480,572,287,18,6948,9217972
1617820853,1484,572,289,18,6948,9362356
1617821146,1490,575,291,18,6954,9506740
1617821470,1492,575,293,18,6954,9595391
1617821724,1493,575,295,18,6954,9687185
1617822016,1564,581,296,18,6968,9793085
1617822367,1653,587,382,19,7026,9913203
1617822695,1656,588,385,19,7030,10046458
1617823038,1693,593,413,20,7177,10190716
1617823349,1696,594,416,20,7193,10335547
1617823652,1702,594,416,20,7193,10480381
1617823945,1704,595,418,20,7194,10625221
1617824225,1709,595,418,20,7194,10770061
1617824496,1711,595,418,20,7194,10914901
1617824763,1723,599,422,21,7212,11059741
1617825018,1723,599,422,21,7212,11204581
1617825358,1728,599,424,21,7212,11325020
1617825651,1738,604,424,22,7229,11470940
1617825940,1743,604,425,22,7229,11616860
1617826223,1754,607,428,23,7235,11762780
1617826505,1759,610,431,23,7239,11908700
1617826862,1790,618,460,23,7262,12003961
1617827139,1792,618,461,23,7262,12100983
1617827471,1814,624,467,23,7270,12215296
1617827858,1819,625,471,23,7273,12349895
1617828259,1825,626,473,23,7274,12498851
1617828661,1836,627,475,24,7279,12655824
1617829024,1852,628,482,24,7281,12813369
1617829353,1853,628,482,24,7281,12970956
1617829676,1857,629,483,24,7289,13128546
1617829968,1857,629,483,24,7289,13286136
1617830278,1857,629,483,24,7289,13443726
1617830579,1859,631,484,24,7298,13601316
1617830866,1860,631,486,24,7298,13758906
1617831244,1868,632,489,24,7300,13890424
1617831569,1881,637,492,24,7310,14049144
1617831897,1892,639,493,24,7312,14207864
1617832221,1898,640,495,24,7313,14366584
1617832545,1901,641,495,24,7314,14525304
1617832949,1916,644,498,24,7321,14626192
1617833250,1918,644,498,24,7321,14731709
1617833630,1921,644,499,24,7321,14855305
1617834077,1934,646,503,24,7328,15003541
1617834519,1944,648,505,24,7333,15164603
1617834931,1959,657,517,25,7353,15329307
1617835323,1968,661,523,26,7373,15494537
1617835686,1971,664,523,26,7386,15659777
1617836016,1972,664,523,26,7386,15825017
1617836337,1973,664,523,26,7386,15990257
1617836652,1976,665,523,26,7388,16155497
1617836957,1980,669,526,26,7404,16320737
1617837252,1981,669,527,26,7404,16485977
1617837652,1985,669,528,26,7404,16624992
1617837990,1993,669,528,27,7404,16791392
1617838390,1995,670,528,27,7405,16895536
1617838699,1998,671,530,27,7409,17001645
1617839077,1999,671,530,27,7409,17129681
1617839509,2004,673,533,27,7416,17279297
1617839970,2014,676,540,30,7421,17444117
1617840408,2037,682,553,30,7462,17611538
1617840807,2044,685,566,30,7468,17779233
1617841165,2045,685,566,30,7468,17947004
1617841509,2047,685,566,30,7468,18114794
1617841830,2047,685,566,30,7468,18282584
1617842136,2048,685,566,30,7468,18450374
1617842458,2049,685,566,30,7468,18618164
1617842765,2049,685,566,30,7468,18785954
1617843175,2050,685,567,30,7468,18925168
1617843532,2065,687,570,30,7472,19094128
1617843878,2072,687,570,30,7472,19263088
1617844222,2083,690,574,30,7480,19432048
1617844657,2085,691,574,30,7495,19544966
1617844996,2087,691,576,30,7495,19659311
1617845416,2094,693,581,30,7498,19804564
1617845894,2099,693,584,30,7498,19969800
1617846398,2117,694,598,30,7499,20140349
1617846921,2147,702,617,31,7524,20312290
1617847364,2159,702,619,32,7524,20484631
1617847741,2169,704,627,32,7582,20656901
1617848091,2170,705,627,32,7583,20829281
1617848415,2172,705,628,32,7583,21001661
1617848746,2172,705,628,32,7583,21174041
1617849076,2172,705,628,32,7583,21346421
1617849396,2175,705,628,32,7583,21518801
1617849804,2175,705,628,32,7583,21662162
1617850152,2179,706,628,32,7584,21835730
1617850509,2189,709,628,33,7597,22009298
1617850967,2193,710,630,33,7598,22124151
1617851295,2194,710,632,33,7598,22236202
1617851694,2197,710,635,33,7598,22374998
1617852163,2204,711,638,33,7599,22538212
1617852665,2207,711,640,33,7599,22715818
1617853157,2214,713,646,33,7601,22894396
1617853608,2215,713,646,33,7601,23073363
1617853996,2222,718,646,33,7625,23252371
1617854365,2224,719,646,33,7626,23431381
1617854719,2228,721,646,33,7630,23610391
1617855053,2228,721,646,33,7630,23789401
1617855391,2233,722,646,33,7645,23968411
1617855715,2233,722,646,33,7645,24147421
1617856152,2235,722,648,33,7645,24297107
1617856527,2241,724,650,33,7649,24477331
1617856904,2246,724,652,33,7649,24657555
1617857282,2251,725,653,33,7650,24837779
1617857723,2252,725,654,33,7650,24955005
1617858031,2252,725,654,33,7650,25069774
1617858375,2253,725,654,33,7650,25213766
1617858770,2258,726,658,33,7652,25375531
1617859114,2266,728,667,33,7656,25551750
1617859510,2277,729,678,34,7662,25730150
1617859815,2280,730,680,36,7666,25908643
1617860102,2288,730,683,36,7666,26087138
1617860358,2292,730,683,36,7666,26265638
1617860592,2292,730,683,36,7666,26444138
1617860820,2293,730,683,36,7666,26622638
1617861063,2300,731,683,36,7668,26801138
1617861295,2300,731,683,36,7668,26979638
1617861642,2311,736,688,36,7711,27127156
1617861982,2316,737,689,37,7713,27306868
1617862327,2320,738,690,37,7716,27486580
1617862752,2320,738,690,38,7716,27602878
1617863106,2322,739,690,38,7718,27726052
1617863497,2323,740,690,38,7719,27872804
1617863939,2326,740,690,38,7719,28037791
1617864374,2332,743,690,38,7797,28217803
1617864818,2337,745,692,38,7803,28399134
1617865231,2337,745,692,38,7803,28580651
1617865595,2337,745,692,38,7803,28762206
1617865956,2338,745,692,38,7803,28943766
1617866283,2338,745,692,38,7803,29125326
1617866606,2341,746,693,38,7811,29306886
1617866923,2342,746,693,38,7811,29488446
1617867224,2342,746,693,38,7811,29670006
1617867629,2345,747,694,38,7813,29820178
1617867984,2348,748,694,38,7831,30002962
1617868342,2355,750,694,38,7839,30185746
1617868770,2357,752,694,38,7872,30296182
1617869115,2357,752,695,38,7872,30419711
1617869524,2358,753,695,38,7877,30566989
1617869962,2363,755,696,38,7889,30730826
1617870421,2366,755,698,40,7889,30911949
1617870892,2369,755,700,40,7889,31093946
1617871302,2374,756,700,40,7890,31276013
1617871677,2375,756,700,40,7890,31458080
1617872017,2376,756,700,40,7890,31640150
1617872354,2378,757,700,40,7891,31822220
1617872683,2381,758,701,40,7893,32004290
1617873001,2382,758,701,40,7893,32186360
1617873312,2382,758,701,40,7893,32368430
1617873739,2384,758,702,40,7893,32519862
1617874108,2389,758,704,41,7893,32703158
1617874557,2391,759,705,41,7894,32819904
1617874921,2392,759,706,41,7894,32947109
1617875345,2392,759,706,41,7894,33094038
1617875813,2393,759,706,41,7894,33267930
1617876319,2393,759,725,43,7894,33449990
1617876802,2398,761,738,46,7898,33634463
1617877242,2402,761,740,47,7898,33819075
1617877631,2405,761,740,47,7898,34003675
1617877985,2406,761,740,47,7898,34188295
1617878261,2407,761,740,47,7898,34372915
1617878527,2408,762,740,47,7900,34557535
1617878795,2411,762,740,47,7900,34742155
1617879051,2411,762,740,47,7900,34926775
1617879395,2411,762,740,47,7900,35080515
1617879690,2419,764,742,47,7911,35266371
1617879979,2423,764,742,47,7911,35452227
1617880273,2428,765,743,47,8063,35638083
1617880645,2429,765,744,47,8063,35755566
1617880927,2430,765,745,47,8063,35878624
1617881295,2433,767,750,47,8069,36024088
1617881670,2439,767,754,47,8069,36193173
1617882072,2442,768,919,47,8073,36375886
1617882443,2445,768,921,47,8073,36560302
1617882784,2447,769,922,47,8075,36744895
1617883103,2451,769,923,49,8075,36929510
1617883395,2451,769,923,49,8075,37114130
1617883669,2452,769,923,49,8075,37298750
1617883942,2453,769,923,49,8075,37483370
1617884204,2454,770,924,49,8077,37667990
1617884462,2454,770,924,49,8077,37852610
1617884830,2454,770,925,49,8077,38007661
1617885135,2460,772,926,49,8089,38193517
1617885436,2464,775,927,51,8097,38379373
1617885732,2468,775,927,51,8097,38565229
