1617977199,17,6,0,0,1553,42
1617977222,28,14,1,0,1872,4596
1617977239,32,16,2,0,1881,9530
1617977258,43,25,2,0,1928,15383
1617977278,121,40,2,0,2011,21713
1617977297,133,47,2,0,2060,28408
1617977318,149,55,2,0,2073,35720
1617977337,195,74,2,0,2299,43127
1617977357,238,89,2,0,2432,50706
1617977376,275,108,2,0,2509,58201
1617977396,290,114,2,0,2520,65684
1617977416,316,120,4,1,2589,73191
1617977434,320,122,4,1,2594,79821
1617977452,320,122,4,1,2594,84921
1617977456,322,123,4,1,2596,86451
1617977476,410,161,4,2,2778,94131
1617977495,434,168,4,2,2809,101811
1617977515,443,170,4,2,2814,109491
1617977535,460,172,5,2,2818,117171
1617977554,466,174,5,2,2864,124851
1617977574,475,175,5,2,2865,132531
1617977707,492,177,6,2,2872,169199
1617977848,494,177,7,2,2872,207513
1617978010,510,179,10,2,2876,251950
1617978194,545,181,11,2,2890,302425
1617978393,565,187,11,2,2916,356712
1617978608,586,192,11,2,2957,413139
1617978828,603,196,12,2,2972,470765
1617979043,611,199,13,2,3034,527885
1617979251,618,202,13,2,3044,585005
1617979459,625,206,14,2,3119,642125
1617979667,629,207,14,2,3120,698735
1617979812,629,207,14,2,3120,739025
1617979922,629,207,14,2,3120,769115
1617979954,629,207,14,2,3120,777785
1617980164,665,217,16,2,3162,837177
1617980375,681,220,16,2,3167,896569
1617980585,701,226,16,2,3175,955961
1617980795,721,232,17,2,3197,1015353
1617980992,740,236,23,2,3207,1057002
1617981147,744,236,25,2,3207,1098394
1617981322,756,238,27,2,3242,1145994
1617981521,771,245,28,2,3438,1200432
1617981733,778,247,29,2,3440,1259353
1617981976,789,249,30,2,3444,1326153
1617982225,818,253,31,2,3477,1395483
1617982473,843,256,31,2,3492,1464078
1617982723,846,258,31,2,3504,1532418
1617982975,854,261,32,2,3510,1600758
1617983237,884,264,33,2,3538,1669098
1617983430,886,264,35,2,3538,1717038
1617983570,886,264,35,2,3538,1753248
1617983594,886,264,35,2,3538,1759368
1617983850,928,277,36,2,3625,1830536
1617984105,952,280,36,2,3631,1901704
1617984360,965,283,39,2,3640,1972872
1617984617,980,286,39,2,3650,2044040
1617984874,995,290,39,2,3660,2115208
1617985097,997,290,40,2,3660,2163792
1617985292,1004,292,43,2,3663,2215351
1617985509,1007,292,43,2,3663,2272667
1617985755,1016,293,43,2,3664,2338190
1617986012,1017,293,43,2,3664,2406598
1617986293,1022,294,43,2,3665,2483023
1617986579,1030,298,44,2,3729,2559552
1617986866,1053,307,45,2,3785,2634959
1617987161,1066,314,45,2,3846,2710439
1617987436,1078,315,46,2,3859,2785409
1617987709,1083,317,46,2,3878,2859869
1617987902,1083,317,46,2,3878,2911379
1617988057,1085,318,46,2,3879,2952689
1617988078,1085,318,46,2,3879,2958299
1617988364,1127,329,46,2,3923,3037659
1617988650,1157,334,46,2,3930,3117019
1617988936,1173,337,46,2,3950,3196379
1617989221,1191,339,46,2,3997,3275739
1617989506,1205,344,46,2,4014,3355099
1617989770,1213,346,47,2,4056,3412194
1617989986,1216,346,48,2,4056,3468784
1617990233,1222,348,48,2,4093,3534246
1617990514,1229,352,49,2,4100,3608487
1617990829,1238,355,50,2,4115,3692321
1617991152,1262,359,52,2,4123,3778002
1617991483,1293,370,53,2,4272,3863682
1617991801,1298,374,53,2,4296,3948342
1617992119,1307,378,53,2,4327,4033002
1617992425,1319,381,53,2,4361,4116642
1617992721,1343,387,56,2,4383,4198242
1617992918,1347,388,56,2,4387,4251792
1617993064,1351,389,56,2,4389,4291572
1617993084,1351,389,56,2,4389,4296672
1617993401,1376,394,57,2,4407,4385248
1617993718,1396,400,57,2,4422,4473824
1617994037,1408,404,59,2,4432,4562400
1617994352,1423,410,59,2,4441,4650976
1617994662,1429,411,59,2,4455,4718603
1617994909,1437,415,62,2,4467,4784594
1617995199,1445,417,64,2,4471,4861777
1617995527,1445,417,64,2,4471,4948859
1617995893,1507,426,67,2,4578,5045629
1617996270,1518,431,67,2,4603,5145192
1617996647,1531,433,67,2,4607,5245031
1617997012,1534,435,68,2,4625,5343439
1617997373,1541,437,69,2,4631,5441359
1617997733,1563,445,69,2,4645,5538769
1617998075,1570,446,70,2,4648,5633119
1617998315,1581,448,70,2,4655,5698909
1617998496,1590,449,70,2,4662,5748379
1617998516,1590,449,70,2,4662,5753479
1617998883,1620,455,70,2,4769,5855879
1617999250,1636,458,71,2,4857,5958279
1617999618,1650,460,72,2,4861,6060679
1617999985,1660,461,72,2,4863,6163079
1618000293,1662,461,72,2,4863,6228786
1618000553,1666,461,74,2,4863,6296904
1618000871,1675,461,74,2,4863,6380175
1618001236,1678,462,74,2,4867,6475104
1618001627,1697,463,76,2,4870,6577049
1618002021,1705,463,76,2,4870,6680263
1618002409,1716,465,76,2,4893,6783770
1618002795,1749,474,77,2,4930,6885770
1618003170,1763,474,77,2,4930,6987260
1618003543,1780,479,77,2,4958,7088750
1618003913,1786,479,77,2,4958,7188710
1618004180,1794,480,78,2,4962,7261109
1618004402,1808,481,78,2,4965,7320779
1618004420,1808,481,78,2,4965,7325369
1618004805,1839,488,79,2,5148,7431865
1618005197,1860,489,80,2,5150,7538361
1618005584,1877,492,80,2,5155,7644857
1618005973,1891,495,80,2,5163,7751353
1618006321,1891,495,80,2,5163,7824158
1618006615,1897,497,81,2,5166,7900541
1618006962,1903,499,83,2,5168,7990499
1618007375,1907,499,83,2,5168,8097575
1618007802,1913,500,83,2,5170,8209984
1618008252,1918,500,83,2,5170,8326793
1618008684,1924,502,83,2,5183,8443067
1618009107,1926,503,83,2,5190,8557303
1618009523,1929,506,83,2,5198,8670268
1618009935,1935,508,84,2,5228,8782468
1618010338,1950,513,86,2,5238,8892628
1618010628,1952,513,86,2,5238,8971149
1618010875,1954,513,86,2,5238,9037449
1618010893,1954,513,86,2,5238,9042039
1618011330,1971,515,87,2,5243,9161847
1618011763,1984,518,87,2,5275,9281655
1618012198,1995,519,87,2,5276,9401463
1618012550,1999,523,87,2,5283,9475596
1618012847,2000,523,88,2,5283,9552822
1618013211,2002,525,88,2,5289,9648105
1618013630,2005,527,88,2,5296,9757399
1618014072,2009,528,88,2,5297,9873054
1618014507,2011,528,90,2,5297,9988871
1618014944,2017,532,90,2,5306,10103894
1618015361,2019,532,90,2,5306,10217516
1618015768,2035,544,90,2,5475,10330226
1618016169,2037,545,90,2,5476,10442426
1618016569,2041,545,90,2,5476,10553096
1618016851,2044,545,90,2,5476,10631126
1618017093,2048,545,90,2,5476,10697936
1618017113,2048,545,90,2,5476,10703036
1618017536,2062,547,90,2,5480,10822844
1618017959,2073,549,90,2,5490,10942652
1618018383,2079,551,90,2,5496,11062460
1618018751,2082,551,90,2,5496,11142625
1618019051,2085,551,93,2,5496,11223753
1618019422,2085,551,93,2,5496,11323596
1618019853,2086,551,93,2,5496,11437738
1618020306,2089,551,95,2,5496,11558836
1618020760,2090,551,96,2,5496,11681408
1618021199,2090,551,96,2,5496,11803205
1618021634,2091,551,96,2,5496,11923543
1618022065,2092,551,97,2,5496,12043138
1618022498,2097,551,98,2,5496,12162478
1618022915,2101,551,98,2,5496,12279268
1618023221,2101,551,98,2,5496,12363418
1618023485,2104,551,98,2,5496,12436348
1618023508,2104,551,98,2,5496,12442468
1618023956,2116,552,98,2,5500,12568932
1618024401,2122,553,99,2,5604,12695396
1618024769,2122,553,99,2,5604,12775704
1618025084,2123,553,99,2,5604,12858881
1618025482,2123,553,99,2,5604,12963562
1618025934,2123,553,99,2,5604,13082185
1618026418,2126,555,99,2,5624,13208054
1618026903,2128,555,99,2,5624,13335128
1618027380,2130,555,100,2,5624,13461353
1618027852,2133,555,100,2,5624,13586171
1618028309,2133,555,100,2,5624,13710356
1618028762,2139,558,100,2,5630,13834286
1618029212,2141,560,100,2,5633,13956176
1618029536,2143,560,100,2,5633,14045936
1618029820,2144,560,100,2,5633,14124476
1618029859,2145,561,100,2,5636,14134676
1618030321,2150,564,100,2,5643,14265748
1618030783,2151,564,100,2,5643,14396820
1618031248,2156,565,101,2,5654,14527892
1618031615,2158,565,103,2,5654,14607945
1618031926,2158,565,103,2,5654,14692285
1618032309,2159,565,104,2,5654,14796294
1618032753,2160,565,105,2,5654,14914865
1618033222,2160,565,105,2,5654,15040821
1618033695,2162,565,106,2,5654,15167848
1618034156,2163,565,107,2,5654,15294328
1618034609,2164,565,107,2,5654,15419278
1618035059,2167,567,107,2,5763,15543463
1618035502,2172,568,108,2,5858,15667393
1618035935,2173,568,108,2,5858,15789283
1618036193,2176,568,108,2,5858,15878533
1618036414,2178,568,108,2,5858,15957583
1618036437,2178,568,108,2,5858,15966763
1618036750,2186,572,108,2,5870,16097835
1618037064,2196,575,109,2,5877,16228907
1618037378,2202,579,109,2,5893,16359979
1618037646,2202,579,109,2,5893,16438760
1618037859,2203,579,110,2,5893,16522535
1618038118,2204,579,110,2,5893,16625731
1618038414,2204,579,110,2,5893,16738850
1618038740,2204,579,110,2,5893,16862402
1618039066,2205,580,110,2,5894,16989004
1618039385,2210,580,111,2,5894,17115168
1618039699,2212,580,111,2,5894,17240023
1618040011,2213,580,111,2,5894,17364208
1618040319,2216,580,112,2,5894,17488127
1618040622,2217,580,112,2,5894,17609507
1618040847,2218,581,112,2,5895,17699774
1618041046,2219,581,112,2,5895,17779844
1618041067,2226,586,112,2,5907,17787494
1618041387,2254,605,112,2,6003,17918566
1618041708,2268,608,112,2,6009,18049638
1618042029,2273,610,112,2,6013,18180710
1618042349,2288,613,112,2,6020,18311782
1618042664,2296,613,112,2,6020,18442854
1618042965,2296,613,112,2,6020,18531368
1618043195,2297,613,113,2,6020,18621848
1618043482,2298,613,114,2,6020,18735325
1618043803,2298,613,114,2,6020,18862931
1618044152,2298,613,114,2,6020,18998345
1618044498,2299,614,114,2,6022,19134156
1618044837,2299,614,114,2,6022,19269368
1618045165,2299,614,114,2,6022,19402988
1618045653,2300,614,114,2,6022,19536353
1618046162,2301,614,114,2,6022,19669463
1618046662,2306,614,114,2,6022,19801043
1618047053,2315,618,114,2,6027,19902533
1618047406,2322,620,114,2,6031,19994843
1618047443,2322,620,114,2,6031,20004023
1618047969,2346,622,114,2,6040,20144311
1618048507,2362,624,114,2,6047,20284599
1618049044,2378,626,115,2,6051,20424887
1618049485,2379,626,116,2,6051,20513949
1618049863,2379,626,116,2,6051,20606551
1618050328,2380,626,116,2,6051,20721542
1618050846,2382,627,116,2,6053,20848345
1618051407,2383,628,116,2,6054,20984941
1618051955,2384,628,116,2,6054,21121863
1618052495,2385,628,117,2,6054,21258234
1618053028,2388,628,117,2,6054,21392874
1618053554,2398,628,118,2,6054,21527259
1618054086,2401,629,118,2,6055,21661389
1618054612,2403,630,118,2,6056,21793989
1618055016,2403,630,118,2,6056,21895479
1618055379,2403,630,118,2,6056,21987279
1618055414,2403,630,118,2,6056,21995439
1618055964,2425,634,118,2,6073,22136751
1618056512,2437,638,118,2,6087,22278063
1618057062,2442,638,118,2,6087,22419375
1618057500,2442,638,118,2,6087,22506205
1618057870,2454,648,118,2,6166,22596344
1618058339,2455,648,119,2,6166,22709998
1618058863,2455,648,119,2,6166,22836592
1618059425,2456,648,119,2,6166,22970042
1618059984,2456,648,119,2,6166,23105605
1618060524,2456,648,119,2,6166,23240449
1618061057,2460,648,120,2,6166,23373537
1618061582,2460,648,120,2,6166,23506392
1618062096,2461,648,120,2,6166,23638992
1618062613,2463,648,120,2,6166,23770572
1618063010,2465,649,120,2,6167,23872062
1618063372,2468,650,122,2,6168,23963352
1618063404,2468,650,122,2,6168,23971002
