1617704540,3,2,0,0,1287,3
1617704546,117,10,0,0,1337,807
1617704547,153,12,0,0,1348,1692
1617704548,176,13,0,0,1350,2811
1617704550,198,27,0,0,1427,4100
1617704551,208,33,0,0,1440,5458
1617704553,210,33,0,0,1440,6837
1617704554,213,33,0,0,1440,8319
1617704556,217,35,0,0,1443,9838
1617704557,220,37,0,0,1447,11365
1617704559,226,39,0,0,1451,12882
1617704560,227,40,0,0,1453,14387
1617704562,228,41,0,0,1455,15916
1617704563,236,44,0,0,1462,17446
1617704565,411,94,0,0,1674,18982
1617704567,454,103,1,0,1690,20518
1617704569,473,107,3,0,1696,22054
1617704571,490,109,4,0,1698,23590
1617704574,509,112,5,0,1704,25126
1617704576,522,115,6,0,1712,26662
1617704578,526,116,6,0,1716,28198
1617704611,527,116,7,0,1716,42233
1617704630,527,116,7,0,1716,56865
1617704652,537,125,7,0,1780,74077
1617704674,538,125,7,0,1780,93162
1617704698,542,126,7,0,1781,114447
1617704724,543,126,7,0,1781,139732
1617704751,553,132,8,0,1839,166198
1617704787,559,132,8,0,1839,193017
1617704823,575,132,8,0,1839,219971
1617704859,588,133,8,0,1849,246978
1617704889,588,133,9,0,1849,274004
1617704914,600,134,9,0,1922,301034
1617704938,601,134,9,0,1922,327552
1617704977,668,145,18,0,1955,354688
1617705015,692,152,23,0,1988,381824
1617705055,709,153,28,0,1992,408960
1617705093,723,155,29,0,1997,436096
1617705130,732,156,31,0,1998,463232
1617705182,735,156,31,0,1998,483421
1617705218,746,156,43,0,1998,503906
1617705261,774,156,70,0,1998,528019
1617705303,775,156,71,0,1998,553785
1617705342,775,156,71,0,1998,584178
1617705380,778,157,71,0,2002,616932
1617705418,778,157,71,0,2002,650854
1617705456,781,157,71,0,2002,685263
1617705493,782,158,71,0,2003,719881
1617705530,788,159,71,0,2017,754525
1617705563,791,161,71,0,2020,789205
1617705596,791,161,71,0,2020,823885
1617705632,791,161,71,0,2020,858563
1617705685,828,167,71,0,2042,893891
1617705741,840,168,72,0,2044,929219
1617705795,852,169,73,0,2065,964547
1617705849,861,169,74,0,2065,999875
1617705903,861,169,74,0,2065,1020042
1617705942,874,169,87,0,2065,1039323
1617705999,882,170,133,0,2069,1063164
1617706044,882,170,133,0,2069,1091370
1617706080,883,170,133,0,2069,1121871
1617706120,886,171,133,0,2073,1155359
1617706159,887,171,133,0,2073,1190119
1617706196,887,171,133,0,2073,1225547
1617706231,887,171,133,0,2073,1261149
1617706266,888,171,133,0,2073,1296827
1617706299,888,171,133,0,2073,1332522
1617706333,890,172,133,0,2077,1368222
1617706373,891,173,133,0,2078,1403409
1617706430,898,175,133,0,2193,1439761
1617706485,906,177,134,0,2198,1476113
1617706539,913,177,136,0,2198,1512465
1617706599,955,177,137,0,2198,1534488
1617706650,965,178,138,0,2203,1555847
1617706700,995,178,158,0,2203,1580730
1617706745,998,180,158,0,2323,1608031
1617706793,1005,180,165,0,2323,1637799
1617706840,1005,180,165,0,2323,1670451
1617706887,1010,183,167,0,2328,1704129
1617706928,1010,183,167,0,2328,1738336
1617706964,1010,183,167,0,2328,1772902
1617707003,1010,183,167,0,2328,1807533
1617707036,1041,183,167,0,2328,1842209
1617707069,1043,183,167,0,2328,1876889
1617707103,1043,183,167,0,2328,1911039
1617707158,1055,186,167,0,2349,1946367
1617707214,1062,187,168,0,2350,1981695
1617707269,1067,188,169,0,2353,2017023
1617707329,1067,188,169,0,2353,2040344
1617707382,1067,188,169,0,2353,2065402
1617707441,1067,188,169,0,2353,2094260
1617707498,1071,188,173,0,2353,2125230
1617707548,1071,188,173,0,2353,2158925
1617707596,1103,189,198,0,2387,2195051
1617707639,1109,190,203,0,2388,2232212
1617707679,1109,190,203,0,2388,2270067
1617707724,1112,191,203,0,2389,2308189
1617707764,1117,193,203,0,2392,2346420
1617707802,1117,193,203,0,2392,2384667
1617707839,1119,193,203,0,2392,2422917
1617707874,1119,193,203,0,2392,2460632
1617707931,1144,196,204,0,2395,2499544
1617707992,1159,196,207,0,2395,2538456
1617708052,1163,197,207,0,2396,2577368
1617708127,1167,197,211,0,2396,2602816
1617708175,1168,197,212,0,2396,2626877
1617708228,1170,197,213,0,2396,2654864
1617708289,1170,197,213,0,2396,2688671
1617708350,1178,197,220,0,2396,2725692
1617708410,1183,197,220,0,2396,2764621
1617708465,1195,197,224,0,2396,2804409
1617708516,1204,198,226,0,2398,2844857
1617708562,1205,198,227,0,2398,2885502
1617708601,1206,198,227,0,2398,2926275
1617708638,1206,198,227,0,2398,2967071
1617708678,1206,198,227,0,2398,3007870
1617708715,1206,198,227,0,2398,3048596
1617708789,1215,199,227,0,2399,3090068
1617708861,1222,199,227,0,2399,3131540
1617708935,1222,199,227,0,2399,3155032
1617708992,1223,199,228,0,2399,3180334
1617709061,1225,199,229,0,2399,3210830
1617709125,1234,199,238,0,2399,3244757
1617709192,1236,199,240,0,2399,3281057
1617709255,1236,199,240,0,2399,3319437
1617709314,1253,199,257,0,2399,3359365
1617709368,1256,199,258,0,2399,3399798
1617709413,1257,199,258,0,2399,3440432
1617709452,1257,199,258,0,2399,3481192
1617709491,1257,199,258,0,2399,3521986
1617709531,1257,199,258,0,2399,3562786
1617709571,1257,199,258,0,2399,3603067
1617709650,1262,199,260,0,2399,3644539
1617709716,1263,199,261,0,2399,3667778
1617709772,1263,199,261,0,2399,3693408
1617709827,1264,199,262,0,2399,3722242
1617709886,1264,199,262,0,2399,3755489
1617709937,1264,199,262,0,2399,3791126
1617709995,1265,199,263,0,2399,3830051
1617710050,1265,199,263,0,2399,3869782
1617710095,1265,199,263,0,2399,3910237
1617710139,1265,199,263,0,2399,3950872
1617710180,1265,199,263,0,2399,3991620
1617710221,1265,199,263,0,2399,4032408
1617710262,1265,199,263,0,2399,4073208
1617710302,1266,199,264,0,2399,4114008
1617710385,1268,199,264,0,2399,4155480
1617710465,1270,199,266,0,2399,4180674
1617710542,1270,199,266,0,2399,4207273
1617710611,1272,199,268,0,2399,4235749
1617710677,1273,199,269,0,2399,4267164
1617710743,1273,199,269,0,2399,4303687
1617710809,1275,199,271,0,2399,4342897
1617710866,1275,199,271,0,2399,4383150
1617710915,1275,199,271,0,2399,4423990
1617710963,1275,199,271,0,2399,4465099
1617711006,1275,199,271,0,2399,4506301
1617711049,1275,199,271,0,2399,4547600
1617711092,1275,199,271,0,2399,4588910
1617711133,1275,199,271,0,2399,4630183
1617711222,1279,200,272,0,2424,4672167
1617711311,1281,200,273,0,2424,4714151
1617711385,1281,200,274,0,2424,4739356
1617711448,1281,200,274,0,2424,4764083
1617711510,1283,200,276,0,2424,4791820
1617711576,1283,200,276,0,2424,4824261
1617711645,1283,200,276,0,2424,4860706
1617711707,1284,200,277,0,2424,4899515
1617711760,1284,200,277,0,2424,4939370
1617711818,1284,200,277,0,2424,4979771
1617711867,1284,200,277,0,2424,5020438
1617711908,1284,200,277,0,2424,5061218
1617711950,1284,200,277,0,2424,5102015
1617711994,1284,200,277,0,2424,5142815
1617712036,1284,200,277,0,2424,5182570
1617712123,1289,201,277,0,2426,5224042
1617712206,1301,202,282,0,2428,5265514
1617712277,1301,202,282,0,2428,5289055
1617712332,1302,202,283,0,2428,5313588
1617712398,1304,202,285,0,2428,5341497
1617712461,1304,202,285,0,2428,5373571
1617712524,1304,202,285,0,2428,5409659
1617712587,1305,202,285,0,2428,5448182
1617712643,1305,202,285,0,2428,5487614
1617712695,1306,202,286,0,2428,5527473
1617712741,1306,202,286,0,2428,5567579
1617712786,1307,202,287,0,2428,5607856
1617712828,1307,202,287,0,2428,5648141
1617712872,1307,202,287,0,2428,5688431
1617712914,1307,202,287,0,2428,5728163
1617712998,1310,202,287,0,2428,5769123
1617713069,1310,202,287,0,2428,5791706
1617713133,1310,202,287,0,2428,5816445
1617713207,1310,202,287,0,2428,5845364
1617713279,1310,202,287,0,2428,5877518
1617713354,1310,202,287,0,2428,5913475
1617713423,1312,202,289,0,2428,5951833
1617713485,1313,202,290,0,2428,5991801
1617713545,1313,202,290,0,2428,6032063
1617713599,1313,202,290,0,2428,6072624
1617713651,1314,202,291,0,2428,6113391
1617713699,1314,202,291,0,2428,6154187
1617713749,1314,202,291,0,2428,6194987
1617713799,1314,202,291,0,2428,6235766
1617713899,1316,202,291,0,2428,6277238
1617713980,1316,202,291,0,2428,6300056
1617714047,1316,202,291,0,2428,6323954
1617714114,1316,202,291,0,2428,6352999
1617714185,1318,202,293,0,2428,6384610
1617714262,1318,202,293,0,2428,6421079
1617714330,1318,202,293,0,2428,6460082
1617714397,1319,202,294,0,2428,6499835
1617714454,1319,202,294,0,2428,6540177
1617714509,1319,202,294,0,2428,6580843
1617714559,1319,202,294,0,2428,6621576
1617714608,1319,202,294,0,2428,6662376
1617714657,1319,202,294,0,2428,6703176
1617714708,1319,202,294,0,2428,6743436
1617714809,1322,202,294,0,2428,6784908
1617714897,1322,202,294,0,2428,6809618
1617714976,1322,202,294,0,2428,6834839
1617715063,1324,202,296,0,2428,6864118
1617715141,1325,202,297,0,2428,6896927
1617715222,1325,202,297,0,2428,6933545
1617715298,1326,202,298,0,2428,6972820
1617715369,1326,202,298,0,2428,7013051
1617715443,1326,202,298,0,2428,7053914
1617715506,1326,202,298,0,2428,7095058
1617715567,1326,202,298,0,2428,7136327
1617715629,1326,202,298,0,2428,7177634
1617715690,1326,202,298,0,2428,7218944
1617715738,1326,202,298,0,2428,7260231
1617715847,1326,202,298,0,2428,7302215
1617715935,1327,202,299,0,2428,7326751
1617716015,1327,202,299,0,2428,7351711
1617716097,1327,202,299,0,2428,7380603
1617716174,1327,202,299,0,2428,7413881
1617716248,1327,202,299,0,2428,7450418
1617716323,1327,202,299,0,2428,7489686
1617716389,1327,202,299,0,2428,7530135
1617716461,1329,202,300,0,2428,7570924
1617716529,1329,202,300,0,2428,7612056
1617716595,1330,202,300,0,2428,7653314
1617716657,1331,203,300,0,2429,7694620
1617716715,1331,203,300,0,2429,7735930
1617716764,1331,203,300,0,2429,7777211
1617716870,1335,203,301,0,2429,7819195
1617716959,1336,203,302,0,2429,7843874
1617717032,1337,203,303,0,2429,7866736
1617717115,1338,203,304,0,2429,7894965
1617717180,1338,203,304,0,2429,7926731
1617717248,1339,203,304,0,2429,7961417
1617717323,1339,203,304,0,2429,7998476
1617717395,1340,203,304,0,2429,8036776
1617717463,1340,203,304,0,2429,8075605
1617717527,1340,203,304,0,2429,8114676
1617717590,1340,203,304,0,2429,8153854
1617717652,1340,203,304,0,2429,8193106
1617717706,1340,203,304,0,2429,8232376
1617717753,1340,203,304,0,2429,8271120
1617717854,1341,203,304,0,2429,8311056
1617717948,1342,203,305,0,2429,8336174
1617718027,1342,203,305,0,2429,8361209
1617718104,1343,203,306,0,2429,8389518
1617718178,1344,203,307,0,2429,8421241
1617718257,1344,203,307,0,2429,8457189
1617718326,1346,203,308,0,2429,8495111
1617718396,1346,203,308,0,2429,8534563
1617718475,1346,203,308,0,2429,8574347
1617718535,1346,203,308,0,2429,8614478
1617718595,1346,203,308,0,2429,8654703
1617718661,1346,203,308,0,2429,8694991
1617718714,1346,203,308,0,2429,8735281
1617718761,1346,203,308,0,2429,8775509
1617718867,1350,203,308,0,2429,8816469
1617718960,1350,203,308,0,2429,8841461
1617719044,1350,203,308,0,2429,8866672
1617719128,1350,203,308,0,2429,8897835
1617719211,1351,203,309,0,2429,8931357
1617719291,1351,203,309,0,2429,8967523
1617719361,1351,203,309,0,2429,9005508
1617719439,1351,203,309,0,2429,9045116
1617719509,1351,203,309,0,2429,9084928
1617719578,1351,203,309,0,2429,9125141
1617719639,1351,203,309,0,2429,9165372
1617719700,1351,203,309,0,2429,9205661
1617719758,1351,203,309,0,2429,9245950
1617719805,1351,203,309,0,2429,9285709
1617719907,1355,203,310,0,2429,9326669
1617719994,1355,203,310,0,2429,9350533
1617720070,1356,203,311,0,2429,9375449
1617720143,1356,203,311,0,2429,9403915
1617720222,1356,203,311,0,2429,9435475
1617720296,1356,203,311,0,2429,9470412
1617720369,1356,203,311,0,2429,9507961
1617720432,1356,203,311,0,2429,9546849
1617720503,1356,203,311,0,2429,9586261
1617720564,1356,203,311,0,2429,9625863
1617720623,1356,203,311,0,2429,9665584
1617720684,1356,203,311,0,2429,9705359
1617720741,1356,203,311,0,2429,9745139
1617720789,1356,203,311,0,2429,9784872
1617720891,1357,203,312,0,2429,9825320
1617720980,1357,203,312,0,2429,9849894
1617721058,1357,203,312,0,2429,9875005
1617721131,1357,203,312,0,2429,9903713
1617721209,1357,203,312,0,2429,9935354
1617721285,1358,203,313,0,2429,9970080
1617721365,1359,203,314,0,2429,10007509
1617721435,1360,204,314,0,2432,10046370
1617721506,1360,204,314,0,2432,10085786
1617721564,1360,204,314,0,2432,10125412
1617721625,1360,204,314,0,2432,10165169
1617721687,1360,204,314,0,2432,10204946
1617721742,1360,204,314,0,2432,10244726
1617721789,1360,204,314,0,2432,10284475
1617721890,1364,204,314,0,2432,10324923
1617721980,1364,204,314,0,2432,10348344
1617722063,1364,204,314,0,2432,10373144
1617722149,1364,204,314,0,2432,10401839
1617722227,1364,204,314,0,2432,10433913
1617722297,1364,204,314,0,2432,10468988
1617722371,1364,204,314,0,2432,10506612
1617722432,1364,204,314,0,2432,10545565
1617722498,1364,204,314,0,2432,10585006
1617722556,1365,204,314,0,2432,10624635
1617722615,1365,204,314,0,2432,10664375
1617722676,1365,204,314,0,2432,10704149
1617722738,1365,204,314,0,2432,10743928
1617722784,1365,204,314,0,2432,10783685
1617722885,1370,204,317,0,2432,10824133
1617722970,1370,204,318,0,2432,10846401
1617723043,1371,205,319,0,2434,10870361
1617723126,1371,205,319,0,2434,10899840
1617723205,1371,205,319,0,2434,10932237
1617723281,1371,205,319,0,2434,10966534
1617723351,1371,205,319,0,2434,11003596
1617723420,1371,205,319,0,2434,11042055
1617723484,1371,205,319,0,2434,11081000
1617723541,1371,205,319,0,2434,11120070
1617723601,1371,205,319,0,2434,11159297
1617723666,1371,205,319,0,2434,11198566
1617723726,1372,206,319,0,2436,11237836
1617723772,1372,206,319,0,2436,11276590
1617723872,1373,206,319,0,2436,11316526
1617723962,1374,206,320,0,2436,11339272
1617724042,1374,206,320,0,2436,11363969
1617724132,1374,206,320,0,2436,11393646
1617724221,1374,206,320,0,2436,11427412
1617724299,1374,206,320,0,2436,11463964
1617724375,1374,206,320,0,2436,11502009
1617724442,1375,206,321,0,2436,11541357
1617724509,1375,206,321,0,2436,11581194
1617724568,1375,206,321,0,2436,11621256
1617724627,1375,206,321,0,2436,11661491
1617724690,1375,206,321,0,2436,11701776
1617724752,1377,207,322,0,2438,11742066
1617724798,1377,207,322,0,2438,11781812
1617724901,1380,207,322,0,2438,11822772
1617724986,1380,207,322,0,2438,11845607
1617725065,1380,207,322,0,2438,11871111
1617725158,1380,207,322,0,2438,11899663
1617725242,1380,207,322,0,2438,11930598
1617725309,1380,207,322,0,2438,11966180
1617725378,1380,207,322,0,2438,12003449
1617725448,1380,207,322,0,2438,12041895
1617725516,1380,207,322,0,2438,12080710
1617725570,1380,207,322,0,2438,12119786
1617725631,1380,207,322,0,2438,12159011
1617725692,1380,207,322,0,2438,12198280
1617725748,1381,208,322,0,2440,12237550
1617725794,1381,208,322,0,2440,12276308
1617725893,1383,209,322,0,2445,12316244
1617725992,1384,209,323,0,2445,12356180
1617726073,1384,209,323,0,2445,12379433
1617726139,1384,209,323,0,2445,12402608
1617726205,1384,209,323,0,2445,12430348
1617726285,1384,209,323,0,2445,12461362
1617726350,1384,209,323,0,2445,12495963
1617726413,1384,209,323,0,2445,12532775
1617726477,1386,209,325,0,2445,12570544
1617726529,1386,209,325,0,2445,12608939
1617726579,1386,209,325,0,2445,12647613
1617726626,1386,209,325,0,2445,12686341
1617726674,1386,209,325,0,2445,12725098
1617726721,1386,209,325,0,2445,12763858
1617726769,1386,209,325,0,2445,12802055
1617726863,1389,210,326,0,2446,12841479
1617726956,1389,210,326,0,2446,12880903
1617727037,1390,210,327,0,2446,12904809
1617727108,1390,210,327,0,2446,12928693
1617727174,1390,210,327,0,2446,12956876
1617727245,1390,210,327,0,2446,12989026
1617727310,1390,210,327,0,2446,13024900
1617727374,1390,210,327,0,2446,13062395
1617727431,1390,210,327,0,2446,13100523
1617727487,1390,210,327,0,2446,13139411
1617727539,1390,210,327,0,2446,13178499
1617727590,1390,210,327,0,2446,13217755
1617727639,1390,210,327,0,2446,13257022
1617727688,1390,210,327,0,2446,13296292
1617727737,1390,210,327,0,2446,13335532
1617727833,1395,211,327,0,2450,13375468
1617727930,1395,211,327,0,2450,13415404
1617728014,1396,211,328,0,2450,13438564
1617728084,1396,211,328,0,2450,13462126
1617728153,1396,211,328,0,2450,13490943
1617728234,1396,211,328,0,2450,13522980
1617728298,1396,211,328,0,2450,13559126
1617728363,1396,211,328,0,2450,13596988
1617728422,1396,211,328,0,2450,13635577
1617728476,1396,211,328,0,2450,13675063
1617728526,1396,211,328,0,2450,13714700
1617728576,1396,211,328,0,2450,13754393
1617728626,1396,211,328,0,2450,13794170
1617728678,1396,211,328,0,2450,13833950
1617728724,1396,211,328,0,2450,13873180
1617728825,1399,213,329,0,2454,13913628
1617728924,1399,213,329,0,2454,13954076
1617729021,1399,213,330,0,2454,13994524
1617729109,1399,213,330,0,2454,14017100
1617729179,1400,213,331,0,2454,14041764
1617729260,1400,213,331,0,2454,14070078
1617729336,1400,213,331,0,2454,14100943
1617729405,1400,213,331,0,2454,14136192
1617729465,1400,213,331,0,2454,14173139
1617729525,1400,213,331,0,2454,14211233
1617729582,1400,213,331,0,2454,14250146
1617729631,1400,213,331,0,2454,14289215
1617729678,1400,213,331,0,2454,14328454
1617729729,1400,213,331,0,2454,14367723
1617729780,1400,213,331,0,2454,14406993
1617729828,1400,213,331,0,2454,14445740
1617729922,1402,214,332,0,2477,14485676
1617730016,1403,215,332,0,2480,14525612
1617730106,1403,215,332,0,2480,14548097
1617730185,1403,215,332,0,2480,14572224
1617730261,1403,215,332,0,2480,14600759
1617730343,1403,215,332,0,2480,14633389
1617730411,1403,215,332,0,2480,14668029
1617730471,1403,215,332,0,2480,14705305
1617730527,1403,215,332,0,2480,14743640
1617730581,1403,215,332,0,2480,14782439
1617730631,1403,215,332,0,2480,14821494
1617730681,1403,215,332,0,2480,14860726
1617730729,1403,215,332,0,2480,14899994
1617730777,1404,215,332,0,2480,14939262
1617730825,1404,215,332,0,2480,14978006
1617730918,1406,216,333,0,2488,15017942
1617731011,1409,216,334,0,2488,15057878
1617731095,1409,216,334,0,2488,15081329
1617731169,1409,216,334,0,2488,15104843
1617731251,1409,216,334,0,2488,15133740
1617731337,1409,216,334,0,2488,15166064
1617731407,1409,216,334,0,2488,15201764
1617731469,1409,216,334,0,2488,15239910
1617731524,1409,216,334,0,2488,15279142
1617731579,1409,216,334,0,2488,15318908
1617731629,1410,216,334,0,2488,15359000
1617731681,1410,216,334,0,2488,15399255
1617731731,1410,216,334,0,2488,15439545
1617731782,1410,216,334,0,2488,15479835
1617731838,1410,216,334,0,2488,15519540
1617731940,1414,217,334,0,2489,15560500
1617732042,1423,220,338,0,2501,15601460
1617732126,1423,220,338,0,2501,15625286
1617732205,1423,220,338,0,2501,15649809
1617732286,1423,220,338,0,2501,15678515
1617732357,1423,220,338,0,2501,15710000
1617732416,1423,220,338,0,2501,15745581
1617732476,1423,220,338,0,2501,15783494
1617732540,1423,220,338,0,2501,15822889
1617732595,1423,220,338,0,2501,15862797
1617732647,1424,220,338,0,2501,15902901
1617732696,1424,220,338,0,2501,15943147
1617732746,1424,220,338,0,2501,15983437
1617732796,1424,220,338,0,2501,16023727
1617732846,1424,220,338,0,2501,16063931
1617732946,1428,222,338,0,2504,16104891
1617733048,1431,223,339,0,2506,16145851
1617733147,1433,224,339,0,2510,16186811
1617733234,1434,224,340,0,2510,16211222
1617733317,1434,224,340,0,2510,16236955
1617733390,1434,224,340,0,2510,16266039
1617733471,1434,224,340,0,2510,16300339
1617733541,1434,224,340,0,2510,16337496
1617733604,1434,224,340,0,2510,16377214
1617733661,1435,224,340,0,2510,16417866
1617733713,1435,224,340,0,2510,16459216
1617733770,1435,224,340,0,2510,16500868
1617733823,1435,224,340,0,2510,16542614
1617733874,1435,224,340,0,2510,16584425
1617733927,1435,224,340,0,2510,16626244
1617733978,1435,224,340,0,2510,16668027
1617734082,1438,225,341,0,2513,16710523
1617734189,1441,225,342,0,2513,16753019
1617734279,1441,225,342,0,2513,16777557
1617734352,1441,225,342,0,2513,16802863
1617734444,1441,225,342,0,2513,16832894
1617734524,1441,225,342,0,2513,16867252
1617734589,1442,226,342,0,2527,16904835
1617734655,1442,226,342,0,2527,16944390
1617734723,1442,226,342,0,2527,16985168
1617734779,1442,226,342,0,2527,17026463
1617734835,1442,226,342,0,2527,17068089
1617734887,1442,226,342,0,2527,17109859
1617734942,1442,226,342,0,2527,17151679
1617734993,1442,226,342,0,2527,17193499
1617735045,1442,226,342,0,2527,17234764
1617735154,1445,226,342,0,2527,17277260
1617735237,1446,226,343,0,2527,17301190
1617735310,1450,226,347,0,2527,17325917
1617735397,1450,226,347,0,2527,17355436
1617735474,1450,226,347,0,2527,17388555
1617735540,1451,226,347,0,2527,17425153
1617735609,1451,226,347,0,2527,17464433
1617735667,1451,226,347,0,2527,17504436
1617735721,1451,226,347,0,2527,17545412
1617735776,1452,226,347,0,2527,17586510
1617735831,1452,226,347,0,2527,17627786
1617735882,1452,226,347,0,2527,17669093
1617735933,1452,226,347,0,2527,17710403
1617735983,1452,226,347,0,2527,17751681
1617736086,1459,226,351,0,2527,17793665
1617736174,1459,226,351,0,2527,17817827
1617736254,1459,226,351,0,2527,17843693
1617736346,1462,226,351,0,2527,17873130
1617736427,1462,226,351,0,2527,17907936
1617736499,1462,226,351,0,2527,17946463
1617736569,1462,226,351,0,2527,17986133
1617736631,1462,226,351,0,2527,18026662
1617736690,1462,226,351,0,2527,18068009
1617736743,1462,226,351,0,2527,18109721
1617736793,1462,226,351,0,2527,18151495
1617736842,1462,226,351,0,2527,18193313
1617736893,1462,226,351,0,2527,18235133
1617736946,1462,226,351,0,2527,18276431
1617737053,1464,226,351,0,2527,18318927
1617737137,1464,226,351,0,2527,18342555
1617737210,1464,226,351,0,2527,18367704
1617737288,1464,226,351,0,2527,18395924
1617737364,1464,226,351,0,2527,18429269
1617737431,1464,226,351,0,2527,18466533
1617737496,1464,226,351,0,2527,18505503
1617737553,1464,226,351,0,2527,18545720
1617737608,1464,226,351,0,2527,18586554
1617737657,1464,226,351,0,2527,18627640
1617737708,1464,226,351,0,2527,18668923
1617737760,1464,226,351,0,2527,18710232
1617737810,1464,226,351,0,2527,18751542
1617737859,1464,226,351,0,2527,18792843
1617737961,1467,227,351,0,2530,18834827
1617738064,1467,227,351,0,2530,18876811
1617738155,1467,227,351,0,2530,18902368
1617738228,1467,227,351,0,2530,18927548
1617738317,1467,227,351,0,2530,18958080
1617738410,1467,227,351,0,2530,18993970
1617738490,1467,227,351,0,2530,19032985
1617738559,1467,227,351,0,2530,19072759
1617738619,1467,227,351,0,2530,19114086
1617738682,1469,227,351,0,2530,19155954
1617738737,1469,227,351,0,2530,19198078
1617738788,1469,227,351,0,2530,19240385
1617738847,1469,227,351,0,2530,19282710
1617738900,1469,227,351,0,2530,19325040
1617738954,1471,227,351,0,2530,19366845
1617739061,1474,227,351,0,2530,19409853
1617739141,1479,227,356,0,2530,19435363
1617739211,1479,227,356,0,2530,19460792
1617739300,1480,227,357,0,2530,19490688
1617739389,1480,227,357,0,2530,19526069
1617739475,1480,227,357,0,2530,19563324
1617739543,1480,227,357,0,2530,19602573
1617739603,1480,227,357,0,2530,19643103
1617739662,1480,227,357,0,2530,19684381
1617739715,1480,227,357,0,2530,19725881
1617739766,1480,227,357,0,2530,19767637
1617739816,1480,227,357,0,2530,19809453
1617739866,1484,227,357,0,2530,19851273
1617739917,1484,227,357,0,2530,19892568
1617740020,1487,228,358,0,2537,19935064
1617740123,1490,228,359,0,2537,19977560
1617740218,1490,228,359,0,2537,20003158
1617740293,1490,228,359,0,2537,20029668
1617740388,1490,228,359,0,2537,20059903
1617740483,1490,228,359,0,2537,20094222
1617740562,1490,228,359,0,2537,20131416
1617740633,1491,229,359,0,2539,20170296
1617740696,1492,229,360,0,2539,20210799
1617740755,1492,229,360,0,2539,20251942
1617740811,1492,229,360,0,2539,20293544
1617740862,1492,229,360,0,2539,20335319
1617740912,1492,229,360,0,2539,20377135
1617740963,1492,229,360,0,2539,20418955
1617741014,1492,229,360,0,2539,20460731
1617741124,1496,229,360,0,2539,20503227
1617741228,1497,229,361,0,2539,20527928
1617741300,1498,229,362,0,2539,20552186
1617741380,1499,229,363,0,2539,20581217
1617741459,1501,229,365,0,2539,20613341
1617741528,1501,229,365,0,2539,20648589
1617741592,1501,229,365,0,2539,20685436
1617741655,1501,229,365,0,2539,20724076
1617741709,1501,229,365,0,2539,20763312
1617741769,1501,229,365,0,2539,20802861
1617741818,1501,229,365,0,2539,20842621
1617741866,1501,229,365,0,2539,20882400
1617741914,1501,229,365,0,2539,20922180
1617741964,1501,229,365,0,2539,20961955
1617742071,1509,229,367,0,2539,21002403
1617742159,1510,229,367,0,2539,21025509
1617742227,1511,229,368,0,2539,21048472
1617742310,1512,229,369,0,2539,21076746
1617742399,1512,229,369,0,2539,21107972
1617742487,1512,229,369,0,2539,21143176
1617742567,1512,229,369,0,2539,21180639
1617742629,1512,229,369,0,2539,21219400
1617742692,1512,229,369,0,2539,21258542
1617742750,1512,229,369,0,2539,21298103
1617742808,1512,229,369,0,2539,21337846
1617742859,1512,229,369,0,2539,21377619
1617742910,1512,229,369,0,2539,21417399
1617742958,1512,229,369,0,2539,21456613
1617743065,1517,230,370,0,2546,21497061
1617743168,1518,230,370,0,2546,21537509
1617743266,1519,230,371,0,2546,21560257
1617743336,1519,230,371,0,2546,21583586
1617743420,1519,230,371,0,2546,21611095
1617743502,1519,230,371,0,2546,21642760
1617743578,1522,230,371,0,2546,21676514
1617743645,1522,230,371,0,2546,21713210
1617743709,1522,230,371,0,2546,21750596
1617743768,1522,230,371,0,2546,21788850
1617743824,1522,230,371,0,2546,21827456
1617743878,1522,230,371,0,2546,21866143
1617743933,1522,230,371,0,2546,21904899
1617743983,1522,230,371,0,2546,21943659
1617744029,1522,230,371,0,2546,21982390
1617744133,1526,230,371,0,2546,22021814
1617744223,1528,230,371,0,2546,22045070
1617744299,1528,230,371,0,2546,22069304
1617744373,1528,230,371,0,2546,22096597
1617744460,1528,230,371,0,2546,22128534
1617744531,1528,230,371,0,2546,22163072
1617744602,1528,230,371,0,2546,22200571
1617744662,1528,230,371,0,2546,22238924
1617744723,1528,230,371,0,2546,22278120
1617744784,1528,230,371,0,2546,22317752
1617744836,1528,230,371,0,2546,22357469
1617744890,1528,230,371,0,2546,22397244
1617744943,1528,230,371,0,2546,22437024
1617744991,1528,230,371,0,2546,22476769
1617745098,1533,230,373,0,2546,22517217
1617745190,1533,230,373,0,2546,22541259
1617745262,1533,230,373,0,2546,22565170
1617745347,1533,230,373,0,2546,22592594
1617745431,1533,230,373,0,2546,22624702
1617745509,1533,230,373,0,2546,22659787
1617745585,1533,230,373,0,2546,22697319
1617745648,1533,230,373,0,2546,22735796
1617745704,1533,230,373,0,2546,22774896
1617745769,1533,230,373,0,2546,22814438
1617745821,1533,230,373,0,2546,22854125
1617745877,1533,230,373,0,2546,22893903
1617745933,1533,230,373,0,2546,22933683
1617745981,1533,230,373,0,2546,22972927
1617746085,1537,230,373,0,2546,23013375
1617746178,1537,230,373,0,2546,23037301
1617746247,1537,230,373,0,2546,23060361
1617746339,1537,230,373,0,2546,23088806
1617746422,1537,230,373,0,2546,23121334
1617746499,1537,230,373,0,2546,23156248
1617746576,1537,230,373,0,2546,23194519
1617746637,1537,230,373,0,2546,23233429
1617746701,1537,230,373,0,2546,23273178
1617746758,1537,230,373,0,2546,23313280
1617746811,1537,230,373,0,2546,23353466
1617746865,1537,230,373,0,2546,23393745
1617746921,1537,230,373,0,2546,23434035
1617746969,1537,230,373,0,2546,23474302
1617747076,1542,230,373,0,2546,23515262
1617747175,1542,230,373,0,2546,23539022
1617747259,1542,230,373,0,2546,23564181
1617747334,1542,230,373,0,2546,23590489
1617747415,1542,230,373,0,2546,23622189
1617747492,1542,230,373,0,2546,23656861
1617747561,1542,230,373,0,2546,23694370
1617747625,1543,230,373,0,2546,23733502
1617747683,1543,230,373,0,2546,23773132
1617747737,1543,230,373,0,2546,23813278
1617747789,1543,230,373,0,2546,23853518
1617747843,1543,230,373,0,2546,23893787
1617747896,1543,230,373,0,2546,23934077
1617747945,1543,230,373,0,2546,23974330
1617748054,1545,230,373,0,2546,24015290
1617748152,1545,230,373,0,2546,24039399
1617748226,1545,230,373,0,2546,24061918
1617748304,1545,230,373,0,2546,24089386
1617748382,1545,230,373,0,2546,24120121
1617748463,1545,230,373,0,2546,24153658
1617748535,1545,230,373,0,2546,24189794
1617748599,1545,230,373,0,2546,24227352
1617748661,1545,230,373,0,2546,24265557
1617748711,1545,230,373,0,2546,24304173
1617748764,1545,230,373,0,2546,24342868
1617748812,1545,230,373,0,2546,24381620
1617748864,1545,230,373,0,2546,24420380
1617748909,1545,230,373,0,2546,24459119
1617749017,1550,231,373,0,2580,24498543
1617749122,1554,231,374,0,2580,24537967
1617749212,1554,231,374,0,2580,24561100
1617749289,1556,231,376,0,2580,24584401
1617749375,1557,231,377,0,2580,24612235
1617749452,1557,231,377,0,2580,24642739
1617749528,1565,232,378,0,2584,24677027
1617749596,1565,232,378,0,2584,24713733
1617749655,1565,232,378,0,2584,24752391
1617749709,1565,232,378,0,2584,24791461
1617749764,1565,232,378,0,2584,24831001
1617749815,1565,232,378,0,2584,24870755
1617749866,1565,232,378,0,2584,24910532
1617749917,1565,232,378,0,2584,24950312
1617749964,1565,232,378,0,2584,24989509
1617750069,1582,234,378,0,2589,25029957
1617750175,1589,234,378,0,2589,25070405
1617750279,1593,234,379,0,2589,25110853
1617750380,1595,234,379,0,2589,25136147
1617750462,1596,234,380,0,2589,25161591
1617750545,1596,234,380,0,2589,25190712
1617750628,1600,234,381,0,2589,25224245
1617750710,1601,234,381,0,2589,25260978
1617750785,1601,234,381,0,2589,25300207
1617750849,1601,234,381,0,2589,25340870
1617750906,1601,234,381,0,2589,25382174
1617750964,1601,234,381,0,2589,25423827
1617751023,1601,234,381,0,2589,25465606
1617751077,1601,234,381,0,2589,25507426
1617751132,1601,234,381,0,2589,25549246
1617751180,1601,234,381,0,2589,25590509
1617751286,1610,234,381,0,2589,25633005
1617751387,1610,234,381,0,2589,25658227
1617751466,1611,234,381,0,2589,25683835
1617751555,1611,234,381,0,2589,25714180
1617751635,1611,234,381,0,2589,25747583
1617751712,1611,234,381,0,2589,25785209
1617751794,1612,234,382,0,2589,25825205
1617751862,1612,234,382,0,2589,25866833
1617751922,1612,234,382,0,2589,25909287
1617751981,1612,234,382,0,2589,25951879
1617752042,1612,234,382,0,2589,25994687
1617752097,1613,234,382,0,2589,26037526
1617752154,1613,234,382,0,2589,26080366
1617752203,1613,234,382,0,2589,26122682
1617752312,1626,235,383,0,2599,26166202
1617752419,1633,235,383,0,2599,26209722
1617752516,1633,235,383,0,2599,26234037
1617752601,1633,235,383,0,2599,26258474
1617752687,1633,235,383,0,2599,26288957
1617752771,1645,235,383,0,2599,26323593
1617752856,1645,235,383,0,2599,26361146
1617752928,1645,235,383,0,2599,26400820
1617752990,1648,235,383,0,2599,26441641
1617753051,1648,235,383,0,2599,26483401
1617753113,1648,235,383,0,2599,26525504
1617753172,1648,235,383,0,2599,26567734
1617753229,1648,235,383,0,2599,26610054
1617753284,1648,235,383,0,2599,26652384
1617753333,1648,235,383,0,2599,26694176
1617753441,1659,236,383,0,2601,26737184
1617753544,1663,236,385,0,2601,26780192
1617753640,1663,236,385,0,2601,26804357
1617753724,1663,236,385,0,2601,26829973
1617753813,1664,236,386,0,2601,26860983
1617753894,1665,236,386,0,2601,26894729
1617753970,1666,236,386,0,2601,26931417
1617754046,1666,236,386,0,2601,26970746
1617754107,1666,236,386,0,2601,27011447
1617754170,1666,236,386,0,2601,27052766
1617754227,1666,236,386,0,2601,27094344
1617754285,1666,236,386,0,2601,27136099
1617754340,1666,236,386,0,2601,27177918
1617754398,1666,236,386,0,2601,27219738
1617754447,1666,236,386,0,2601,27261538
1617754551,1671,236,387,0,2601,27304034
1617754646,1671,236,387,0,2601,27328144
1617754725,1671,236,387,0,2601,27352784
1617754812,1671,236,387,0,2601,27383866
1617754898,1671,236,387,0,2601,27416684
1617754984,1671,236,387,0,2601,27453178
1617755054,1671,236,387,0,2601,27491796
1617755127,1671,236,387,0,2601,27532114
1617755189,1671,236,387,0,2601,27573018
1617755249,1671,236,387,0,2601,27614144
1617755303,1671,236,387,0,2601,27655418
1617755358,1671,236,387,0,2601,27696728
1617755409,1671,236,387,0,2601,27738038
1617755456,1671,236,387,0,2601,27778816
1617755560,1674,236,387,0,2601,27820800
1617755658,1675,236,388,0,2601,27845656
1617755739,1675,236,388,0,2601,27869692
1617755819,1675,236,388,0,2601,27899193
1617755898,1676,236,389,0,2601,27932344
1617755976,1676,236,389,0,2601,27968332
1617756051,1676,236,389,0,2601,28007481
1617756114,1676,236,389,0,2601,28047495
1617756180,1676,236,389,0,2601,28088314
1617756238,1676,236,389,0,2601,28129502
1617756293,1676,236,389,0,2601,28170745
1617756347,1676,236,389,0,2601,28212054
1617756399,1676,236,389,0,2601,28253364
1617756450,1676,236,389,0,2601,28294635
1617756556,1679,236,389,0,2601,28336619
1617756652,1679,236,389,0,2601,28360869
1617756730,1680,236,390,0,2601,28384758
1617756809,1680,236,390,0,2601,28413845
1617756889,1680,236,390,0,2601,28446810
1617756968,1680,236,390,0,2601,28482716
1617757033,1680,236,390,0,2601,28520320
1617757103,1680,236,390,0,2601,28559831
1617757165,1680,236,390,0,2601,28600043
1617757222,1680,236,390,0,2601,28640678
1617757275,1680,236,390,0,2601,28681449
1617757330,1680,236,390,0,2601,28722239
1617757383,1680,236,390,0,2601,28763039
1617757432,1680,236,390,0,2601,28803835
1617757536,1683,236,390,0,2601,28845307
1617757632,1683,236,390,0,2601,28869904
1617757717,1683,236,390,0,2601,28895423
1617757809,1683,236,390,0,2601,28926411
1617757888,1683,236,390,0,2601,28959985
1617757974,1683,236,390,0,2601,28997415
1617758052,1683,236,390,0,2601,29036337
1617758117,1683,236,390,0,2601,29076604
1617758178,1683,236,390,0,2601,29117942
1617758239,1683,236,390,0,2601,29159605
1617758292,1683,236,390,0,2601,29201403
1617758344,1683,236,390,0,2601,29243222
1617758397,1683,236,390,0,2601,29285042
1617758445,1683,236,390,0,2601,29326816
1617758554,1686,236,390,0,2601,29369312
1617758650,1686,236,390,0,2601,29393092
1617758735,1686,236,390,0,2601,29417356
1617758819,1686,236,390,0,2601,29445881
1617758902,1686,236,390,0,2601,29478535
1617758977,1686,236,390,0,2601,29514340
1617759050,1686,236,390,0,2601,29552599
1617759120,1686,236,390,0,2601,29591915
1617759176,1686,236,390,0,2601,29632140
1617759233,1686,236,390,0,2601,29672755
1617759288,1686,236,390,0,2601,29713519
1617759341,1687,236,390,0,2601,29754310
1617759393,1687,236,390,0,2601,29795110
1617759442,1687,236,390,0,2601,29835859
1617759541,1688,236,390,0,2601,29877331
1617759637,1688,236,390,0,2601,29902065
1617759718,1688,236,390,0,2601,29926584
1617759798,1688,236,390,0,2601,29955729
1617759877,1688,236,390,0,2601,29988034
1617759954,1688,236,390,0,2601,30023617
1617760028,1688,236,390,0,2601,30061011
1617760093,1688,236,390,0,2601,30099910
1617760158,1688,236,390,0,2601,30139499
1617760212,1688,236,390,0,2601,30179658
1617760265,1688,236,390,0,2601,30219926
1617760319,1688,236,390,0,2601,30260214
1617760373,1688,236,390,0,2601,30300504
1617760420,1688,236,390,0,2601,30340243
1617760521,1688,236,390,0,2601,30381203
1617760613,1688,236,390,0,2601,30404975
1617760694,1689,236,391,0,2601,30429274
1617760776,1689,236,391,0,2601,30457343
1617760853,1689,236,391,0,2601,30489906
1617760923,1689,236,391,0,2601,30526349
1617760994,1689,236,391,0,2601,30564378
1617761058,1689,236,391,0,2601,30603803
1617761115,1689,236,391,0,2601,30644064
1617761175,1689,236,391,0,2601,30684649
1617761228,1689,236,391,0,2601,30725405
1617761281,1689,236,391,0,2601,30766198
1617761335,1689,236,391,0,2601,30806998
1617761382,1689,236,391,0,2601,30847237
1617761484,1689,236,391,0,2601,30888709
1617761581,1689,236,391,0,2601,30913309
1617761659,1689,236,391,0,2601,30937285
1617761742,1689,236,391,0,2601,30967350
1617761828,1689,236,391,0,2601,31000762
1617761903,1690,236,392,0,2601,31036198
1617761975,1690,236,392,0,2601,31074076
1617762045,1690,236,392,0,2601,31113739
1617762106,1690,236,392,0,2601,31153896
1617762164,1690,236,392,0,2601,31194467
1617762218,1690,236,392,0,2601,31235211
1617762271,1690,236,392,0,2601,31276006
1617762324,1690,236,392,0,2601,31316806
1617762372,1690,236,392,0,2601,31357587
1617762476,1692,236,392,0,2601,31399059
1617762570,1692,236,392,0,2601,31422998
1617762652,1692,236,392,0,2601,31447920
1617762738,1692,236,392,0,2601,31477109
1617762823,1692,236,392,0,2601,31511444
1617762898,1692,236,392,0,2601,31547656
1617762970,1693,236,393,0,2601,31586502
1617763043,1693,236,393,0,2601,31626558
1617763106,1693,236,393,0,2601,31667349
1617763157,1693,236,393,0,2601,31708401
1617763213,1693,236,393,0,2601,31749666
1617763269,1693,236,393,0,2601,31790974
1617763322,1693,236,393,0,2601,31832284
1617763371,1693,236,393,0,2601,31873571
1617763474,1694,236,393,0,2601,31915555
1617763566,1694,236,393,0,2601,31938343
1617763647,1694,236,393,0,2601,31961818
1617763728,1695,236,393,0,2601,31990876
1617763817,1695,236,393,0,2601,32023917
1617763900,1695,236,393,0,2601,32059872
1617763974,1695,236,393,0,2601,32097365
1617764036,1696,236,393,0,2601,32136472
1617764102,1696,236,393,0,2601,32176117
1617764153,1696,236,393,0,2601,32216197
1617764206,1696,236,393,0,2601,32256427
1617764261,1696,236,393,0,2601,32296716
1617764313,1696,236,393,0,2601,32337006
1617764360,1696,236,393,0,2601,32376694
1617764459,1696,236,393,0,2601,32417654
1617764562,1696,236,393,0,2601,32442067
1617764648,1696,236,394,0,2601,32466712
1617764732,1696,236,394,0,2601,32496841
1617764820,1696,236,394,0,2601,32531605
1617764906,1696,236,394,0,2601,32567900
1617764984,1696,236,394,0,2601,32606754
1617765056,1696,236,394,0,2601,32646712
1617765113,1696,236,394,0,2601,32687439
1617765170,1696,236,394,0,2601,32728590
1617765224,1696,236,394,0,2601,32769846
1617765280,1696,236,394,0,2601,32811155
1617765334,1696,236,394,0,2601,32852465
1617765382,1696,236,394,0,2601,32893709
1617765487,1701,236,396,0,2601,32935693
1617765590,1701,236,396,0,2601,32961087
1617765667,1701,236,396,0,2601,32986315
1617765753,1702,236,397,0,2601,33016347
1617765837,1702,236,397,0,2601,33049956
1617765912,1702,236,397,0,2601,33086137
1617765989,1702,236,397,0,2601,33124619
1617766057,1702,236,397,0,2601,33164727
1617766115,1702,236,397,0,2601,33205482
1617766170,1702,236,397,0,2601,33246512
1617766230,1702,236,397,0,2601,33287808
1617766290,1702,236,397,0,2601,33329118
1617766343,1702,236,397,0,2601,33370428
1617766392,1702,236,397,0,2601,33411726
1617766496,1704,236,397,0,2601,33453710
1617766590,1704,236,397,0,2601,33477857
1617766671,1704,236,397,0,2601,33502032
1617766758,1704,236,397,0,2601,33531588
1617766844,1704,236,397,0,2601,33565365
1617766922,1704,236,397,0,2601,33601340
1617767000,1704,236,398,0,2601,33639369
1617767065,1704,236,398,0,2601,33678886
1617767124,1704,236,398,0,2601,33718921
1617767176,1704,236,398,0,2601,33759513
1617767233,1704,236,398,0,2601,33800265
1617767290,1704,236,398,0,2601,33841062
1617767344,1704,236,398,0,2601,33881862
1617767391,1704,236,398,0,2601,33922051
1617767492,1705,236,399,0,2601,33963523
1617767592,1705,236,399,0,2601,33987668
1617767674,1705,236,399,0,2601,34012139
1617767759,1705,236,399,0,2601,34041542
1617767845,1705,236,399,0,2601,34074279
1617767924,1705,236,399,0,2601,34110537
1617768007,1705,236,399,0,2601,34148408
1617768065,1705,236,399,0,2601,34187678
1617768124,1705,236,399,0,2601,34227785
1617768182,1705,236,399,0,2601,34268314
1617768237,1705,236,399,0,2601,34309055
1617768294,1705,236,399,0,2601,34349854
1617768345,1705,236,399,0,2601,34390654
1617768393,1705,236,399,0,2601,34430925
1617768497,1706,236,399,0,2601,34472397
1617768595,1706,236,399,0,2601,34496461
1617768677,1706,236,399,0,2601,34521128
1617768755,1706,236,399,0,2601,34550516
1617768834,1706,236,399,0,2601,34583754
1617768908,1706,236,399,0,2601,34619806
1617768979,1706,236,399,0,2601,34658487
1617769047,1706,236,399,0,2601,34698248
1617769112,1706,236,399,0,2601,34738955
1617769168,1706,236,399,0,2601,34780031
1617769223,1706,236,399,0,2601,34821307
1617769281,1706,236,399,0,2601,34862615
1617769333,1706,236,399,0,2601,34903925
1617769383,1706,236,399,0,2601,34944703
1617769487,1707,236,400,0,2601,34986687
1617769589,1708,237,401,0,2602,35011305
1617769670,1709,237,402,0,2602,35036385
1617769755,1709,237,402,0,2602,35065459
1617769836,1709,237,402,0,2602,35099783
1617769915,1709,237,402,0,2602,35137223
1617769993,1710,237,403,0,2602,35176043
1617770062,1710,237,403,0,2602,35216460
1617770126,1710,237,403,0,2602,35257544
1617770183,1710,237,403,0,2602,35299135
1617770240,1710,237,403,0,2602,35340922
1617770297,1710,237,403,0,2602,35382740
1617770347,1710,237,403,0,2602,35424560
1617770396,1710,237,403,0,2602,35465828
1617770499,1710,237,404,0,2602,35508324
1617770598,1710,237,404,0,2602,35533013
1617770676,1710,237,404,0,2602,35556792
1617770757,1710,237,404,0,2602,35586622
1617770832,1710,237,404,0,2602,35620742
1617770911,1710,237,404,0,2602,35656288
1617770981,1710,237,404,0,2602,35694173
1617771045,1710,237,404,0,2602,35733133
1617771112,1710,237,404,0,2602,35772768
1617771168,1710,237,404,0,2602,35812861
1617771234,1710,237,404,0,2602,35853110
1617771286,1710,237,404,0,2602,35893397
1617771337,1710,237,404,0,2602,35933687
1617771387,1710,237,404,0,2602,35973977
1617771499,1711,238,404,0,2607,36014937
1617771612,1713,238,405,0,2607,36055897
1617771729,1713,238,405,0,2607,36080246
1617771827,1715,238,407,0,2607,36104803
1617771925,1715,238,407,0,2607,36134191
1617772012,1715,238,407,0,2607,36167379
1617772107,1721,238,407,0,2607,36203365
1617772190,1721,238,407,0,2607,36240799
1617772273,1721,238,407,0,2607,36279836
1617772354,1721,238,407,0,2607,36319503
1617772436,1721,238,407,0,2607,36359585
1617772514,1721,238,407,0,2607,36399836
1617772587,1721,238,407,0,2607,36440126
1617772661,1721,238,407,0,2607,36480416
1617772726,1721,238,407,0,2607,36520637
1617772870,1722,238,408,0,2607,36561597
1617772994,1722,238,408,0,2607,36584677
1617773090,1722,238,408,0,2607,36608162
1617773197,1722,238,408,0,2607,36637206
1617773305,1722,238,408,0,2607,36669346
1617773415,1725,238,411,0,2607,36704372
1617773523,1727,238,413,0,2607,36741813
1617773611,1727,238,413,0,2607,36780206
1617773693,1727,238,413,0,2607,36819392
1617773775,1727,238,413,0,2607,36858934
1617773859,1727,238,413,0,2607,36898685
1617773933,1727,238,413,0,2607,36938463
1617774003,1727,238,413,0,2607,36978243
1617774068,1727,238,413,0,2607,37018013
1617774203,1732,238,416,0,2607,37058461
1617774317,1732,238,416,0,2607,37081061
1617774418,1732,238,416,0,2607,37105210
1617774520,1732,238,416,0,2607,37132757
1617774623,1732,238,416,0,2607,37164479
1617774732,1732,238,416,0,2607,37199286
1617774832,1732,238,416,0,2607,37235738
1617774921,1732,238,416,0,2607,37273746
1617775000,1732,238,416,0,2607,37312445
1617775078,1732,238,416,0,2607,37351567
1617775147,1732,238,416,0,2607,37390792
1617775220,1732,238,416,0,2607,37430062
1617775293,1732,238,416,0,2607,37469332
1617775357,1732,238,416,0,2607,37508085
1617775487,1734,238,417,0,2607,37548021
1617775602,1734,238,417,0,2607,37571240
1617775698,1734,238,417,0,2607,37594968
1617775814,1734,238,417,0,2607,37623290
1617775920,1734,238,417,0,2607,37655996
1617776019,1734,238,417,0,2607,37691424
1617776115,1734,238,417,0,2607,37729130
1617776205,1734,238,417,0,2607,37768394
1617776286,1734,238,417,0,2607,37808146
1617776363,1734,238,417,0,2607,37848252
1617776438,1734,238,417,0,2607,37888515
1617776509,1734,238,417,0,2607,37928795
1617776593,1734,238,417,0,2607,37969085
1617776660,1734,238,417,0,2607,38009321
1617776798,1734,238,417,0,2607,38050281
1617776920,1735,238,418,0,2607,38074270
1617777016,1735,238,418,0,2607,38097396
1617777121,1735,238,418,0,2607,38126027
1617777227,1735,238,418,0,2607,38158971
1617777340,1735,238,418,0,2607,38194867
1617777448,1737,238,420,0,2607,38232571
1617777546,1737,238,420,0,2607,38271624
1617777630,1737,238,420,0,2607,38311218
1617777705,1737,238,420,0,2607,38351361
1617777776,1737,238,420,0,2607,38391600
1617777851,1737,238,420,0,2607,38431888
1617777926,1737,238,420,0,2607,38472178
1617777991,1737,238,420,0,2607,38511944
1617778127,1738,238,421,0,2607,38552904
1617778248,1738,238,421,0,2607,38576504
1617778356,1738,238,421,0,2607,38601267
1617778465,1738,238,421,0,2607,38629770
1617778571,1738,238,421,0,2607,38663122
1617778683,1738,238,421,0,2607,38698120
1617778786,1738,238,421,0,2607,38734786
1617778881,1738,238,421,0,2607,38773237
1617778964,1738,238,421,0,2607,38812417
1617779039,1738,238,421,0,2607,38852014
1617779110,1738,238,421,0,2607,38891732
1617779179,1738,238,421,0,2607,38931512
1617779262,1738,238,421,0,2607,38971292
1617779326,1738,238,421,0,2607,39010505
1617779460,1739,238,421,0,2607,39050953
1617779576,1739,238,421,0,2607,39074173
1617779674,1739,238,421,0,2607,39097065
1617779787,1739,238,421,0,2607,39125419
1617779886,1739,238,421,0,2607,39157547
1617779985,1739,238,421,0,2607,39192707
1617780079,1739,238,421,0,2607,39230111
1617780162,1739,238,421,0,2607,39268456
1617780240,1739,238,421,0,2607,39307628
1617780317,1739,238,421,0,2607,39347222
1617780393,1739,238,421,0,2607,39386984
1617780466,1739,238,421,0,2607,39426764
1617780537,1739,238,421,0,2607,39466544
1617780601,1739,238,421,0,2607,39506257
1617780741,1740,238,422,0,2607,39546705
1617780860,1740,238,422,0,2607,39570164
1617780969,1740,238,422,0,2607,39594779
1617781075,1740,238,422,0,2607,39622418
1617781179,1741,238,423,0,2607,39655502
1617781277,1741,238,423,0,2607,39691013
1617781377,1741,238,423,0,2607,39728953
1617781472,1741,238,423,0,2607,39768591
1617781558,1741,238,423,0,2607,39808750
1617781636,1741,238,423,0,2607,39849420
1617781710,1741,238,423,0,2607,39890204
1617781784,1741,238,423,0,2607,39930997
1617781857,1741,238,423,0,2607,39971797
1617781927,1741,238,423,0,2607,40012536
1617782066,1745,238,423,0,2607,40054008
1617782183,1745,238,423,0,2607,40076957
1617782290,1745,238,424,0,2607,40101152
1617782393,1745,238,424,0,2607,40129169
1617782503,1745,238,424,0,2607,40161707
1617782619,1745,238,424,0,2607,40196909
1617782722,1745,238,424,0,2607,40234660
1617782809,1745,238,424,0,2607,40273510
1617782897,1746,238,424,0,2607,40313163
1617782972,1746,238,424,0,2607,40353169
1617783043,1746,238,424,0,2607,40393445
1617783115,1746,238,424,0,2607,40433730
1617783190,1746,238,424,0,2607,40474020
1617783255,1746,238,424,0,2607,40514294
1617783390,1751,238,424,0,2607,40555254
1617783513,1751,238,424,0,2607,40579031
1617783619,1751,238,424,0,2607,40603032
1617783743,1752,238,424,0,2607,40631784
1617783854,1752,238,424,0,2607,40664020
1617783961,1753,238,425,0,2607,40698567
1617784070,1753,238,425,0,2607,40735328
1617784163,1753,238,425,0,2607,40773941
1617784245,1754,238,425,0,2607,40813096
1617784321,1754,238,425,0,2607,40852692
1617784400,1754,238,425,0,2607,40892427
1617784470,1754,238,425,0,2607,40932205
1617784543,1754,238,425,0,2607,40971985
1617784609,1754,238,425,0,2607,41011152
1617784743,1755,238,425,0,2607,41051600
1617784864,1755,238,425,0,2607,41075685
1617784964,1755,238,425,0,2607,41098491
1617785071,1755,238,425,0,2607,41125833
1617785175,1755,238,425,0,2607,41157213
1617785290,1755,238,425,0,2607,41191308
1617785388,1755,238,425,0,2607,41227893
1617785482,1755,238,425,0,2607,41265675
1617785568,1755,238,425,0,2607,41304406
1617785645,1755,238,425,0,2607,41343450
1617785716,1755,238,425,0,2607,41382671
1617785785,1755,238,425,0,2607,41421938
1617785856,1755,238,425,0,2607,41461208
1617785920,1755,238,425,0,2607,41500452
1617786050,1757,238,426,0,2607,41540388
1617786166,1757,238,426,0,2607,41563594
1617786262,1757,238,426,0,2607,41587456
1617786376,1757,238,426,0,2607,41615459
1617786485,1757,238,426,0,2607,41647389
1617786593,1757,238,426,0,2607,41682107
1617786694,1757,238,426,0,2607,41718981
1617786782,1757,238,426,0,2607,41757737
1617786867,1757,238,426,0,2607,41797002
1617786942,1757,238,426,0,2607,41836590
1617787017,1757,238,426,0,2607,41876292
1617787092,1757,238,426,0,2607,41916069
1617787166,1757,238,426,0,2607,41955849
1617787231,1757,238,426,0,2607,41995547
1617787363,1758,238,427,0,2607,42035995
1617787481,1758,238,427,0,2607,42059258
1617787577,1758,238,427,0,2607,42083452
1617787688,1758,238,427,0,2607,42111109
1617787800,1758,238,427,0,2607,42143055
1617787907,1758,238,427,0,2607,42177231
1617788000,1758,238,427,0,2607,42213049
1617788094,1758,238,427,0,2607,42251238
1617788176,1758,238,427,0,2607,42289947
1617788255,1758,238,427,0,2607,42329022
1617788325,1758,238,427,0,2607,42368265
1617788397,1758,238,427,0,2607,42407533
1617788465,1758,238,427,0,2607,42446803
1617788529,1758,238,427,0,2607,42485521
1617788665,1760,238,427,0,2607,42525457
1617788785,1760,238,427,0,2607,42549596
1617788893,1760,238,427,0,2607,42573920
1617789019,1760,238,427,0,2607,42603152
1617789134,1760,238,427,0,2607,42636082
1617789248,1760,238,427,0,2607,42671510
1617789349,1760,238,427,0,2607,42708195
1617789441,1760,238,427,0,2607,42746678
1617789535,1761,238,427,0,2607,42785793
1617789614,1761,238,427,0,2607,42825334
1617789688,1761,238,427,0,2607,42865066
1617789768,1761,238,427,0,2607,42904843
1617789842,1761,238,427,0,2607,42944623
1617789907,1761,238,427,0,2607,42983862
1617790038,1763,238,427,0,2607,43024310
1617790151,1763,238,427,0,2607,43047616
1617790256,1763,238,427,0,2607,43070564
1617790369,1763,238,427,0,2607,43098444
1617790496,1763,238,427,0,2607,43130396
1617790610,1763,238,427,0,2607,43165242
1617790712,1763,238,427,0,2607,43201386
1617790803,1763,238,427,0,2607,43239400
1617790884,1763,238,427,0,2607,43278056
