1627643691,9,4,0,0,1061,42
1627643711,9,4,0,0,1061,3834
1627643719,16,10,0,0,1446,7545
1627643727,20,13,0,0,1459,11801
1627643737,37,16,0,0,1463,16961
1627643748,56,24,0,0,1521,22786
1627643759,83,33,0,0,1555,28654
1627643772,111,40,0,0,1571,34670
1627643784,149,59,0,0,1662,40761
1627643796,157,64,0,0,1670,46877
1627643809,162,66,0,0,1674,52997
1627643822,184,78,0,1,1727,59117
1627643833,185,79,0,1,1729,63707
1627643840,189,80,0,1,1731,66257
1627643843,189,80,0,1,1731,67277
1627643855,267,120,0,2,2022,73421
1627643867,292,125,0,2,2042,79565
1627643879,303,126,0,2,2043,85709
1627643892,317,129,0,2,2047,91853
1627643904,330,135,0,2,2083,97997
1627643916,349,138,0,2,2099,104141
1627644004,359,142,0,2,2177,133757
1627644062,360,143,0,2,2204,161913
1627644136,372,146,0,2,2280,198690
1627644217,379,148,0,2,2289,238601
1627644303,388,153,0,2,2314,281015
1627644391,405,159,0,2,2331,323827
1627644477,427,169,0,2,2433,366667
1627644563,444,174,0,2,2454,409507
1627644649,459,183,0,2,2504,452347
1627644737,464,184,0,2,2506,495187
1627644833,473,186,0,2,2525,538027
1627644901,474,187,0,2,2526,567607
1627644943,474,187,0,2,2526,583927
1627644959,474,187,0,2,2526,590557
1627645048,511,193,1,2,2576,635101
1627645137,524,196,1,2,2587,679645
1627645226,537,197,2,2,2594,724189
1627645315,540,197,2,2,2594,768733
1627645412,547,198,2,2,2596,802874
1627645481,550,198,2,2,2596,835621
1627645567,559,200,2,2,2605,877215
1627645663,567,202,2,2,2614,924166
1627645763,583,207,2,2,2621,973503
1627645867,597,214,2,2,2693,1024802
1627645978,609,222,2,2,2756,1079358
1627646090,628,231,2,2,2776,1133928
1627646201,642,239,2,2,2835,1188498
1627646316,648,240,2,2,2837,1242048
1627646438,655,243,2,2,2842,1294068
1627646510,656,243,2,2,2842,1325688
1627646551,658,243,2,2,2842,1343028
1627646565,659,244,2,2,2843,1350168
1627646679,713,261,2,2,2951,1406488
1627646793,733,266,2,2,2966,1462808
1627646907,747,271,2,2,2989,1519128
1627647021,761,273,2,2,2994,1575448
1627647135,768,274,2,2,2995,1631768
1627647248,771,276,2,2,3004,1672768
1627647334,776,279,2,2,3010,1713661
1627647432,801,287,2,2,3074,1760264
1627647544,824,293,3,2,3088,1813937
1627647663,831,295,3,2,3092,1871845
1627647790,832,295,3,2,3092,1932530
1627647917,839,298,3,2,3099,1993705
1627648044,842,298,3,2,3099,2054301
1627648174,852,303,3,2,3157,2114481
1627648298,863,304,3,2,3160,2173131
1627648424,866,304,3,2,3160,2231781
1627648498,873,306,3,2,3162,2266461
1627648538,876,307,3,2,3177,2284821
1627648553,876,307,3,2,3177,2291961
1627648682,894,315,3,2,3359,2354937
1627648809,913,322,3,2,3400,2417913
1627648937,928,324,3,2,3427,2480889
1627649064,937,329,3,2,3436,2543865
1627649198,939,329,4,2,3436,2590477
1627649296,939,329,4,2,3436,2637004
1627649422,942,330,4,2,3457,2697522
1627649559,976,339,5,2,3517,2763256
1627649702,979,340,5,2,3535,2832558
1627649846,993,341,5,2,3539,2903045
1627649991,1009,343,5,2,3543,2973398
1627650133,1020,347,5,2,3582,3042360
1627650276,1030,349,5,2,3591,3110700
1627650419,1034,351,5,2,3593,3177000
1627650558,1051,353,5,2,3602,3242280
1627650649,1056,354,5,2,3605,3280020
1627650693,1056,354,5,2,3605,3299400
1627650713,1057,354,5,2,3605,3308580
1627650861,1122,365,5,2,3807,3381284
1627651008,1149,370,5,2,3854,3453988
1627651157,1171,373,5,2,3858,3526692
1627651306,1181,375,5,2,3871,3599396
1627651455,1188,378,5,2,3876,3672100
1627651617,1188,378,5,2,3876,3728408
1627651737,1190,380,5,2,3878,3785419
1627651885,1196,380,5,2,3878,3855666
1627652053,1201,381,5,2,3879,3936139
1627652225,1206,384,7,2,3883,4018955
1627652402,1211,387,7,2,3903,4103346
1627652578,1221,387,7,2,3903,4186473
1627652753,1231,392,7,2,3927,4268970
1627652926,1242,395,7,2,3931,4350460
1627653093,1250,396,7,2,3934,4429510
1627653255,1262,403,7,2,3949,4506520
1627653353,1270,404,7,2,3958,4552420
1627653405,1278,410,7,2,4083,4576390
1627653440,1279,411,7,2,4084,4592200
1627653617,1318,420,7,2,4111,4678728
1627653795,1340,428,8,2,4135,4765256
1627653972,1356,437,8,2,4196,4851784
1627654149,1367,437,9,2,4196,4938312
1627654341,1367,437,9,2,4196,5005656
1627654476,1367,437,9,2,4196,5070392
1627654641,1370,437,9,2,4196,5149271
1627654831,1379,439,9,2,4206,5239748
1627655030,1386,441,9,2,4212,5333883
1627655230,1390,442,10,2,4214,5429696
1627655431,1394,444,10,2,4222,5523459
1627655630,1404,450,10,2,4246,5617205
1627655828,1406,451,10,2,4248,5710480
1627656016,1413,456,10,2,4269,5800750
1627656199,1415,457,10,2,4273,5889490
1627656318,1418,459,10,2,4279,5947120
1627656390,1423,460,10,2,4294,5980525
1627656437,1426,460,10,2,4294,6001945
1627656638,1448,468,10,2,4340,6100761
1627656839,1456,471,10,2,4348,6199577
1627657040,1468,471,10,2,4348,6298393
1627657242,1473,471,10,2,4348,6397209
1627657440,1473,471,10,2,4348,6466961
1627657588,1473,471,10,2,4348,6537693
1627657769,1474,472,10,2,4350,6624244
1627657969,1476,473,10,2,4381,6720093
1627658180,1477,474,10,2,4382,6820957
1627658397,1480,474,10,2,4382,6922425
1627658609,1484,475,10,2,4384,7022719
1627658822,1489,476,10,2,4388,7122925
1627659035,1491,476,10,2,4388,7222801
1627659238,1493,477,10,2,4393,7318681
1627659434,1498,478,10,2,4394,7412521
1627659567,1504,482,10,2,4404,7475761
1627659658,1507,483,10,2,4410,7518346
1627659722,1511,486,10,2,4425,7547926
1627659937,1524,487,10,2,4427,7653398
1627660153,1532,488,10,2,4429,7758870
1627660353,1532,488,10,2,4429,7829957
1627660502,1532,488,10,2,4429,7900337
1627660686,1535,489,10,2,4431,7988403
1627660892,1536,489,10,2,4431,8087140
1627661109,1537,489,10,2,4431,8192032
1627661338,1537,489,10,2,4431,8298876
1627661566,1540,490,11,2,4434,8405393
1627661789,1540,490,11,2,4434,8511197
1627662015,1540,490,11,2,4434,8616644
1627662230,1541,490,11,2,4434,8719154
1627662440,1544,492,11,2,4441,8819624
1627662588,1545,493,11,2,4444,8888984
1627662691,1547,493,11,2,4444,8937179
1627662766,1557,501,11,2,4474,8971859
1627662997,1573,506,11,2,4496,9083475
1627663226,1580,507,11,2,4501,9195091
1627663455,1588,507,11,2,4501,9306707
1627663684,1593,507,11,2,4501,9418323
1627663904,1594,507,11,2,4501,9495818
1627664072,1597,509,11,2,4514,9575541
1627664269,1598,510,11,2,4547,9669608
1627664494,1598,510,11,2,4547,9777629
1627664734,1600,512,11,2,4551,9891495
1627664981,1603,512,11,2,4551,10007694
1627665225,1604,512,11,2,4551,10121767
1627665468,1606,512,11,2,4551,10235881
1627665710,1607,512,11,2,4551,10349477
1627665943,1611,516,11,2,4563,10459637
1627666169,1612,516,11,2,4563,10568267
1627666335,1615,516,11,2,4563,10645787
1627666449,1620,516,11,2,4563,10698062
1627666531,1623,517,11,2,4566,10736312
1627666779,1633,518,11,2,4568,10856632
1627667025,1649,520,11,2,4572,10976952
1627667250,1649,520,11,2,4572,11055685
1627667420,1651,520,12,2,4572,11136809
1627667626,1651,520,12,2,4572,11234553
1627667855,1652,521,12,2,4574,11343519
1627668101,1652,521,12,2,4574,11460211
1627668357,1652,521,12,2,4574,11579572
1627668610,1654,521,12,2,4574,11696734
1627668861,1656,521,12,2,4574,11813937
1627669106,1661,522,12,2,4576,11930643
1627669345,1666,523,12,2,4578,12043863
1627669583,1667,523,12,2,4578,12155553
1627669751,1667,523,12,2,4578,12233583
1627669868,1667,523,12,2,4578,12286878
1627669956,1667,523,12,2,4578,12327678
1627670210,1685,526,12,2,4582,12451070
1627670465,1698,528,12,2,4640,12574462
1627670716,1713,531,12,2,4651,12697854
1627670946,1713,531,12,2,4651,12778517
1627671108,1713,531,12,2,4651,12856489
1627671310,1714,531,12,2,4651,12952737
1627671547,1715,531,12,2,4651,13065878
1627671792,1715,531,12,2,4651,13183938
1627672048,1716,531,12,2,4651,13303779
1627672297,1719,534,12,2,4657,13420894
1627672551,1731,538,12,2,4690,13538080
1627672798,1732,538,12,2,4690,13654762
1627673036,1733,538,12,2,4690,13767982
1627673273,1733,538,12,2,4690,13879672
1627673443,1734,538,12,2,4690,13958212
1627673562,1734,538,12,2,4690,14013037
1627673651,1745,543,12,2,4712,14053837
1627673906,1766,552,12,2,4773,14177229
1627674159,1776,553,12,2,4777,14300621
1627674413,1782,554,12,2,4778,14424013
1627674666,1790,557,12,2,4786,14547405
1627674894,1790,557,12,2,4786,14627697
1627675061,1790,557,12,2,4786,14707541
1627675269,1794,558,12,2,4789,14806579
1627675505,1795,558,13,2,4789,14919175
1627675754,1799,558,14,2,4789,15039368
1627676014,1799,558,14,2,4789,15159942
1627676268,1801,558,15,2,4789,15278029
1627676520,1807,559,15,2,4795,15396235
1627676768,1813,560,15,2,4796,15514019
1627677012,1818,560,15,2,4796,15628769
1627677248,1818,560,15,2,4796,15740969
1627677415,1822,562,15,2,4799,15820019
1627677537,1823,563,15,2,4801,15877394
1627677625,1839,571,15,2,4823,15918194
1627677881,1858,573,15,2,4832,16042610
1627678137,1868,575,15,2,4849,16167026
1627678392,1877,577,15,2,4867,16291442
1627678618,1877,577,15,2,4867,16370119
1627678782,1877,577,15,2,4867,16448032
1627678990,1878,577,15,2,4867,16546550
1627679224,1878,577,15,2,4867,16658874
1627679470,1880,578,15,2,4871,16775962
1627679718,1880,578,15,2,4871,16893195
1627679959,1889,579,15,2,4880,17007331
1627680205,1891,580,15,2,4883,17121426
1627680449,1894,582,15,2,4972,17235101
1627680679,1895,582,15,2,4972,17345261
1627680905,1895,582,15,2,4972,17452871
1627681065,1895,582,15,2,4972,17529371
1627681182,1895,582,15,2,4972,17584196
1627681263,1909,590,15,2,5001,17621426
1627681511,1928,592,15,2,5003,17742258
1627681759,1941,595,15,2,5007,17863090
1627682008,1947,595,15,2,5007,17983922
1627682237,1947,595,15,2,5007,18063558
1627682395,1947,595,15,2,5007,18138827
1627682597,1947,595,15,2,5007,18234513
1627682824,1947,595,15,2,5007,18343133
1627683066,1948,595,16,2,5007,18459275
1627683308,1949,595,16,2,5007,18575466
1627683551,1952,596,16,2,5008,18688603
1627683796,1954,597,17,2,5009,18801558
1627684036,1956,599,17,2,5012,18914193
1627684268,1960,600,17,2,5014,19022823
1627684492,1961,600,17,2,5014,19129413
1627684652,1963,601,17,2,5017,19205700
1627684770,1964,601,17,2,5017,19260525
1627684850,1964,601,17,2,5017,19297755
1627685096,1991,614,18,2,5072,19417563
1627685342,2006,618,18,2,5094,19537371
1627685587,2013,620,18,2,5101,19657179
1627685833,2022,621,18,2,5106,19776987
1627686079,2030,623,18,2,5110,19896795
1627686307,2030,623,18,2,5110,19976945
1627686476,2030,623,18,2,5110,20057448
1627686688,2030,623,18,2,5110,20157293
1627686923,2031,623,18,2,5110,20269351
1627687173,2031,623,18,2,5110,20387915
1627687428,2033,623,18,2,5110,20507477
1627687678,2034,623,18,2,5110,20624156
1627687924,2037,625,18,2,5115,20740171
1627688173,2040,626,18,2,5117,20855807
1627688407,2043,627,18,2,5121,20968007
1627688641,2045,629,18,2,5131,21078167
1627688811,2046,629,19,2,5131,21157982
1627688933,2049,630,19,2,5132,21214847
1627689012,2049,630,19,2,5132,21251567
1627689266,2075,633,19,2,5157,21374447
1627689517,2087,633,19,2,5157,21497327
1627689768,2095,634,19,2,5159,21620207
1627690020,2095,634,19,2,5159,21701507
1627690192,2095,634,19,2,5159,21782480
1627690408,2096,634,20,2,5159,21885436
1627690648,2096,634,20,2,5159,21999164
1627690904,2097,634,20,2,5159,22120544
1627691161,2097,634,20,2,5159,22242209
1627691419,2097,634,20,2,5159,22360884
1627691672,2097,634,20,2,5159,22479704
1627691925,2097,634,20,2,5159,22597946
1627692169,2097,634,20,2,5159,22712696
1627692407,2098,634,20,2,5159,22825406
1627692582,2100,634,20,2,5159,22908015
1627692711,2100,634,20,2,5159,22967940
1627692792,2100,634,20,2,5159,23005680
1627693052,2109,635,20,2,5164,23131120
1627693312,2120,638,21,2,5191,23256560
1627693552,2120,638,21,2,5191,23342043
1627693727,2121,639,21,2,5194,23424413
1627693951,2121,639,21,2,5194,23531067
1627694199,2124,639,24,2,5194,23648785
1627694464,2125,640,24,2,5195,23773489
1627694730,2125,640,24,2,5195,23898394
1627694991,2125,640,24,2,5195,24020169
1627695249,2128,640,24,2,5195,24142015
1627695504,2131,640,24,2,5195,24263275
1627695752,2133,640,24,2,5195,24381085
1627695995,2134,640,25,2,5195,24496855
1627696178,2134,640,25,2,5195,24582939
1627696315,2134,640,25,2,5195,24645414
1627696400,2135,640,25,2,5195,24685194
1627696665,2147,641,25,2,5198,24813706
1627696930,2159,644,26,2,5205,24942218
1627697174,2160,644,26,2,5205,25028208
1627697353,2160,644,26,2,5205,25112771
1627697569,2160,644,26,2,5205,25215217
1627697817,2160,644,26,2,5205,25333016
1627698081,2160,644,26,2,5205,25457886
1627698350,2161,644,27,2,5205,25583185
1627698617,2163,646,27,2,5209,25704844
1627698877,2164,646,27,2,5209,25826606
1627699132,2166,646,27,2,5209,25947421
1627699380,2170,647,27,2,5216,26064211
1627699624,2172,647,27,2,5216,26179471
1627699803,2172,647,27,2,5216,26264046
1627699939,2172,647,27,2,5216,26326521
1627700024,2173,647,27,2,5216,26366811
1627700292,2180,647,28,2,5216,26495835
1627700533,2180,647,28,2,5216,26581773
1627700706,2180,647,28,2,5216,26663304
1627700920,2180,647,28,2,5216,26765336
1627701165,2180,647,28,2,5216,26881881
1627701431,2181,647,28,2,5216,27005251
1627701700,2183,647,28,2,5216,27130369
1627701961,2184,647,28,2,5216,27251960
1627702218,2185,648,28,2,5221,27373595
1627702473,2185,648,28,2,5221,27494321
1627702724,2188,648,28,2,5221,27611621
1627702967,2190,648,28,2,5221,27727391
1627703147,2190,648,28,2,5221,27812561
1627703279,2190,648,28,2,5221,27874526
1627703365,2191,648,28,2,5221,27914816
1627703633,2201,649,28,2,5226,28043840
1627703899,2212,649,28,2,5226,28172864
1627704147,2212,649,28,2,5226,28259596
1627704327,2212,649,28,2,5226,28345078
1627704544,2212,649,28,2,5226,28447836
1627704786,2213,649,29,2,5226,28562360
1627705048,2213,649,29,2,5226,28686039
1627705312,2214,649,30,2,5226,28811069
1627705572,2216,650,30,2,5227,28932316
1627705832,2220,650,30,2,5227,29053689
1627706089,2225,651,30,2,5241,29174442
1627706337,2225,651,30,2,5241,29291742
1627706582,2229,651,30,2,5241,29407512
1627706765,2232,652,30,2,5246,29493192
1627706898,2233,652,30,2,5246,29555667
1627706987,2238,652,30,2,5246,29596977
1627707254,2252,654,30,2,5250,29726001
1627707521,2260,655,30,2,5253,29855025
1627707787,2266,655,30,2,5253,29984049
1627708020,2268,655,31,2,5253,30065890
1627708190,2268,655,31,2,5253,30146752
1627708399,2269,655,31,2,5253,30246094
1627708634,2273,655,31,2,5253,30358140
1627708883,2276,656,31,2,5255,30476758
1627709136,2277,656,31,2,5255,30596153
1627709389,2279,656,31,2,5255,30712817
1627709636,2281,658,31,2,5262,30829097
1627709882,2281,658,31,2,5262,30944720
1627710120,2283,658,31,2,5262,31056920
1627710353,2284,658,31,2,5262,31167590
1627710525,2284,658,31,2,5262,31248680
1627710654,2286,659,31,2,5263,31308095
1627710739,2287,659,31,2,5263,31347365
1627710992,2289,659,31,2,5263,31470245
1627711225,2289,659,31,2,5263,31550660
1627711399,2289,659,31,2,5263,31632778
1627711608,2289,659,31,2,5263,31732399
1627711846,2289,659,31,2,5263,31844413
1627712097,2289,659,31,2,5263,31963511
1627712353,2291,661,31,2,5267,32083818
1627712603,2292,662,31,2,5270,32200485
1627712852,2292,662,31,2,5270,32317236
1627713097,2292,662,31,2,5270,32433354
1627713335,2293,663,31,2,5271,32545554
1627713565,2294,663,31,2,5271,32656224
1627713738,2294,663,31,2,5271,32737824
1627713869,2294,663,31,2,5271,32798259
1627713956,2296,665,31,2,5279,32838549
1627714212,2300,667,31,2,5286,32962453
1627714467,2301,667,31,2,5286,33086357
1627714722,2307,668,32,2,5291,33210261
1627714965,2307,668,32,2,5291,33296679
1627715140,2307,668,32,2,5291,33380037
1627715358,2307,668,32,2,5291,33483369
1627715601,2307,668,32,2,5291,33599250
1627715866,2307,668,32,2,5291,33722461
1627716130,2308,668,32,2,5291,33847122
1627716396,2309,668,32,2,5291,33968683
1627716656,2309,668,32,2,5291,34089788
1627716909,2310,668,32,2,5291,34210122
1627717158,2310,668,32,2,5291,34326912
1627717403,2310,668,32,2,5291,34442172
1627717584,2314,668,32,2,5291,34527342
1627717718,2314,668,32,2,5291,34590327
1627717809,2320,673,32,2,5299,34633167
1627718076,2326,676,32,2,5310,34761679
1627718341,2329,677,32,2,5320,34890191
1627718604,2333,678,32,2,5323,35018703
1627718834,2333,678,32,2,5323,35099048
1627719012,2333,678,32,2,5323,35182662
1627719226,2334,678,32,2,5323,35286043
1627719463,2334,678,32,2,5323,35399140
1627719721,2334,678,32,2,5323,35521024
1627719984,2335,678,32,2,5323,35644858
1627720242,2336,678,32,2,5323,35765087
1627720496,2338,679,32,2,5326,35885184
1627720749,2340,679,32,2,5326,36004432
1627720994,2340,679,32,2,5326,36119692
1627721235,2341,680,32,2,5332,36233422
1627721412,2342,680,32,2,5332,36316552
1627721542,2343,680,33,2,5332,36376987
1627721631,2345,681,34,2,5333,36417787
1627721896,2349,683,34,2,5336,36545275
1627722159,2351,683,34,2,5336,36672763
1627722422,2352,683,34,2,5336,36800251
1627722651,2352,683,34,2,5336,36880046
1627722817,2352,683,34,2,5336,36958891
1627723020,2352,683,34,2,5336,37055015
1627723251,2353,683,35,2,5336,37165296
1627723499,2353,683,35,2,5336,37282438
1627723754,2354,683,35,2,5336,37401944
1627724004,2354,683,35,2,5336,37518028
1627724253,2354,683,35,2,5336,37634308
1627724497,2355,683,35,2,5336,37749913
1627724734,2355,683,35,2,5336,37862623
1627724969,2356,683,35,2,5336,37973293
1627725140,2357,683,35,2,5336,38054383
1627725262,2357,683,35,2,5336,38111758
1627725348,2357,683,35,2,5336,38151028
1627725603,2362,684,35,2,5340,38274420
1627725857,2368,684,35,2,5340,38397812
1627726092,2368,684,35,2,5340,38480332
1627726265,2368,684,35,2,5340,38562180
1627726469,2368,684,35,2,5340,38658064
1627726705,2368,684,35,2,5340,38769951
1627726958,2369,684,35,2,5340,38888477
1627727211,2369,684,35,2,5340,39008140
1627727462,2369,684,35,2,5340,39124728
1627727707,2370,684,35,2,5340,39241518
1627727955,2371,684,35,2,5340,39357677
1627728191,2371,684,35,2,5340,39470387
1627728421,2371,684,35,2,5340,39580547
1627728592,2371,684,35,2,5340,39661127
1627728716,2371,684,35,2,5340,39719012
1627728800,2373,684,35,2,5340,39758282
1627729055,2376,685,35,2,5341,39882186
1627729309,2378,685,35,2,5341,40006090
1627729540,2379,685,35,2,5341,40087783
1627729712,2379,685,35,2,5341,40170054
1627729923,2379,685,35,2,5341,40270955
