1627556426,2,2,0,0,1508,2
1627556437,7,6,0,0,1560,528
1627556438,52,36,0,0,1938,1039
1627556439,79,52,0,0,2291,1551
1627556440,106,64,0,0,2408,2318
1627556441,107,64,0,0,2408,3322
1627556443,110,67,0,0,2414,4342
1627556444,110,67,0,0,2414,5362
1627556446,110,67,0,0,2414,6382
1627556447,111,68,0,0,2424,7402
1627556449,113,69,0,0,2430,8422
1627556450,115,71,0,0,2436,9442
1627556451,120,75,0,0,2458,10462
1627556452,122,77,0,0,2465,11482
1627556454,133,84,0,0,2494,12501
1627556455,167,96,0,0,3119,13525
1627556456,178,100,0,0,3125,14549
1627556457,191,107,0,0,3161,15573
1627556458,197,109,0,0,3171,16597
1627556460,203,112,0,0,3176,17621
1627556524,227,122,1,0,3460,45553
1627556563,264,132,1,0,3513,74660
1627556620,314,138,1,0,3530,116003
1627556683,344,152,2,0,3692,162492
1627556751,389,172,2,0,3775,210827
1627556819,404,178,3,0,3793,260046
1627556881,421,190,3,0,3863,309408
1627556940,433,198,4,0,3930,358791
1627556996,441,206,4,0,3954,408261
1627557051,450,208,4,0,3977,457731
1627557116,539,240,60,0,4615,507201
1627557171,616,267,60,0,4736,556671
1627557221,616,267,60,0,4736,606141
1627557284,621,269,60,0,4777,650789
1627557338,654,290,63,0,5008,700453
1627557392,678,302,68,0,5242,750117
1627557446,691,308,70,0,5271,799781
1627557499,701,312,73,0,5308,849445
1627557553,708,314,74,0,5314,899109
1627557705,742,329,77,0,5362,970113
1627557822,756,335,78,0,5375,1047065
1627557959,787,346,82,0,5426,1140387
1627558107,805,351,82,0,5440,1242505
1627558256,842,366,84,0,5552,1348594
1627558400,870,375,86,0,5596,1456113
1627558541,904,385,90,0,5691,1564210
1627558670,931,390,92,0,5699,1672324
1627558800,950,395,93,0,5716,1780444
1627558915,955,396,93,0,5721,1888564
1627559039,966,398,93,0,5730,1996684
1627559175,994,408,93,0,5765,2104804
1627559286,994,408,93,0,5765,2212924
1627559430,994,408,93,0,5765,2311405
1627559553,1022,413,105,1,5784,2419949
1627559675,1035,416,111,1,5791,2528493
1627559796,1050,422,114,3,5810,2637037
1627559918,1061,425,117,3,6101,2745581
1627560114,1079,433,124,3,6148,2830033
1627560247,1081,434,125,3,6164,2916251
1627560407,1086,436,126,3,6169,3014886
1627560578,1098,440,127,3,6184,3131799
1627560783,1114,443,140,3,6198,3258507
1627560987,1137,451,154,3,6244,3385976
1627561155,1146,454,154,3,6257,3513476
1627561316,1162,458,154,4,6276,3640971
1627561471,1171,459,155,4,6277,3768471
1627561617,1177,461,155,4,6281,3895971
1627561759,1184,465,155,4,6335,4023471
1627561913,1208,474,156,4,6530,4150971
1627562043,1208,474,156,4,6530,4277961
1627562225,1211,475,158,4,6532,4398343
1627562376,1229,480,163,4,6549,4526343
1627562524,1243,487,163,4,6580,4654343
1627562673,1250,491,163,4,6613,4782343
1627562823,1257,493,164,4,6632,4910343
1627563020,1262,494,165,5,6633,4989529
1627563157,1270,499,166,5,6653,5068402
1627563318,1280,505,170,5,6698,5161134
1627563523,1296,506,186,5,6702,5279938
1627563739,1299,507,186,5,6707,5412220
1627563953,1309,510,193,5,6726,5546269
1627564146,1319,514,196,5,6744,5680384
1627564311,1327,515,196,5,6746,5814466
1627564476,1340,516,197,5,6754,5948595
1627564640,1357,522,200,5,6792,6082215
1627564800,1366,526,201,5,6802,6215835
1627564985,1390,537,214,7,6899,6349455
1627565121,1390,537,214,7,6899,6483075
1627565325,1393,537,218,7,6899,6607439
1627565486,1406,542,221,7,6906,6742095
1627565645,1415,545,225,7,6922,6876751
1627565807,1421,546,226,7,6924,7011407
1627565967,1426,547,229,7,6926,7146063
1627566185,1429,547,232,7,6926,7233548
1627566347,1434,550,234,7,6933,7320818
1627566564,1445,552,236,7,6941,7448559
1627566819,1446,552,237,7,6941,7587887
1627567066,1461,553,250,7,6945,7731930
1627567293,1476,555,262,7,6975,7876204
1627567503,1488,560,288,7,7047,8020513
1627567698,1495,562,291,7,7051,8164838
1627567875,1497,563,292,7,7052,8309168
1627568051,1502,565,293,7,7058,8453498
1627568210,1505,565,293,7,7058,8597828
1627568362,1507,566,293,7,7061,8742158
1627568515,1509,566,294,7,7061,8886488
1627568740,1511,567,294,7,7064,9021676
1627568921,1523,568,299,7,7068,9167084
1627569100,1532,571,302,7,7081,9312492
1627569327,1534,572,303,7,7084,9399853
1627569486,1539,572,306,7,7084,9491033
1627569713,1543,573,310,7,7085,9614328
1627569968,1550,573,312,7,7085,9758741
1627570214,1554,573,314,7,7085,9905063
1627570471,1558,574,317,7,7090,10052316
1627570674,1576,577,322,7,7097,10199695
1627570867,1590,577,329,7,7097,10347077
1627571039,1599,580,329,7,7110,10494467
1627571209,1600,581,329,7,7113,10641857
1627571374,1603,582,329,7,7115,10789247
1627571548,1607,583,330,7,7117,10936637
1627571701,1607,583,330,7,7117,11084027
1627571937,1607,583,330,7,7117,11222803
1627572115,1613,584,332,7,7119,11371283
1627572291,1620,585,332,8,7125,11519763
1627572532,1627,586,336,8,7135,11612767
1627572711,1638,590,339,8,7188,11710844
1627572936,1643,592,343,8,7197,11834577
1627573168,1645,592,344,8,7197,11979649
1627573420,1655,592,344,8,7197,12128701
1627573642,1660,594,345,8,7201,12278423
1627573852,1664,597,345,8,7208,12428363
1627574044,1671,599,346,9,7223,12578302
1627574224,1676,602,346,9,7300,12728242
1627574398,1680,605,346,9,7307,12878182
1627574564,1680,605,346,9,7307,13028122
1627574722,1682,605,346,9,7307,13178062
1627574880,1682,605,346,9,7307,13328002
1627575124,1703,606,347,9,7345,13468806
1627575309,1740,610,366,9,7359,13619846
1627575491,1755,610,366,10,7359,13770886
1627575671,1763,610,369,10,7359,13921926
1627575942,1772,612,371,10,7362,14020351
1627576147,1776,612,372,10,7362,14124197
1627576388,1782,612,462,10,7362,14255497
1627576637,1825,612,463,10,7362,14410004
1627576883,1826,613,496,10,7389,14568233
1627577113,1828,613,496,10,7389,14727331
1627577332,1836,615,500,10,7395,14886958
1627577533,1840,616,500,10,7396,15046588
1627577723,1841,617,500,10,7398,15206218
1627577910,1845,618,504,10,7402,15365848
1627578094,1848,618,504,10,7402,15525478
1627578264,1849,619,504,10,7423,15685108
1627578434,1850,620,508,10,7433,15844738
1627578688,1888,620,508,10,7433,15993977
1627578882,1921,622,510,10,7436,16154745
1627579077,1937,625,512,11,7469,16315513
1627579269,1951,627,512,11,7472,16476281
1627579586,1957,628,516,11,7474,16593435
1627579806,1958,628,517,11,7474,16706894
1627580085,1965,628,520,11,7474,16852019
1627580393,1972,629,525,11,7482,17016402
1627580666,1975,630,527,11,7485,17184380
1627580918,1981,631,530,11,7490,17352680
1627581149,1990,631,530,11,7490,17520977
1627581369,1998,632,532,11,7494,17689277
1627581573,2005,633,535,11,7501,17857577
1627581766,2005,633,535,12,7501,18025877
1627581959,2010,633,537,12,7501,18194177
1627582149,2012,633,538,12,7501,18362477
1627582325,2028,633,556,12,7501,18530777
1627582600,2045,633,556,12,7501,18685144
1627582810,2061,636,559,12,7515,18854616
1627583015,2068,637,560,12,7517,19024088
1627583226,2082,640,564,12,7524,19193560
1627583537,2087,641,566,12,7526,19298782
1627583730,2087,641,566,12,7526,19412546
1627583975,2102,641,579,12,7526,19552374
1627584235,2107,643,599,12,7532,19714163
1627584496,2114,644,600,12,7534,19881517
1627584743,2120,645,835,12,7537,20049813
1627584964,2124,645,835,12,7537,20218113
1627585178,2127,646,836,12,7552,20386413
1627585379,2137,646,842,12,7552,20554713
1627585583,2139,647,842,12,7560,20723013
1627585783,2140,647,842,12,7560,20891313
1627585973,2142,647,842,12,7560,21059613
1627586148,2144,647,843,12,7560,21227913
1627586404,2147,647,843,12,7560,21379972
1627586613,2160,648,845,12,7562,21549444
1627586819,2176,651,846,12,7566,21718916
1627587149,2181,655,848,12,7582,21835673
1627587386,2182,655,849,12,7582,21954976
1627587640,2182,655,855,12,7582,22103414
1627587937,2195,658,859,12,7590,22271892
1627588220,2196,658,859,12,7590,22446388
1627588490,2199,660,1069,12,7597,22622821
1627588728,2199,660,1069,12,7597,22799281
1627588947,2204,660,1069,12,7597,22975741
1627589158,2207,661,1070,12,7599,23152201
1627589378,2226,661,1087,15,7599,23328661
1627589578,2228,663,1087,15,7603,23505121
1627589777,2228,663,1087,15,7603,23681581
1627589962,2228,663,1087,15,7603,23858041
1627590242,2234,664,1087,15,7605,24016232
1627590468,2241,665,1092,15,7606,24193896
1627590685,2246,668,1094,15,7629,24371560
1627590998,2247,668,1095,15,7629,24484583
1627591239,2248,668,1097,15,7629,24609921
1627591519,2248,668,1097,15,7629,24757818
1627591822,2250,669,1098,15,7630,24927518
1627592110,2260,672,1102,15,7648,25103940
1627592372,2263,673,1102,15,7667,25281372
1627592605,2263,673,1102,15,7667,25458850
1627592825,2265,674,1102,15,7669,25636330
1627593038,2269,674,1102,15,7669,25813810
1627593249,2269,674,1102,15,7669,25991290
1627593460,2269,674,1102,15,7669,26168770
1627593660,2269,674,1102,15,7669,26346250
1627593846,2269,674,1102,15,7669,26523730
1627594121,2275,674,1102,15,7669,26683299
1627594344,2282,675,1102,15,7673,26861987
1627594562,2288,675,1104,15,7673,27040675
1627594897,2288,675,1104,15,7673,27155274
1627595121,2288,675,1104,15,7673,27280671
1627595396,2290,676,1104,15,7680,27436242
1627595692,2292,676,1104,15,7680,27610366
1627595960,2299,680,1105,15,7687,27791000
1627596227,2302,681,1106,15,7690,27972534
1627596458,2305,681,1106,15,7690,28154091
1627596679,2309,681,1106,15,7690,28335651
1627596898,2311,681,1106,15,7690,28517211
1627597111,2312,681,1106,15,7690,28698771
1627597316,2315,684,1106,15,7703,28880331
1627597515,2321,689,1111,15,7719,29061891
1627597708,2321,689,1111,15,7719,29243451
1627597979,2324,689,1111,15,7719,29406952
1627598204,2331,691,1112,15,7733,29589736
1627598428,2334,692,1112,15,7734,29772520
1627598655,2345,693,1116,15,7735,29955304
1627598991,2345,693,1116,15,7735,30073494
1627599219,2345,693,1116,15,7735,30199943
1627599518,2347,694,1118,15,7736,30359249
1627599845,2349,694,1119,15,7736,30535212
1627600139,2352,694,1119,15,7736,30719494
1627600423,2358,695,1119,15,7739,30905592
1627600670,2362,697,1121,15,7750,31091740
1627600900,2365,697,1121,15,7750,31277890
1627601125,2366,697,1122,15,7750,31464040
1627601338,2366,697,1122,15,7750,31650190
1627601555,2368,697,1123,15,7750,31836340
1627601761,2370,697,1126,15,7750,32022490
1627601958,2370,697,1126,15,7750,32208640
1627602244,2371,697,1127,15,7750,32375204
1627602479,2375,698,1128,15,7752,32562596
1627602706,2383,699,1130,15,7768,32749988
1627603039,2384,699,1131,15,7768,32862594
1627603268,2391,701,1134,15,7770,32984490
1627603553,2393,702,1135,15,7795,33133639
1627603846,2395,702,1137,15,7795,33304398
1627604145,2397,702,1139,15,7795,33485990
1627604430,2402,705,1140,15,7818,33670071
1627604671,2404,705,1141,15,7818,33854179
1627604900,2405,706,1141,15,7820,34038289
1627605119,2405,706,1141,15,7820,34222399
1627605327,2405,706,1141,15,7820,34406509
1627605540,2408,708,1142,15,7839,34590619
1627605753,2408,708,1142,15,7839,34774729
1627605945,2408,708,1142,15,7839,34958839
1627606218,2413,709,1143,15,7843,35123385
1627606446,2420,712,1144,15,7850,35308729
1627606673,2431,713,1149,15,7851,35494073
1627606902,2435,713,1150,15,7851,35679417
1627607238,2436,713,1151,15,7851,35799126
1627607472,2438,714,1151,15,7855,35924752
1627607734,2438,714,1151,15,7855,36075963
1627608030,2439,714,1154,15,7855,36250457
1627608327,2441,714,1154,15,7855,36435761
1627608606,2442,714,1155,15,7855,36624188
1627608849,2443,714,1156,15,7855,36812885
1627609101,2447,715,1158,15,7856,37001585
1627609329,2447,715,1158,15,7856,37190285
1627609550,2449,716,1158,15,7857,37378985
1627609774,2449,716,1158,16,7857,37567685
1627609985,2449,716,1158,16,7857,37756385
1627610181,2449,716,1158,16,7857,37945085
1627610456,2451,717,1158,16,8044,38113466
1627610689,2462,720,1160,16,8071,38303418
1627610922,2468,720,1160,16,8071,38493370
1627611153,2474,721,1163,16,8073,38683322
1627611474,2477,721,1164,16,8073,38798552
1627611724,2477,721,1164,16,8073,38926593
1627612002,2477,721,1164,16,8073,39083206
1627612303,2486,722,1166,16,8074,39259655
1627612610,2487,722,1167,16,8074,39449471
1627612888,2489,722,1168,16,8074,39641158
1627613152,2491,722,1170,16,8074,39832913
1627613402,2493,722,1170,16,8074,40024673
1627613633,2501,722,1171,16,8074,40216433
1627613854,2501,722,1171,16,8074,40408193
1627614078,2502,723,1171,17,8076,40599953
1627614287,2502,723,1171,17,8076,40791713
1627614490,2503,723,1171,17,8076,40983473
1627614791,2601,747,1171,17,8146,41155096
1627615030,2620,749,1172,17,8167,41348120
1627615266,2637,751,1172,17,8171,41541144
1627615504,2647,751,1176,17,8171,41734168
1627615863,2653,751,1176,17,8171,41856812
1627616115,2654,751,1176,17,8171,41987116
1627616424,2673,751,1187,17,8171,42148598
1627616749,2684,752,1188,17,8172,42337240
1627617066,2703,756,1190,17,8204,42536199
1627617359,2772,759,1192,18,8209,42738004
1627617637,2781,760,1195,18,8210,42939949
1627617906,2782,760,1195,18,8210,43141908
1627618162,2785,760,1195,18,8210,43343868
1627618395,2786,760,1195,18,8210,43545828
1627618631,2788,761,1196,18,8211,43747788
1627618856,2788,761,1196,18,8211,43949748
1627619069,2789,761,1197,18,8211,44151708
1627619381,2847,773,1197,18,8260,44332874
1627619635,2867,774,1200,18,8274,44536138
1627619887,2872,774,1200,18,8274,44739402
1627620250,2875,774,1203,18,8274,44865589
1627620505,2876,774,1204,18,8274,44996043
1627620842,2882,775,1205,18,8275,45162445
1627621155,2888,775,1208,18,8275,45348312
1627621475,2888,775,1208,18,8275,45547948
1627621771,2892,775,1209,18,8275,45748793
1627622058,2897,776,1212,18,8278,45949731
1627622319,2898,776,1213,19,8278,46150671
1627622575,2902,778,1214,19,8285,46351611
1627622809,2903,778,1214,53,8285,46552551
1627623031,2903,778,1214,53,8285,46753491
1627623246,2903,778,1214,53,8285,46954431
1627623458,2903,778,1214,53,8285,47155371
1627623757,2917,778,1214,53,8285,47333792
1627624013,2932,780,1215,53,8298,47536032
1627624266,2940,781,1216,53,8300,47738272
1627624524,2944,781,1216,53,8300,47940512
1627624913,2945,781,1217,53,8300,48066214
1627625172,2946,782,1217,53,8303,48200721
1627625483,2946,782,1217,53,8303,48365688
1627625805,2946,782,1217,53,8303,48550801
1627626120,2949,783,1217,53,8313,48748921
1627626435,2952,783,1217,53,8313,48948264
1627626708,2954,783,1217,53,8313,49147669
1627626965,2955,783,1236,53,8313,49347079
1627627214,2956,783,1237,53,8313,49546489
1627627456,2959,783,1239,53,8313,49745899
1627627683,2959,783,1239,53,8313,49945309
1627627901,2960,783,1239,53,8313,50144719
1627628108,2960,783,1239,53,8313,50344129
1627628413,2990,787,1239,53,8327,50522205
1627628664,2998,788,1239,53,8331,50722909
1627628914,3002,788,1239,53,8331,50923613
1627629274,3002,788,1239,53,8331,51047425
1627629502,3002,788,1239,53,8331,51170683
1627629805,3002,788,1239,53,8331,51330034
1627630134,3005,788,1241,53,8331,51510823
1627630460,3005,788,1244,53,8331,51706692
1627630762,3008,790,1245,53,8333,51903934
1627631024,3010,790,1247,53,8333,52101303
1627631278,3011,790,1247,53,8333,52298673
1627631526,3011,790,1247,53,8333,52496043
1627631761,3012,790,1248,54,8333,52693413
1627631985,3013,790,1248,54,8333,52890783
1627632203,3013,790,1248,54,8333,53088153
1627632408,3013,790,1248,54,8333,53285523
1627632713,3020,791,1248,54,8335,53461986
1627632965,3027,793,1251,54,8340,53660642
1627633210,3039,793,1255,54,8340,53859298
1627633458,3043,793,1255,54,8340,54057954
1627633833,3043,793,1255,54,8340,54184494
1627634113,3044,793,1255,54,8340,54319209
1627634407,3046,793,1257,54,8340,54490225
1627634753,3046,793,1257,54,8340,54680384
1627635084,3048,793,1257,54,8340,54878656
1627635375,3048,793,1257,54,8340,55077447
1627635647,3051,795,1258,54,8348,55276339
1627635902,3053,796,1260,54,8351,55475239
1627636153,3055,796,1261,54,8351,55674139
1627636384,3055,796,1261,54,8351,55873039
1627636607,3055,796,1261,54,8351,56071939
1627636825,3055,796,1261,54,8351,56270839
1627637035,3055,796,1261,54,8351,56469739
1627637348,3057,796,1261,54,8351,56646956
1627637601,3060,796,1261,54,8351,56847148
1627637953,3060,796,1261,54,8351,56971414
1627638216,3060,796,1261,54,8351,57098696
1627638521,3061,796,1261,54,8351,57263137
1627638847,3061,796,1261,54,8351,57447904
1627639163,3064,796,1263,54,8351,57643845
1627639471,3064,796,1263,54,8351,57841570
1627639749,3074,804,1263,56,8371,58039447
1627640010,3077,804,1264,56,8371,58237327
1627640259,3078,804,1264,57,8371,58435207
1627640499,3080,805,1265,57,8374,58633087
1627640733,3087,807,1272,58,8379,58830967
1627640957,3087,807,1272,58,8379,59028847
1627641162,3087,807,1272,58,8379,59226727
1627641463,3090,808,1274,58,8381,59404349
1627641710,3095,810,1275,58,8384,59603517
1627641959,3096,810,1275,58,8384,59802685
1627642206,3097,811,1276,58,8390,60001853
1627642568,3099,811,1276,58,8390,60122436
1627642823,3099,811,1276,58,8390,60250854
