1627467480,20,8,0,0,4929,46
1627467497,84,23,0,0,5328,2614
1627467501,116,28,0,0,5521,5281
1627467506,132,38,0,0,5712,8667
1627467511,138,43,0,0,5801,12263
1627467517,177,54,0,0,5877,16340
1627467522,267,75,0,0,6418,20577
1627467528,383,102,0,0,6991,24979
1627467534,457,121,0,0,7442,29529
1627467540,538,148,0,0,7632,34100
1627467545,612,159,0,0,7685,38688
1627467551,631,164,0,0,7694,43278
1627467555,633,165,0,0,7696,47358
1627467559,633,165,0,0,7696,50418
1627467564,724,195,0,0,7992,55026
1627467569,754,204,0,0,8047,59634
1627467575,774,210,0,0,8191,64242
1627467580,792,217,0,0,8317,68850
1627467586,802,221,0,0,8339,73458
1627467591,809,223,0,0,8367,78066
1627467648,827,226,0,0,8417,103850
1627467682,838,227,0,0,8420,127787
1627467722,883,235,0,0,8456,156469
1627467767,906,237,0,0,8463,188235
1627467816,942,246,0,0,8550,223087
1627467869,1019,261,0,0,8591,260803
1627467921,1141,289,0,0,8835,299400
1627467973,1229,306,0,0,9009,338565
1627468022,1298,317,0,0,9092,377826
1627468069,1310,319,0,0,9099,416585
1627468114,1323,320,0,0,9119,455345
1627468155,1323,320,0,0,9119,492065
1627468189,1337,322,0,0,9168,520908
1627468192,1338,322,0,0,9168,522908
1627468239,1387,330,0,0,9216,562844
1627468285,1422,335,0,0,9287,602780
1627468332,1437,339,0,0,9294,642716
1627468379,1452,341,0,0,9296,682652
1627468439,1456,341,0,0,9296,709280
1627468480,1457,341,0,0,9296,737934
1627468530,1460,341,0,0,9296,771811
1627468589,1478,343,0,0,9301,811906
1627468649,1502,344,0,0,9304,853765
1627468712,1542,349,0,0,9328,897896
1627468773,1579,352,0,0,9336,943268
1627468831,1611,353,0,0,9339,988655
1627468886,1633,355,0,0,9342,1034045
1627468941,1646,359,0,0,9355,1079435
1627468992,1651,359,0,0,9355,1124825
1627469043,1662,360,0,0,9356,1169195
1627469086,1665,361,0,0,9357,1205405
1627469088,1665,361,0,0,9357,1206775
1627469142,1686,361,0,0,9357,1252855
1627469207,1687,361,0,0,9357,1281787
1627469247,1687,361,0,0,9357,1308882
1627469290,1689,361,0,0,9357,1338445
1627469341,1696,361,0,0,9357,1372918
1627469400,1699,362,0,0,9359,1413899
1627469460,1706,362,0,0,9359,1456733
1627469516,1721,362,0,0,9359,1500577
1627469573,1737,363,0,0,9363,1544436
1627469629,1755,365,0,0,9365,1588296
1627469682,1771,369,0,0,9390,1632156
1627469734,1782,370,0,0,9391,1676016
1627469784,1793,371,0,0,9392,1719366
1627469825,1793,371,0,0,9392,1754046
1627469828,1793,371,0,0,9392,1755870
1627469880,1809,372,0,0,9393,1800414
1627469933,1821,373,0,0,9395,1844958
1627469995,1821,373,0,0,9395,1871760
1627470036,1821,373,0,0,9395,1899241
1627470085,1823,373,0,0,9395,1932979
1627470140,1825,373,0,0,9395,1970485
1627470200,1825,373,0,0,9395,2011955
1627470263,1833,375,1,0,9400,2055810
1627470323,1847,375,1,0,9400,2100089
1627470380,1851,375,1,0,9400,2144459
1627470436,1864,378,1,0,9486,2188829
1627470492,1886,380,1,0,9488,2233199
1627470545,1889,381,1,0,9489,2277569
1627470595,1892,381,1,0,9489,2321429
1627470637,1892,381,1,0,9489,2356619
1627470640,1892,381,1,0,9489,2358423
1627470693,1898,382,1,0,9495,2403479
1627470747,1906,384,1,0,9528,2448535
1627470807,1906,384,1,0,9528,2473870
1627470843,1906,384,1,0,9528,2498693
1627470890,1906,384,1,0,9528,2530249
1627470940,1911,386,1,0,9537,2564279
1627470996,1913,387,1,0,9539,2603271
1627471052,1918,387,1,0,9539,2643900
1627471108,1926,387,1,0,9539,2685059
1627471160,1934,387,1,0,9539,2726368
1627471210,1939,388,1,0,9546,2767678
1627471260,1951,388,1,0,9546,2808988
1627471309,1954,389,1,0,9548,2850298
1627471356,1957,389,1,0,9548,2891098
1627471397,1957,389,1,0,9548,2925268
1627471400,1957,389,1,0,9548,2927569
1627471450,1963,389,1,0,9548,2969553
1627471511,1963,389,1,0,9548,2995364
1627471549,1964,389,2,0,9548,3020369
1627471593,1970,390,2,0,9551,3049734
1627471646,1972,390,2,0,9551,3084926
1627471702,1973,390,2,0,9551,3122549
1627471760,1985,390,2,0,9551,3162505
1627471818,2003,390,2,0,9551,3203296
1627471874,2014,391,2,0,9552,3244095
1627471926,2037,393,2,0,9561,3284895
1627471974,2043,393,2,0,9561,3325695
1627472022,2044,393,2,0,9561,3366495
1627472069,2045,393,2,0,9561,3407295
1627472107,2045,393,2,0,9561,3440445
1627472110,2045,393,2,0,9561,3442805
1627472159,2051,394,2,0,9562,3484277
1627472208,2057,395,2,0,9565,3525749
1627472268,2057,395,2,0,9565,3550852
1627472305,2057,395,2,0,9565,3575735
1627472345,2058,395,2,0,9565,3602889
1627472394,2064,395,2,0,9565,3635853
1627472447,2067,395,2,0,9565,3671455
1627472502,2070,395,2,0,9565,3710161
1627472557,2080,395,2,0,9565,3749371
1627472612,2093,395,2,0,9565,3788641
1627472662,2104,395,2,0,9565,3827911
1627472709,2104,395,2,0,9565,3867181
1627472755,2105,395,2,0,9565,3906451
1627472799,2108,395,2,0,9565,3945721
1627472836,2113,395,2,0,9565,3977341
1627472839,2113,395,2,0,9565,3979636
1627472886,2117,396,2,0,9568,4019572
1627472933,2122,397,2,0,9576,4059508
1627472997,2122,397,2,0,9576,4087131
1627473037,2122,397,2,0,9576,4113699
1627473087,2123,397,2,0,9576,4146964
1627473143,2123,397,2,0,9576,4185114
1627473203,2128,397,2,0,9576,4224956
1627473263,2132,397,2,0,9576,4266387
1627473322,2139,397,2,0,9576,4308203
1627473381,2153,398,2,0,9577,4350023
1627473435,2157,398,2,0,9577,4391843
1627473484,2161,399,2,0,9579,4433663
1627473532,2164,399,2,0,9579,4475483
1627473580,2164,399,2,0,9579,4517303
1627473619,2164,399,2,0,9579,4550963
1627473623,2164,399,2,0,9579,4553293
1627473673,2167,399,2,0,9579,4595789
1627473735,2167,399,2,0,9579,4621946
1627473773,2167,399,2,0,9579,4647521
1627473822,2167,399,2,0,9579,4680557
1627473877,2167,399,2,0,9579,4717321
1627473938,2169,400,2,0,9586,4757811
1627473999,2176,400,2,0,9586,4798935
1627474058,2182,400,3,0,9586,4840225
1627474115,2183,400,3,0,9586,4881534
1627474169,2186,400,3,0,9586,4922844
1627474218,2188,400,3,0,9586,4964154
1627474267,2189,400,3,0,9586,5005464
1627474314,2190,400,3,0,9586,5046774
1627474354,2191,400,3,0,9586,5080434
1627474357,2191,400,3,0,9586,5082866
1627474407,2192,400,3,0,9586,5124850
1627474472,2192,400,3,0,9586,5153101
1627474516,2192,400,3,0,9586,5182067
1627474570,2192,400,3,0,9586,5217554
1627474626,2193,400,3,0,9586,5254369
1627474686,2195,400,3,0,9586,5293976
1627474747,2197,400,3,0,9586,5335649
1627474809,2202,400,3,0,9586,5377976
1627474868,2206,400,3,0,9586,5420235
1627474924,2209,401,3,0,9587,5462565
1627474976,2210,401,3,0,9587,5504895
1627475025,2210,401,3,0,9587,5547225
1627475073,2211,401,3,0,9587,5589555
1627475114,2211,401,3,0,9587,5624235
1627475117,2211,401,3,0,9587,5626104
1627475168,2213,401,3,0,9587,5669112
1627475233,2213,401,3,0,9587,5697679
1627475276,2213,401,3,0,9587,5725570
1627475329,2213,401,3,0,9587,5760178
1627475385,2213,401,3,0,9587,5797061
1627475445,2213,401,3,0,9587,5837689
1627475508,2214,401,3,0,9587,5879685
1627475569,2216,402,3,0,9596,5922502
1627475629,2217,402,3,0,9596,5965338
1627475686,2221,402,3,0,9596,6008178
1627475738,2221,402,3,0,9596,6051018
1627475788,2221,402,3,0,9596,6093858
1627475838,2221,402,3,0,9596,6136698
1627475878,2221,402,3,0,9596,6171888
1627475881,2221,402,3,0,9596,6173714
1627475933,2224,402,3,0,9596,6217234
1627475996,2224,402,3,0,9596,6244478
1627476042,2224,402,3,0,9596,6274974
1627476092,2224,402,3,0,9596,6307713
1627476150,2225,403,3,0,9611,6346088
1627476212,2225,403,3,0,9611,6387328
1627476273,2225,403,3,0,9611,6429083
1627476333,2228,403,3,0,9611,6471405
1627476392,2231,403,3,0,9611,6513732
1627476448,2235,403,3,0,9611,6556062
1627476499,2237,403,3,0,9611,6598392
1627476548,2237,403,3,0,9611,6640722
1627476597,2237,403,3,0,9611,6683052
1627476637,2237,403,3,0,9611,6717732
1627476640,2237,403,3,0,9611,6719772
1627476692,2239,403,3,0,9611,6762780
1627476756,2239,403,3,0,9611,6790941
1627476797,2240,403,3,0,9611,6817451
1627476845,2240,403,3,0,9611,6849516
1627476902,2240,403,3,0,9611,6887346
1627476962,2240,403,3,0,9611,6926994
1627477021,2240,403,3,0,9611,6968200
1627477080,2242,403,3,0,9611,7010017
1627477138,2248,403,3,0,9611,7051837
1627477192,2254,403,3,0,9611,7093657
1627477243,2254,403,3,0,9611,7135477
1627477291,2254,403,3,0,9611,7177297
1627477339,2254,403,3,0,9611,7219117
1627477378,2254,403,3,0,9611,7253287
1627477382,2254,403,3,0,9611,7255303
1627477432,2257,403,3,0,9611,7297799
1627477495,2257,403,3,0,9611,7324033
1627477539,2257,403,3,0,9611,7353424
1627477589,2257,403,3,0,9611,7385533
1627477645,2257,403,3,0,9611,7422197
1627477706,2257,403,3,0,9611,7462589
1627477768,2258,404,3,0,9613,7504898
1627477829,2258,404,3,0,9613,7547179
1627477887,2261,404,3,0,9613,7589509
1627477945,2267,405,3,0,9628,7631839
1627477997,2269,405,3,0,9628,7674169
1627478046,2270,405,3,0,9628,7716499
1627478093,2270,405,3,0,9628,7758829
1627478133,2270,405,3,0,9628,7793509
1627478136,2270,405,3,0,9628,7795393
1627478187,2270,405,3,0,9628,7838401
1627478252,2270,405,3,0,9628,7866368
1627478293,2270,405,3,0,9628,7893082
1627478342,2271,405,3,0,9628,7925883
1627478399,2271,405,3,0,9628,7963572
1627478461,2272,405,3,0,9628,8004594
1627478523,2272,405,3,0,9628,8046611
1627478585,2272,405,3,0,9628,8088933
1627478645,2275,406,3,0,9649,8131106
1627478703,2280,408,3,0,9652,8173413
1627478756,2282,409,3,0,9653,8215743
1627478805,2282,409,3,0,9653,8258073
1627478854,2282,409,3,0,9653,8300403
1627478895,2282,409,3,0,9653,8335593
1627478898,2282,409,3,0,9653,8337925
1627478950,2289,410,3,0,9654,8380933
1627479001,2290,410,3,0,9654,8423941
1627479062,2290,410,3,0,9654,8449993
1627479104,2290,410,3,0,9654,8476942
1627479156,2290,410,3,0,9654,8511261
1627479211,2290,410,3,0,9654,8547346
1627479271,2290,410,3,0,9654,8587039
1627479333,2293,410,3,0,9654,8628879
1627479394,2294,410,3,0,9654,8671153
1627479455,2295,410,3,0,9654,8713481
1627479512,2295,410,3,0,9654,8755811
1627479564,2297,410,3,0,9654,8798141
1627479615,2297,410,3,0,9654,8840471
1627479664,2298,411,3,0,9655,8882801
1627479705,2298,411,3,0,9655,8917991
1627479709,2298,411,3,0,9655,8920299
1627479760,2302,412,3,0,9682,8963307
1627479811,2304,414,3,0,9705,9006315
1627479871,2304,414,3,0,9705,9031287
1627479913,2304,414,3,0,9705,9058555
1627479961,2304,414,3,0,9705,9090488
1627480018,2305,414,3,0,9705,9128004
1627480079,2305,414,3,0,9705,9168077
1627480140,2306,415,3,0,9706,9209765
1627480201,2308,415,3,0,9706,9251558
1627480260,2308,415,3,0,9706,9293376
1627480317,2313,415,3,0,9706,9335196
1627480369,2314,415,3,0,9706,9377016
1627480418,2315,415,3,0,9706,9418836
1627480467,2316,415,3,0,9706,9460656
1627480508,2316,415,3,0,9706,9495846
1627480512,2316,415,3,0,9706,9498159
1627480563,2320,417,3,0,9712,9540655
1627480612,2320,417,3,0,9712,9583151
1627480663,2321,417,3,0,9712,9625647
1627480724,2321,417,3,0,9712,9651258
1627480767,2321,417,3,0,9712,9678811
1627480815,2322,417,4,0,9712,9710682
1627480869,2322,417,4,0,9712,9745885
1627480927,2322,417,4,0,9712,9784624
1627480988,2322,417,4,0,9712,9825753
1627481048,2324,417,4,0,9712,9867514
1627481107,2326,417,4,0,9712,9909278
1627481162,2328,418,4,0,9713,9951098
1627481213,2328,418,4,0,9713,9992918
1627481263,2329,418,4,0,9713,10034738
1627481311,2329,418,4,0,9713,10076048
1627481351,2329,418,4,0,9713,10111238
1627481354,2329,418,4,0,9713,10113774
1627481404,2333,418,4,0,9713,10156270
1627481463,2333,418,4,0,9713,10180482
1627481500,2333,418,4,0,9713,10205546
1627481546,2333,418,4,0,9713,10235774
1627481598,2333,418,4,0,9713,10269908
1627481654,2333,418,4,0,9713,10307873
1627481710,2333,418,4,0,9713,10347697
1627481768,2335,418,4,0,9713,10387949
1627481824,2335,418,4,0,9713,10428120
1627481878,2336,418,4,0,9713,10468410
1627481926,2337,418,5,0,9713,10508190
1627481974,2337,418,5,0,9713,10547970
1627482019,2337,418,5,0,9713,10587750
1627482058,2337,418,5,0,9713,10621920
1627482062,2337,418,5,0,9713,10624241
1627482110,2341,419,5,0,9717,10665201
1627482158,2344,419,5,0,9717,10706161
1627482221,2345,419,5,0,9717,10732647
1627482260,2345,419,5,0,9717,10758036
1627482310,2345,419,5,0,9717,10791099
1627482363,2345,419,5,0,9717,10826324
1627482420,2345,419,5,0,9717,10865307
1627482480,2346,419,5,0,9717,10906293
1627482540,2347,419,5,0,9717,10947570
1627482599,2347,419,5,0,9717,10988880
1627482653,2348,420,5,0,9740,11030190
1627482702,2348,420,5,0,9740,11070480
1627482749,2348,420,5,0,9740,11110770
1627482796,2350,420,5,0,9740,11151060
1627482836,2350,420,5,0,9740,11186250
1627482840,2350,420,5,0,9740,11188778
1627482890,2352,420,5,0,9740,11230762
1627482953,2352,420,5,0,9740,11257155
1627482992,2352,420,5,0,9740,11282953
1627483043,2353,420,6,0,9740,11316350
1627483097,2353,420,6,0,9740,11351817
1627483155,2353,420,6,0,9740,11391048
1627483214,2353,420,6,0,9740,11430990
1627483273,2353,420,6,0,9740,11471532
1627483332,2354,420,6,0,9740,11512332
1627483385,2358,420,6,0,9740,11552622
1627483434,2358,420,6,0,9740,11592402
1627483482,2358,420,6,0,9740,11632182
1627483528,2358,420,6,0,9740,11671962
1627483568,2358,420,6,0,9740,11706642
1627483572,2358,420,6,0,9740,11709168
1627483622,2358,420,6,0,9740,11750640
1627483685,2358,420,6,0,9740,11775062
1627483724,2358,420,6,0,9740,11800508
1627483771,2358,420,6,0,9740,11831349
1627483821,2358,420,6,0,9740,11865186
1627483877,2358,420,6,0,9740,11903136
1627483935,2359,420,6,0,9740,11942836
1627483992,2360,420,6,0,9740,11982914
1627484049,2362,420,6,0,9740,12023197
1627484102,2362,420,6,0,9740,12062963
1627484150,2364,420,6,0,9740,12102233
1627484198,2364,420,6,0,9740,12141503
1627484242,2364,420,6,0,9740,12180773
1627484282,2364,420,6,0,9740,12214943
1627484285,2364,420,6,0,9740,12217240
1627484335,2367,421,6,0,9741,12258200
1627484384,2368,422,6,0,9743,12299160
1627484443,2368,422,6,0,9743,12323385
1627484483,2368,422,6,0,9743,12348964
1627484529,2368,422,6,0,9743,12380099
1627484581,2368,422,6,0,9743,12413838
1627484637,2368,422,6,0,9743,12452170
1627484695,2368,422,6,0,9743,12492180
1627484753,2368,422,6,0,9743,12532285
1627484810,2368,422,6,0,9743,12572575
1627484863,2369,423,6,0,9772,12612355
1627484911,2370,423,6,0,9772,12651625
1627484958,2370,423,6,0,9772,12690895
1627485004,2370,423,6,0,9772,12730165
1627485043,2370,423,6,0,9772,12764335
1627485047,2370,423,6,0,9772,12766807
1627485096,2371,423,6,0,9772,12807767
1627485160,2371,423,6,0,9772,12834437
1627485201,2371,423,6,0,9772,12860967
1627485248,2371,423,6,0,9772,12891296
1627485299,2371,423,6,0,9772,12925047
1627485353,2373,423,6,0,9772,12961646
1627485412,2373,423,6,0,9772,13001548
1627485471,2374,424,6,0,9774,13042226
1627485528,2374,424,6,0,9774,13083024
1627485581,2375,425,6,0,9816,13123314
1627485630,2376,425,6,0,9816,13163094
1627485677,2376,425,6,0,9816,13202874
1627485723,2376,425,6,0,9816,13242654
1627485763,2376,425,6,0,9816,13277334
1627485767,2376,425,6,0,9816,13279676
1627485817,2377,426,6,0,9817,13321148
1627485866,2378,426,6,0,9817,13362620
1627485931,2378,426,6,0,9817,13388872
1627485972,2378,426,6,0,9817,13415753
1627486020,2378,426,6,0,9817,13447303
1627486072,2379,427,6,0,9818,13481907
1627486128,2380,427,6,0,9818,13519278
1627486186,2380,427,6,0,9818,13559611
1627486244,2380,427,6,0,9818,13600587
1627486301,2381,428,6,0,9820,13641889
1627486355,2384,428,6,0,9820,13682689
1627486405,2384,428,6,0,9820,13722979
1627486452,2384,428,6,0,9820,13763269
1627486498,2385,428,6,0,9820,13803559
1627486539,2385,428,6,0,9820,13838749
1627486542,2385,428,6,0,9820,13841090
1627486592,2388,429,6,0,9821,13883074
1627486642,2388,429,6,0,9821,13925058
1627486708,2388,429,6,0,9821,13952471
1627486751,2388,429,6,0,9821,13980168
1627486802,2388,429,6,0,9821,14013217
1627486855,2388,429,6,0,9821,14048542
1627486910,2388,429,6,0,9821,14085760
1627486971,2388,429,6,0,9821,14127455
1627487031,2388,429,6,0,9821,14169826
1627487092,2388,429,6,0,9821,14212643
1627487148,2388,429,6,0,9821,14254973
1627487198,2389,429,6,0,9821,14296793
1627487249,2389,429,6,0,9821,14338613
1627487297,2389,429,6,0,9821,14380433
1627487339,2389,429,6,0,9821,14417153
1627487342,2389,429,6,0,9821,14419456
1627487395,2392,429,6,0,9821,14462976
1627487458,2392,429,6,0,9821,14489381
1627487502,2392,429,6,0,9821,14517462
1627487552,2392,429,6,0,9821,14550107
1627487605,2392,429,6,0,9821,14585077
1627487663,2392,429,6,0,9821,14623866
1627487723,2392,429,6,0,9821,14665703
1627487784,2392,429,6,0,9821,14707855
1627487844,2392,429,6,0,9821,14750164
1627487899,2392,429,6,0,9821,14791984
1627487948,2394,429,6,0,9821,14833294
1627487997,2395,429,6,0,9821,14874604
1627488044,2395,429,6,0,9821,14915914
1627488086,2395,429,6,0,9821,14952124
1627488089,2395,429,6,0,9821,14954421
1627488141,2395,429,6,0,9821,14997429
1627488203,2395,429,6,0,9821,15022879
1627488246,2395,429,6,0,9821,15050084
1627488293,2395,429,6,0,9821,15080741
1627488347,2395,429,6,0,9821,15116137
1627488405,2395,429,6,0,9821,15155463
1627488466,2395,429,6,0,9821,15196954
1627488526,2397,431,6,0,9823,15239088
1627488586,2397,431,6,0,9823,15281396
1627488641,2400,431,6,0,9823,15323216
1627488691,2400,431,6,0,9823,15364526
1627488740,2401,431,6,0,9823,15405836
1627488787,2401,431,6,0,9823,15447146
1627488829,2401,431,6,0,9823,15483356
1627488833,2401,431,6,0,9823,15485655
1627488884,2403,433,6,0,9827,15528663
1627488936,2403,433,6,0,9827,15571671
1627488987,2403,433,6,0,9827,15614679
1627489051,2403,433,6,0,9827,15641325
1627489095,2403,433,6,0,9827,15669324
1627489143,2403,433,6,0,9827,15700942
1627489198,2403,433,6,0,9827,15736951
1627489257,2403,433,6,0,9827,15776124
1627489317,2403,433,6,0,9827,15817243
1627489376,2403,433,6,0,9827,15858938
1627489436,2403,433,6,0,9827,15900758
1627489491,2403,433,6,0,9827,15942068
1627489540,2403,433,6,0,9827,15982868
1627489589,2403,433,6,0,9827,16023668
1627489635,2403,433,6,0,9827,16064468
1627489677,2403,433,6,0,9827,16100168
1627489680,2403,433,6,0,9827,16102464
1627489731,2403,433,6,0,9827,16144960
1627489796,2403,433,6,0,9827,16171949
1627489838,2403,433,6,0,9827,16199395
1627489886,2403,433,6,0,9827,16230768
1627489940,2403,433,6,0,9827,16266197
1627490001,2403,433,6,0,9827,16305686
1627490061,2403,433,6,0,9827,16346377
1627490119,2403,433,6,0,9827,16387434
1627490179,2406,433,6,0,9827,16428743
1627490232,2407,433,6,0,9827,16469543
1627490282,2407,433,6,0,9827,16509833
1627490330,2407,433,6,0,9827,16550123
1627490377,2407,433,6,0,9827,16590413
1627490417,2407,433,6,0,9827,16625603
1627490421,2407,433,6,0,9827,16627899
1627490471,2409,434,6,0,9828,16669883
1627490521,2409,434,6,0,9828,16711867
1627490586,2409,434,6,0,9828,16739023
1627490627,2409,434,6,0,9828,16765291
1627490675,2409,434,6,0,9828,16796585
1627490727,2409,434,6,0,9828,16831166
1627490786,2409,434,6,0,9828,16869835
1627490846,2409,434,6,0,9828,16910331
1627490904,2409,434,6,0,9828,16951354
1627490963,2409,434,6,0,9828,16992611
1627491016,2409,434,6,0,9828,17033411
1627491065,2409,434,6,0,9828,17073701
1627491113,2409,434,6,0,9828,17113991
1627491159,2409,434,6,0,9828,17154281
1627491200,2409,434,6,0,9828,17189471
1627491203,2409,434,6,0,9828,17191504
1627491253,2410,434,6,0,9828,17233488
1627491317,2410,434,6,0,9828,17260162
1627491360,2410,434,6,0,9828,17288043
1627491407,2410,434,6,0,9828,17319505
1627491460,2410,434,6,0,9828,17354408
1627491519,2410,434,6,0,9828,17394065
1627491580,2410,434,6,0,9828,17435369
1627491641,2410,434,6,0,9828,17477019
1627491701,2410,434,6,0,9828,17518839
1627491755,2411,434,6,0,9828,17560149
1627491804,2411,434,6,0,9828,17600949
1627491852,2411,434,6,0,9828,17641749
1627491899,2411,434,6,0,9828,17682549
1627491940,2411,434,6,0,9828,17718249
1627491943,2411,434,6,0,9828,17720034
1627491994,2411,434,6,0,9828,17762530
1627492059,2411,434,6,0,9828,17790470
1627492100,2411,434,6,0,9828,17816983
1627492151,2411,434,6,0,9828,17850487
1627492205,2411,434,6,0,9828,17885799
1627492265,2411,434,6,0,9828,17925592
1627492327,2412,434,6,0,9828,17967508
1627492388,2412,434,6,0,9828,18009642
1627492448,2412,434,6,0,9828,18051971
1627492502,2412,434,6,0,9828,18093791
1627492553,2412,434,6,0,9828,18135101
1627492602,2412,434,6,0,9828,18176411
1627492649,2412,434,6,0,9828,18217721
1627492691,2412,434,6,0,9828,18253931
1627492694,2412,434,6,0,9828,18256447
1627492746,2413,434,6,0,9828,18299455
1627492811,2413,434,6,0,9828,18327162
1627492852,2413,434,6,0,9828,18353717
1627492903,2413,434,6,0,9828,18386931
1627492955,2413,434,6,0,9828,18422127
1627493013,2413,434,6,0,9828,18460799
1627493073,2413,434,6,0,9828,18501539
1627493133,2414,434,6,0,9828,18542728
1627493192,2415,434,6,0,9828,18584038
1627493245,2415,434,6,0,9828,18624838
1627493294,2415,434,6,0,9828,18665128
1627493341,2415,434,6,0,9828,18705418
1627493387,2415,434,6,0,9828,18745708
1627493428,2415,434,6,0,9828,18780898
1627493431,2415,434,6,0,9828,18783227
1627493481,2415,434,6,0,9828,18825211
1627493546,2415,434,6,0,9828,18852272
1627493589,2415,434,6,0,9828,18879451
1627493637,2415,434,6,0,9828,18911240
1627493692,2415,434,6,0,9828,18946594
1627493749,2415,434,6,0,9828,18984845
1627493811,2415,434,6,0,9828,19026409
1627493873,2415,434,6,0,9828,19068585
1627493934,2415,434,6,0,9828,19110915
1627493989,2418,434,6,0,9828,19152735
1627494039,2418,434,6,0,9828,19194045
1627494088,2418,434,6,0,9828,19235355
1627494135,2418,434,6,0,9828,19276665
1627494177,2418,434,6,0,9828,19312875
1627494181,2418,434,6,0,9828,19315192
1627494232,2419,434,6,0,9828,19358200
1627494297,2419,434,6,0,9828,19385573
1627494338,2419,434,6,0,9828,19412022
1627494387,2419,434,6,0,9828,19443534
1627494440,2419,434,6,0,9828,19478648
1627494499,2419,434,6,0,9828,19517598
1627494560,2419,434,6,0,9828,19558813
1627494621,2419,434,6,0,9828,19600625
1627494680,2419,434,6,0,9828,19642445
1627494734,2420,434,6,0,9828,19683755
1627494783,2420,434,6,0,9828,19724555
1627494831,2420,434,6,0,9828,19765355
1627494877,2420,434,6,0,9828,19806155
1627494918,2420,434,6,0,9828,19841855
1627494922,2420,434,6,0,9828,19844402
1627494973,2422,434,6,0,9828,19886898
1627495036,2422,434,6,0,9828,19913198
1627495077,2422,434,6,0,9828,19939834
1627495125,2422,434,6,0,9828,19971143
1627495177,2422,434,6,0,9828,20005363
1627495234,2422,434,6,0,9828,20043138
1627495294,2423,434,6,0,9828,20084451
1627495355,2423,434,6,0,9828,20126217
1627495415,2423,434,6,0,9828,20167457
1627495468,2423,434,6,0,9828,20208257
1627495518,2423,434,6,0,9828,20248547
1627495565,2423,434,6,0,9828,20288837
1627495611,2423,434,6,0,9828,20329127
1627495652,2423,434,6,0,9828,20364317
1627495656,2423,434,6,0,9828,20366680
1627495706,2425,434,6,0,9828,20409176
1627495770,2425,434,6,0,9828,20436339
1627495813,2425,434,6,0,9828,20464061
1627495861,2425,434,6,0,9828,20495290
1627495914,2425,434,6,0,9828,20530640
1627495973,2425,434,6,0,9828,20569240
1627496032,2425,434,6,0,9828,20609862
1627496092,2425,434,6,0,9828,20651584
1627496152,2425,434,6,0,9828,20692894
1627496205,2425,434,6,0,9828,20733694
1627496255,2425,434,6,0,9828,20773984
1627496302,2425,434,6,0,9828,20814274
1627496348,2425,434,6,0,9828,20854564
1627496389,2425,434,6,0,9828,20889754
1627496393,2425,434,6,0,9828,20892091
1627496443,2427,434,6,0,9828,20934587
1627496509,2427,434,6,0,9828,20962551
1627496552,2427,434,6,0,9828,20990537
1627496602,2427,434,6,0,9828,21022606
1627496656,2427,434,6,0,9828,21058522
1627496714,2427,434,6,0,9828,21096878
1627496775,2427,434,6,0,9828,21138901
1627496839,2427,434,6,0,9828,21181672
1627496900,2428,434,6,0,9828,21223925
1627496955,2428,434,6,0,9828,21265745
1627497006,2428,434,6,0,9828,21307055
1627497054,2428,434,6,0,9828,21348365
1627497101,2428,434,6,0,9828,21389675
1627497143,2428,434,6,0,9828,21425885
1627497146,2428,434,6,0,9828,21428240
1627497198,2429,434,6,0,9828,21471760
1627497263,2429,434,6,0,9828,21497887
1627497305,2429,434,6,0,9828,21525936
1627497353,2429,434,6,0,9828,21556707
1627497403,2429,434,6,0,9828,21590020
1627497459,2429,434,6,0,9828,21627582
1627497520,2429,434,6,0,9828,21668565
1627497580,2429,434,6,0,9828,21710716
1627497640,2429,434,6,0,9828,21752526
1627497694,2429,434,6,0,9828,21793836
1627497744,2429,434,6,0,9828,21834636
1627497792,2430,434,6,0,9828,21875436
1627497839,2430,434,6,0,9828,21916236
1627497879,2430,434,6,0,9828,21951936
1627497883,2430,434,6,0,9828,21954264
1627497934,2433,434,6,0,9828,21997272
1627497996,2433,434,6,0,9828,22022816
1627498035,2433,434,6,0,9828,22048533
1627498080,2433,434,6,0,9828,22078221
1627498133,2433,434,6,0,9828,22112736
1627498187,2433,434,6,0,9828,22148797
1627498246,2433,434,6,0,9828,22189171
1627498305,2433,434,6,0,9828,22230375
1627498362,2434,434,6,0,9828,22271157
1627498415,2435,434,6,0,9828,22311447
1627498463,2435,434,6,0,9828,22351227
1627498510,2435,434,6,0,9828,22391007
1627498556,2435,434,6,0,9828,22430787
1627498597,2435,434,6,0,9828,22465977
1627498602,2435,434,6,0,9828,22469023
1627498652,2435,434,6,0,9828,22511007
1627498715,2435,434,6,0,9828,22537551
1627498758,2435,434,6,0,9828,22565016
1627498807,2435,434,6,0,9828,22597648
1627498860,2435,434,6,0,9828,22632233
1627498914,2435,434,6,0,9828,22669547
1627498975,2435,434,6,0,9828,22710925
1627499036,2435,434,6,0,9828,22752685
1627499094,2435,434,6,0,9828,22793924
1627499147,2435,434,6,0,9828,22834724
1627499195,2435,434,6,0,9828,22875014
1627499243,2435,434,6,0,9828,22915304
1627499289,2435,434,6,0,9828,22955594
1627499331,2435,434,6,0,9828,22991294
1627499335,2435,434,6,0,9828,22994106
1627499386,2436,435,6,0,9830,23036602
1627499437,2439,437,6,0,9832,23079098
1627499498,2440,437,7,0,9832,23104188
1627499536,2440,437,7,0,9832,23128855
1627499582,2440,437,7,0,9832,23159372
1627499632,2440,437,7,0,9832,23192389
1627499686,2440,437,7,0,9832,23228928
1627499744,2440,437,7,0,9832,23267896
1627499801,2440,437,7,0,9832,23307578
1627499856,2440,437,7,0,9832,23347349
1627499907,2440,437,7,0,9832,23386619
1627499955,2440,437,7,0,9832,23425379
1627500001,2440,437,7,0,9832,23464139
1627500046,2440,437,7,0,9832,23502899
1627500086,2440,437,7,0,9832,23537069
1627500091,2440,437,7,0,9832,23540097
1627500140,2441,437,7,0,9832,23581057
1627500204,2441,437,7,0,9832,23607372
1627500245,2441,437,7,0,9832,23633433
1627500291,2441,437,7,0,9832,23663780
1627500342,2441,437,7,0,9832,23697146
1627500395,2441,437,7,0,9832,23733307
1627500453,2441,437,7,0,9832,23773179
1627500512,2442,437,7,0,9832,23812789
1627500566,2442,437,7,0,9832,23852566
1627500618,2442,437,7,0,9832,23892346
1627500666,2442,437,7,0,9832,23931616
1627500712,2442,437,7,0,9832,23970886
1627500757,2442,437,7,0,9832,24010156
1627500797,2442,437,7,0,9832,24044836
1627500802,2442,437,7,0,9832,24047799
1627500852,2444,437,7,0,9832,24089271
1627500914,2444,437,7,0,9832,24114606
1627500955,2444,437,7,0,9832,24140718
1627501003,2444,437,7,0,9832,24171483
1627501055,2444,437,7,0,9832,24205482
1627501111,2444,437,7,0,9832,24243310
1627501170,2444,437,7,0,9832,24283325
1627501227,2444,437,7,0,9832,24322939
1627501282,2444,437,7,0,9832,24362717
1627501333,2445,437,7,0,9832,24402497
1627501382,2445,437,7,0,9832,24441767
1627501429,2445,437,7,0,9832,24481037
1627501474,2445,437,7,0,9832,24520307
1627501514,2445,437,7,0,9832,24554987
1627501518,2445,437,7,0,9832,24557919
1627501568,2445,437,7,0,9832,24599391
1627501633,2445,437,7,0,9832,24626137
1627501676,2445,437,7,0,9832,24653304
1627501726,2445,437,7,0,9832,24685174
1627501779,2445,437,7,0,9832,24719664
1627501834,2445,437,7,0,9832,24756839
1627501894,2445,437,7,0,9832,24797294
1627501954,2445,437,7,0,9832,24837424
1627502009,2445,437,7,0,9832,24877643
1627502060,2445,437,7,0,9832,24917933
1627502109,2445,437,7,0,9832,24957713
1627502156,2445,437,7,0,9832,24997493
1627502202,2445,437,7,0,9832,25037273
1627502243,2445,437,7,0,9832,25072463
1627502247,2445,437,7,0,9832,25075271
1627502298,2445,437,7,0,9832,25117255
1627502360,2445,437,7,0,9832,25142655
1627502402,2445,437,7,0,9832,25169560
1627502449,2445,437,7,0,9832,25200078
1627502500,2445,437,7,0,9832,25233521
1627502555,2445,437,7,0,9832,25270321
1627502614,2445,437,7,0,9832,25309976
1627502671,2445,437,7,0,9832,25349203
1627502724,2445,437,7,0,9832,25388402
1627502775,2445,437,7,0,9832,25427672
1627502823,2445,437,7,0,9832,25466432
1627502869,2445,437,7,0,9832,25505192
1627502913,2445,437,7,0,9832,25543952
1627502953,2445,437,7,0,9832,25578122
1627502957,2445,437,7,0,9832,25581031
1627503006,2445,437,7,0,9832,25621991
1627503069,2445,437,7,0,9832,25647905
1627503111,2445,437,7,0,9832,25674781
1627503159,2445,437,7,0,9832,25705396
1627503212,2445,437,7,0,9832,25739835
1627503266,2445,437,7,0,9832,25776138
1627503325,2445,437,7,0,9832,25816059
1627503384,2445,437,7,0,9832,25855629
1627503438,2445,437,7,0,9832,25895338
1627503488,2445,437,7,0,9832,25935118
1627503536,2445,437,7,0,9832,25974388
1627503582,2445,437,7,0,9832,26013658
1627503627,2446,437,7,0,9832,26052928
1627503667,2446,437,7,0,9832,26087608
1627503671,2446,437,7,0,9832,26090468
1627503720,2448,438,7,0,9834,26131940
1627503770,2449,439,7,0,9835,26173412
1627503832,2449,439,7,0,9835,26198597
1627503870,2449,439,7,0,9835,26223430
1627503916,2449,439,7,0,9835,26252932
1627503967,2449,439,7,0,9835,26286016
1627504019,2450,440,7,0,9836,26321287
1627504077,2450,440,7,0,9836,26360553
1627504133,2450,440,7,0,9836,26399224
1627504185,2450,440,7,0,9836,26437907
1627504234,2451,440,7,0,9836,26476667
1627504281,2451,440,7,0,9836,26514917
1627504326,2451,440,7,0,9836,26553167
1627504370,2451,440,7,0,9836,26591417
1627504409,2451,440,7,0,9836,26625077
1627504413,2451,440,7,0,9836,26627920
1627504461,2451,440,7,0,9836,26668368
1627504521,2451,440,7,0,9836,26692540
1627504559,2451,440,7,0,9836,26717576
1627504604,2451,440,7,0,9836,26747154
1627504655,2451,440,7,0,9836,26779982
1627504708,2451,440,7,0,9836,26816111
1627504766,2451,440,7,0,9836,26855473
1627504822,2451,440,7,0,9836,26894187
1627504875,2451,440,7,0,9836,26932876
1627504925,2452,440,7,0,9836,26971636
1627504971,2452,440,7,0,9836,27009886
1627505016,2453,440,7,0,9836,27048136
1627505060,2455,440,7,0,9836,27086386
1627505099,2455,440,7,0,9836,27120046
1627505104,2455,440,7,0,9836,27123068
1627505152,2455,440,7,0,9836,27163516
1627505213,2455,440,7,0,9836,27188053
1627505253,2455,440,7,0,9836,27214323
1627505301,2455,440,7,0,9836,27245357
1627505352,2455,440,7,0,9836,27278747
1627505406,2455,440,7,0,9836,27315802
1627505465,2455,440,7,0,9836,27355611
1627505523,2455,440,7,0,9836,27395213
1627505578,2455,440,7,0,9836,27434922
1627505629,2455,440,7,0,9836,27474702
1627505676,2455,440,7,0,9836,27513972
1627505722,2455,440,7,0,9836,27553242
1627505767,2455,440,7,0,9836,27592512
1627505807,2455,440,7,0,9836,27627192
1627505811,2455,440,7,0,9836,27630044
1627505861,2456,440,7,0,9836,27671516
1627505942,2456,440,7,0,9836,27694899
1627505981,2456,440,7,0,9836,27720292
1627506028,2456,440,7,0,9836,27750029
1627506079,2456,440,7,0,9836,27783487
1627506134,2456,440,7,0,9836,27820237
1627506191,2456,440,7,0,9836,27858787
1627506247,2457,440,7,0,9836,27897978
1627506300,2457,440,7,0,9836,27937131
1627506351,2457,440,7,0,9836,27976401
1627506400,2458,440,7,0,9836,28015161
1627506447,2458,440,7,0,9836,28053921
1627506492,2458,440,7,0,9836,28092681
1627506531,2458,440,7,0,9836,28126851
1627506536,2458,440,7,0,9836,28129770
1627506584,2459,440,7,0,9836,28170218
1627506645,2459,440,7,0,9836,28194585
1627506683,2459,440,7,0,9836,28219218
1627506729,2459,440,7,0,9836,28249054
1627506780,2459,440,7,0,9836,28282288
1627506834,2459,440,7,0,9836,28318982
1627506891,2459,440,7,0,9836,28357348
1627506946,2459,440,7,0,9836,28396051
1627506999,2461,440,7,0,9836,28434811
1627507049,2461,440,7,0,9836,28473571
1627507097,2462,440,7,0,9836,28511821
1627507143,2463,440,7,0,9836,28550071
1627507187,2463,440,7,0,9836,28588321
1627507226,2463,440,7,0,9836,28621981
1627507231,2463,440,7,0,9836,28625034
1627507279,2464,440,7,0,9836,28664970
1627507338,2464,440,7,0,9836,28687887
1627507375,2464,440,7,0,9836,28711868
1627507420,2464,440,7,0,9836,28741486
1627507471,2464,440,7,0,9836,28774531
1627507524,2464,440,7,0,9836,28810273
1627507580,2464,440,7,0,9836,28848522
1627507637,2464,440,7,0,9836,28887232
1627507689,2464,440,7,0,9836,28925873
1627507739,2464,440,7,0,9836,28964629
1627507786,2464,440,7,0,9836,29002879
1627507833,2464,440,7,0,9836,29041129
1627507877,2464,440,7,0,9836,29079379
1627507916,2464,440,7,0,9836,29113039
1627507920,2464,440,7,0,9836,29115850
1627507968,2464,440,7,0,9836,29155786
1627508028,2464,440,7,0,9836,29179078
1627508067,2464,440,7,0,9836,29204426
1627508114,2464,440,7,0,9836,29234271
1627508164,2464,440,7,0,9836,29267320
1627508218,2464,440,7,0,9836,29303434
1627508275,2464,440,7,0,9836,29341793
1627508331,2464,440,7,0,9836,29380492
1627508383,2464,440,7,0,9836,29419251
1627508432,2464,440,7,0,9836,29458011
1627508479,2464,440,7,0,9836,29496261
1627508525,2464,440,7,0,9836,29534511
1627508569,2464,440,7,0,9836,29572761
1627508608,2464,440,7,0,9836,29606421
1627508613,2464,440,7,0,9836,29609264
1627508661,2464,440,7,0,9836,29649200
1627508722,2464,440,7,0,9836,29673258
1627508762,2464,440,7,0,9836,29698826
1627508806,2464,440,7,0,9836,29727613
1627508855,2464,440,7,0,9836,29759386
1627508909,2464,440,7,0,9836,29795738
1627508966,2464,440,7,0,9836,29834340
1627509022,2464,440,7,0,9836,29873532
1627509074,2464,440,7,0,9836,29912800
1627509125,2464,440,7,0,9836,29952070
1627509173,2465,440,7,0,9836,29990830
1627509220,2466,440,7,0,9836,30029590
1627509264,2466,440,7,0,9836,30068350
1627509304,2466,440,7,0,9836,30102520
1627509308,2466,440,7,0,9836,30105357
1627509356,2466,440,7,0,9836,30145805
1627509420,2466,440,7,0,9836,30171068
1627509456,2466,440,7,0,9836,30194325
1627509502,2466,440,7,0,9836,30223429
1627509552,2466,440,7,0,9836,30255840
1627509606,2466,440,7,0,9836,30291315
1627509663,2466,440,7,0,9836,30329453
1627509721,2467,440,7,0,9836,30368636
1627509773,2467,440,7,0,9836,30407898
1627509824,2467,440,7,0,9836,30447168
1627509871,2467,440,7,0,9836,30485928
1627509918,2467,440,7,0,9836,30524688
1627509963,2467,440,7,0,9836,30563448
1627510002,2467,440,7,0,9836,30597618
1627510007,2467,440,7,0,9836,30600635
1627510056,2468,440,7,0,9836,30641083
1627510115,2468,440,7,0,9836,30664172
1627510152,2468,440,7,0,9836,30688213
1627510199,2468,440,7,0,9836,30718564
1627510248,2468,440,7,0,9836,30751205
1627510304,2468,440,7,0,9836,30788378
1627510361,2468,440,7,0,9836,30827321
1627510417,2468,440,7,0,9836,30866473
1627510471,2468,440,7,0,9836,30905742
1627510522,2469,440,7,0,9836,30945012
1627510569,2469,440,7,0,9836,30983772
1627510615,2470,440,7,0,9836,31022532
1627510659,2470,440,7,0,9836,31061292
1627510698,2470,440,7,0,9836,31095462
1627510703,2470,440,7,0,9836,31098487
1627510751,2471,440,7,0,9836,31138935
1627510812,2471,440,7,0,9836,31163514
1627510850,2471,440,7,0,9836,31188315
1627510895,2471,440,7,0,9836,31217410
1627510945,2471,440,7,0,9836,31250535
1627510998,2471,440,7,0,9836,31286421
1627511054,2471,440,7,0,9836,31324043
1627511111,2471,440,7,0,9836,31363057
1627511164,2471,440,7,0,9836,31402326
1627511213,2471,440,7,0,9836,31441593
1627511262,2471,440,7,0,9836,31480353
1627511307,2471,440,7,0,9836,31519113
1627511352,2471,440,7,0,9836,31557873
1627511391,2471,440,7,0,9836,31592043
1627511395,2471,440,7,0,9836,31594859
1627511444,2472,440,7,0,9836,31635307
1627511505,2472,440,7,0,9836,31659955
1627511541,2472,440,7,0,9836,31683725
1627511584,2472,440,7,0,9836,31711884
1627511633,2472,440,7,0,9836,31744181
1627511685,2472,440,7,0,9836,31779490
1627511742,2472,440,7,0,9836,31818122
1627511798,2472,440,7,0,9836,31857201
1627511851,2473,440,7,0,9836,31896467
1627511902,2473,440,7,0,9836,31935737
1627511951,2473,440,7,0,9836,31974497
1627511997,2473,440,7,0,9836,32013257
1627512042,2473,440,7,0,9836,32052017
1627512081,2473,440,7,0,9836,32086187
1627512086,2473,440,7,0,9836,32089048
1627512134,2473,440,7,0,9836,32129496
1627512195,2473,440,7,0,9836,32154392
1627512233,2473,440,7,0,9836,32178989
1627512276,2473,440,7,0,9836,32207418
1627512326,2473,440,7,0,9836,32239831
1627512377,2473,440,7,0,9836,32274567
1627512433,2473,440,7,0,9836,32312668
1627512489,2473,440,7,0,9836,32351272
1627512540,2473,440,7,0,9836,32390027
1627512591,2473,440,7,0,9836,32428787
1627512638,2473,440,7,0,9836,32467037
1627512684,2473,440,7,0,9836,32505287
1627512729,2473,440,7,0,9836,32543537
1627512768,2474,440,7,0,9836,32577197
1627512772,2474,440,7,0,9836,32580163
1627512820,2474,440,7,0,9836,32620099
1627512882,2474,440,7,0,9836,32644636
1627512921,2474,440,7,0,9836,32669548
1627512965,2474,440,7,0,9836,32698624
1627513014,2474,440,7,0,9836,32731114
1627513067,2474,440,7,0,9836,32766506
1627513122,2474,440,7,0,9836,32803847
1627513178,2474,440,7,0,9836,32842389
1627513230,2474,440,7,0,9836,32881148
1627513281,2474,440,7,0,9836,32919908
1627513327,2474,440,7,0,9836,32958158
1627513373,2474,440,7,0,9836,32996408
1627513417,2474,440,7,0,9836,33034658
1627513456,2474,440,7,0,9836,33068318
1627513461,2474,440,7,0,9836,33071378
1627513509,2477,441,7,0,9838,33111314
1627513557,2478,441,7,0,9838,33151250
1627513620,2478,441,7,0,9838,33176478
1627513658,2478,441,7,0,9838,33200353
1627513702,2478,441,7,0,9838,33229052
1627513750,2478,441,7,0,9838,33261038
1627513801,2478,441,7,0,9838,33295760
1627513857,2478,441,7,0,9838,33333684
1627513913,2478,441,7,0,9838,33372302
1627513965,2478,441,7,0,9838,33411054
1627514014,2478,441,7,0,9838,33449814
1627514061,2478,441,7,0,9838,33488064
1627514106,2478,441,7,0,9838,33526314
1627514150,2478,441,7,0,9838,33564564
1627514189,2478,441,7,0,9838,33598224
1627514193,2478,441,7,0,9838,33601245
1627514241,2478,441,7,0,9838,33641181
1627514300,2478,441,7,0,9838,33664136
1627514339,2478,441,7,0,9838,33688515
1627514385,2478,441,7,0,9838,33717798
1627514435,2478,441,7,0,9838,33750090
1627514488,2478,441,7,0,9838,33786167
1627514544,2478,441,7,0,9838,33824575
1627514601,2478,441,7,0,9838,33863794
1627514653,2478,441,7,0,9838,33903058
1627514704,2478,441,7,0,9838,33942328
1627514752,2478,441,7,0,9838,33981088
1627514798,2478,441,7,0,9838,34019848
1627514843,2478,441,7,0,9838,34058608
1627514882,2478,441,7,0,9838,34092778
1627514886,2478,441,7,0,9838,34095606
1627514935,2478,441,7,0,9838,34136054
1627514998,2478,441,7,0,9838,34161481
1627515038,2478,441,7,0,9838,34186831
1627515085,2478,441,7,0,9838,34216977
1627515137,2478,441,7,0,9838,34250379
1627515192,2478,441,7,0,9838,34286942
1627515250,2478,441,7,0,9838,34325707
1627515307,2478,441,7,0,9838,34365295
1627515360,2478,441,7,0,9838,34405073
1627515412,2478,441,7,0,9838,34444853
1627515460,2478,441,7,0,9838,34484123
1627515507,2478,441,7,0,9838,34523393
1627515552,2478,441,7,0,9838,34562663
1627515592,2478,441,7,0,9838,34597343
1627515596,2481,442,7,0,9840,34600166
1627515645,2482,442,7,0,9840,34641126
1627515707,2483,442,7,0,9840,34665823
1627515746,2483,442,7,0,9840,34690518
1627515790,2483,442,7,0,9840,34719260
1627515839,2483,442,7,0,9840,34751156
1627515893,2483,442,7,0,9840,34786966
1627515950,2483,442,7,0,9840,34825020
1627516006,2483,442,7,0,9840,34863691
1627516058,2484,442,7,0,9840,34902449
1627516108,2484,442,7,0,9840,34941209
1627516155,2484,442,7,0,9840,34979459
1627516201,2484,442,7,0,9840,35017709
1627516244,2484,442,7,0,9840,35055959
1627516283,2484,442,7,0,9840,35089619
1627516287,2484,442,7,0,9840,35092426
1627516335,2485,442,7,0,9840,35132362
1627516396,2485,442,7,0,9840,35157170
1627516433,2485,442,7,0,9840,35180939
1627516480,2485,442,7,0,9840,35210979
1627516532,2485,442,7,0,9840,35244550
1627516587,2485,442,7,0,9840,35280663
1627516644,2485,442,7,0,9840,35319538
1627516701,2485,442,7,0,9840,35358728
1627516754,2486,442,7,0,9840,35397995
1627516805,2486,442,7,0,9840,35437265
1627516854,2486,442,7,0,9840,35476025
1627516900,2486,442,7,0,9840,35514785
1627516944,2486,442,7,0,9840,35553545
1627516984,2486,442,7,0,9840,35587715
1627516988,2486,442,7,0,9840,35590545
1627517036,2486,442,7,0,9840,35630993
1627517097,2486,442,7,0,9840,35655018
1627517134,2486,442,7,0,9840,35678885
1627517176,2486,442,7,0,9840,35706826
1627517224,2486,442,7,0,9840,35738495
1627517275,2486,442,7,0,9840,35773169
1627517331,2486,442,7,0,9840,35810913
1627517386,2486,442,7,0,9840,35849546
1627517437,2486,442,7,0,9840,35888286
1627517488,2486,442,7,0,9840,35927046
1627517535,2486,442,7,0,9840,35965296
1627517581,2486,442,7,0,9840,36003546
1627517626,2486,442,7,0,9840,36041796
1627517664,2486,442,7,0,9840,36075456
1627517668,2486,442,7,0,9840,36078299
1627517715,2486,442,7,0,9840,36118235
1627517775,2486,442,7,0,9840,36142083
1627517814,2486,442,7,0,9840,36167450
1627517857,2486,442,7,0,9840,36195743
1627517906,2486,442,7,0,9840,36228289
1627517961,2486,442,7,0,9840,36264810
1627518018,2486,442,7,0,9840,36303343
1627518073,2486,442,7,0,9840,36342006
1627518125,2486,442,7,0,9840,36380763
1627518175,2486,442,7,0,9840,36419523
1627518223,2486,442,7,0,9840,36457773
1627518269,2486,442,7,0,9840,36496023
1627518313,2486,442,7,0,9840,36534273
1627518352,2486,442,7,0,9840,36567933
1627518357,2486,442,7,0,9840,36570776
1627518405,2488,442,7,0,9840,36610712
1627518466,2488,442,7,0,9840,36634733
1627518505,2488,442,7,0,9840,36660521
1627518550,2488,442,7,0,9840,36690162
1627518600,2488,442,7,0,9840,36723377
1627518653,2488,442,7,0,9840,36759319
1627518710,2488,442,7,0,9840,36797759
1627518766,2488,442,7,0,9840,36836903
1627518818,2488,442,7,0,9840,36876172
1627518868,2488,442,7,0,9840,36915442
1627518917,2488,442,7,0,9840,36954202
1627518963,2488,442,7,0,9840,36992962
1627519007,2488,442,7,0,9840,37031722
1627519047,2488,442,7,0,9840,37065892
1627519051,2488,442,7,0,9840,37068714
1627519099,2490,442,7,0,9840,37109162
1627519158,2490,442,7,0,9840,37132276
1627519195,2490,442,7,0,9840,37155319
1627519241,2490,442,7,0,9840,37185113
1627519289,2490,442,7,0,9840,37217069
1627519342,2490,442,7,0,9840,37252804
1627519398,2490,442,7,0,9840,37290705
1627519453,2490,442,7,0,9840,37329333
1627519505,2490,442,7,0,9840,37368087
1627519555,2490,442,7,0,9840,37406847
1627519602,2490,442,7,0,9840,37445097
1627519647,2492,442,7,0,9840,37483347
1627519691,2492,442,7,0,9840,37521597
1627519730,2492,442,7,0,9840,37555257
1627519734,2492,442,7,0,9840,37558283
1627519782,2493,442,7,0,9840,37598219
1627519843,2493,442,7,0,9840,37622422
1627519883,2493,442,7,0,9840,37647818
1627519931,2493,442,7,0,9840,37678312
1627519982,2493,442,7,0,9840,37711135
1627520037,2493,442,7,0,9840,37747640
1627520093,2493,442,7,0,9840,37786146
1627520149,2494,442,8,0,9840,37825251
1627520202,2494,442,8,0,9840,37864360
1627520252,2494,442,8,0,9840,37903630
1627520301,2494,442,8,0,9840,37942390
1627520347,2495,442,8,0,9840,37981150
1627520392,2495,442,8,0,9840,38019910
1627520431,2495,442,8,0,9840,38054080
1627520436,2495,442,8,0,9840,38057083
1627520485,2496,442,8,0,9840,38097531
1627520546,2496,442,8,0,9840,38121802
1627520583,2496,442,8,0,9840,38145207
1627520629,2496,442,8,0,9840,38174787
1627520679,2496,442,8,0,9840,38207682
1627520733,2496,442,8,0,9840,38243664
1627520791,2496,442,8,0,9840,38281915
1627520847,2496,442,8,0,9840,38320590
1627520898,2496,442,8,0,9840,38359349
1627520948,2496,442,8,0,9840,38398109
1627520995,2496,442,8,0,9840,38436359
1627521040,2496,442,8,0,9840,38474609
1627521084,2496,442,8,0,9840,38512859
1627521123,2496,442,8,0,9840,38546519
1627521128,2496,442,8,0,9840,38549473
1627521175,2496,442,8,0,9840,38589409
1627521237,2496,442,8,0,9840,38614096
1627521276,2496,442,8,0,9840,38638771
1627521322,2496,442,8,0,9840,38668992
1627521373,2496,442,8,0,9840,38702434
1627521428,2496,442,8,0,9840,38738564
1627521485,2496,442,8,0,9840,38777181
1627521542,2496,442,8,0,9840,38816325
1627521596,2496,442,8,0,9840,38855538
1627521647,2496,442,8,0,9840,38894808
1627521694,2496,442,8,0,9840,38933568
1627521740,2496,442,8,0,9840,38972328
1627521785,2496,442,8,0,9840,39011088
1627521825,2496,442,8,0,9840,39045258
1627521829,2496,442,8,0,9840,39048288
1627521878,2496,442,8,0,9840,39088736
1627521938,2496,442,8,0,9840,39112410
1627521974,2496,442,8,0,9840,39135315
1627522020,2496,442,8,0,9840,39165285
1627522070,2496,442,8,0,9840,39197908
1627522124,2496,442,8,0,9840,39234004
1627522181,2496,442,8,0,9840,39272261
1627522237,2496,442,8,0,9840,39310885
1627522289,2496,442,8,0,9840,39349643
1627522340,2496,442,8,0,9840,39388403
1627522388,2496,442,8,0,9840,39426653
1627522433,2496,442,8,0,9840,39464903
1627522476,2496,442,8,0,9840,39503153
1627522515,2496,442,8,0,9840,39536813
1627522520,2496,442,8,0,9840,39539687
1627522567,2497,442,8,0,9840,39579623
1627522627,2497,442,8,0,9840,39603373
1627522665,2497,442,8,0,9840,39627578
1627522709,2497,442,8,0,9840,39656563
1627522760,2497,442,8,0,9840,39689771
1627522815,2497,442,8,0,9840,39725594
1627522871,2497,442,8,0,9840,39763690
1627522926,2497,442,8,0,9840,39802291
1627522978,2497,442,8,0,9840,39841050
1627523028,2497,442,8,0,9840,39879810
1627523076,2497,442,8,0,9840,39918060
1627523121,2497,442,8,0,9840,39956310
1627523165,2497,442,8,0,9840,39994560
1627523204,2497,442,8,0,9840,40028220
1627523208,2497,442,8,0,9840,40031280
1627523256,2497,442,8,0,9840,40071216
1627523316,2497,442,8,0,9840,40095265
1627523354,2497,442,8,0,9840,40119155
1627523402,2497,442,8,0,9840,40150335
1627523452,2497,442,8,0,9840,40182623
1627523506,2497,442,8,0,9840,40218820
1627523563,2497,442,8,0,9840,40257301
1627523619,2497,442,8,0,9840,40296429
1627523671,2497,442,8,0,9840,40335698
1627523723,2497,442,8,0,9840,40374968
1627523771,2497,442,8,0,9840,40413728
1627523818,2497,442,8,0,9840,40452488
1627523863,2497,442,8,0,9840,40491248
1627523902,2497,442,8,0,9840,40525418
1627523907,2497,442,8,0,9840,40528469
1627523955,2498,442,8,0,9840,40568917
1627524016,2498,442,8,0,9840,40592689
1627524054,2498,442,8,0,9840,40617265
1627524099,2498,442,8,0,9840,40647089
1627524148,2498,442,8,0,9840,40678987
1627524201,2498,442,8,0,9840,40714487
1627524257,2498,442,8,0,9840,40752160
1627524312,2498,442,8,0,9840,40790868
1627524363,2498,442,8,0,9840,40829621
1627524414,2498,442,8,0,9840,40868381
1627524460,2499,442,8,0,9840,40906631
1627524506,2499,442,8,0,9840,40944881
1627524550,2499,442,8,0,9840,40983131
1627524589,2499,442,8,0,9840,41016791
1627524594,2499,442,8,0,9840,41019777
1627524642,2500,442,8,0,9840,41059713
1627524702,2500,442,8,0,9840,41083305
1627524742,2500,442,8,0,9840,41108446
1627524787,2500,442,8,0,9840,41137806
1627524836,2500,442,8,0,9840,41169849
1627524888,2500,442,8,0,9840,41205064
1627524944,2500,442,8,0,9840,41243015
1627524999,2500,442,8,0,9840,41281658
1627525052,2500,442,8,0,9840,41320310
1627525101,2500,442,8,0,9840,41359070
1627525148,2500,442,8,0,9840,41397320
1627525193,2500,442,8,0,9840,41435570
1627525237,2500,442,8,0,9840,41473820
1627525276,2500,442,8,0,9840,41507480
1627525280,2500,442,8,0,9840,41510332
1627525328,2502,444,8,0,9866,41550268
1627525376,2502,444,8,0,9866,41590204
1627525424,2502,444,8,0,9866,41630140
1627525485,2502,444,8,0,9866,41654666
1627525525,2502,444,8,0,9866,41680138
1627525572,2502,444,8,0,9866,41710660
1627525622,2502,444,8,0,9866,41743304
1627525676,2502,444,8,0,9866,41780505
1627525734,2502,444,8,0,9866,41819992
1627525790,2502,444,8,0,9866,41859512
1627525844,2502,444,8,0,9866,41899289
1627525896,2502,444,8,0,9866,41939069
1627525944,2502,444,8,0,9866,41978339
1627525991,2502,444,8,0,9866,42017609
1627526036,2502,444,8,0,9866,42056879
1627526076,2502,444,8,0,9866,42091559
1627526080,2502,444,8,0,9866,42094511
1627526129,2502,444,8,0,9866,42135471
1627526191,2502,444,8,0,9866,42160479
1627526232,2502,444,8,0,9866,42186588
1627526279,2502,444,8,0,9866,42217034
1627526332,2502,444,8,0,9866,42251219
1627526390,2502,444,8,0,9866,42289331
1627526448,2502,444,8,0,9866,42328912
1627526505,2502,444,8,0,9866,42369063
1627526558,2502,444,8,0,9866,42409348
1627526609,2502,444,8,0,9866,42449638
1627526658,2502,444,8,0,9866,42489418
1627526706,2502,444,8,0,9866,42529198
1627526752,2502,444,8,0,9866,42568978
1627526793,2502,444,8,0,9866,42604168
1627526797,2502,444,8,0,9866,42607187
1627526847,2502,444,8,0,9866,42648659
1627526909,2502,444,8,0,9866,42673546
1627526950,2502,444,8,0,9866,42699777
1627526997,2502,444,8,0,9866,42729932
1627527047,2502,444,8,0,9866,42762931
1627527103,2502,444,8,0,9866,42800176
1627527162,2502,444,8,0,9866,42839296
1627527219,2502,444,8,0,9866,42879457
1627527273,2505,446,8,0,9868,42919688
1627527325,2505,446,8,0,9868,42959977
1627527374,2505,446,8,0,9868,42999757
1627527421,2506,446,8,0,9868,43039537
1627527466,2506,446,8,0,9868,43079317
1627527507,2506,446,8,0,9868,43114507
1627527511,2506,446,8,0,9868,43117331
1627527560,2507,446,8,0,9868,43158803
1627527620,2507,446,8,0,9868,43182526
1627527660,2507,446,8,0,9868,43207866
1627527708,2507,446,8,0,9868,43238948
1627527761,2507,446,8,0,9868,43273036
1627527818,2507,446,8,0,9868,43310927
1627527878,2507,446,8,0,9868,43350669
1627527936,2507,446,8,0,9868,43390897
1627527991,2507,446,8,0,9868,43431164
1627528042,2507,446,8,0,9868,43471449
1627528091,2507,446,8,0,9868,43511229
1627528139,2507,446,8,0,9868,43551009
1627528185,2507,446,8,0,9868,43590789
1627528226,2507,446,8,0,9868,43625979
1627528230,2507,446,8,0,9868,43628839
1627528280,2507,446,8,0,9868,43670311
1627528342,2507,446,8,0,9868,43694771
1627528383,2507,446,8,0,9868,43720846
1627528431,2507,446,8,0,9868,43752522
1627528484,2507,446,8,0,9868,43787326
1627528542,2508,447,8,0,9872,43825750
1627528602,2508,447,8,0,9872,43865407
1627528660,2508,447,8,0,9872,43905507
1627528715,2508,447,8,0,9872,43945682
1627528766,2508,447,8,0,9872,43985972
1627528816,2508,447,8,0,9872,44025752
1627528862,2508,447,8,0,9872,44065532
1627528908,2508,447,8,0,9872,44105312
1627528948,2508,447,8,0,9872,44140502
1627528953,2508,447,8,0,9872,44143358
1627529002,2508,447,8,0,9872,44184830
1627529065,2508,447,8,0,9872,44209996
1627529104,2508,447,8,0,9872,44235550
1627529154,2508,447,8,0,9872,44267805
1627529207,2508,447,8,0,9872,44302280
1627529264,2508,447,8,0,9872,44340055
1627529323,2509,447,8,0,9872,44379755
1627529383,2509,447,8,0,9872,44419963
1627529438,2510,447,8,0,9872,44460252
1627529490,2510,447,8,0,9872,44500542
1627529539,2510,447,8,0,9872,44540322
1627529586,2510,447,8,0,9872,44580102
1627529632,2510,447,8,0,9872,44619882
1627529672,2510,447,8,0,9872,44655072
1627529677,2510,447,8,0,9872,44658110
1627529727,2511,447,8,0,9872,44699582
1627529788,2511,447,8,0,9872,44724268
1627529827,2511,447,8,0,9872,44749493
1627529876,2511,447,8,0,9872,44781049
1627529929,2511,447,8,0,9872,44816225
1627529986,2511,447,8,0,9872,44854317
1627530046,2511,447,8,0,9872,44894377
1627530103,2511,447,8,0,9872,44934597
1627530158,2511,447,8,0,9872,44974863
1627530209,2511,447,8,0,9872,45015149
1627530259,2512,447,8,0,9872,45054929
1627530308,2512,447,8,0,9872,45094709
1627530354,2512,447,8,0,9872,45134489
1627530395,2512,447,8,0,9872,45169679
1627530400,2512,447,8,0,9872,45172690
1627530449,2512,447,8,0,9872,45214162
1627530510,2512,447,8,0,9872,45238723
1627530550,2512,447,8,0,9872,45263934
1627530598,2512,447,8,0,9872,45295218
1627530650,2512,447,8,0,9872,45329454
1627530707,2512,447,8,0,9872,45367337
1627530764,2512,447,8,0,9872,45406870
1627530821,2512,447,8,0,9872,45446994
1627530876,2512,447,8,0,9872,45487259
1627530926,2513,447,8,0,9872,45527549
1627530976,2513,447,8,0,9872,45567329
1627531024,2513,447,8,0,9872,45607109
1627531070,2513,447,8,0,9872,45646889
1627531111,2513,447,8,0,9872,45682079
1627531115,2513,447,8,0,9872,45685083
1627531165,2515,447,8,0,9872,45726555
1627531226,2515,447,8,0,9872,45750946
1627531264,2515,447,8,0,9872,45775416
1627531310,2515,447,8,0,9872,45806146
1627531362,2515,447,8,0,9872,45840038
1627531420,2515,447,8,0,9872,45878323
1627531478,2515,447,8,0,9872,45917908
1627531535,2515,447,8,0,9872,45958008
1627531589,2515,447,8,0,9872,45998296
1627531640,2515,447,8,0,9872,46038586
1627531689,2515,447,8,0,9872,46078366
1627531737,2515,447,8,0,9872,46118146
1627531783,2515,447,8,0,9872,46157926
1627531824,2515,447,8,0,9872,46193116
1627531828,2515,447,8,0,9872,46195921
1627531878,2515,447,8,0,9872,46237393
1627531939,2515,447,8,0,9872,46261406
1627531976,2515,447,8,0,9872,46285507
1627532024,2515,447,8,0,9872,46316421
1627532077,2515,447,8,0,9872,46350967
1627532133,2515,447,8,0,9872,46388896
1627532192,2515,447,8,0,9872,46428766
1627532249,2515,447,8,0,9872,46468921
1627532303,2515,447,8,0,9872,46509208
1627532355,2516,447,8,0,9872,46549498
1627532404,2516,447,8,0,9872,46589278
1627532452,2516,447,8,0,9872,46629058
1627532497,2516,447,8,0,9872,46668838
1627532538,2516,447,8,0,9872,46704028
1627532542,2516,447,8,0,9872,46706835
1627532591,2517,447,8,0,9872,46748307
1627532655,2517,447,8,0,9872,46774223
1627532695,2517,447,8,0,9872,46799871
1627532742,2517,447,8,0,9872,46830468
1627532796,2517,447,8,0,9872,46865646
1627532854,2517,447,8,0,9872,46904290
1627532914,2517,447,8,0,9872,46943964
1627532971,2517,447,8,0,9872,46984213
1627533026,2517,447,8,0,9872,47024498
1627533077,2517,447,8,0,9872,47064788
1627533126,2517,447,8,0,9872,47104568
1627533173,2517,447,8,0,9872,47144348
1627533218,2517,447,8,0,9872,47184128
1627533259,2517,447,8,0,9872,47219318
1627533263,2517,447,8,0,9872,47222123
1627533313,2517,447,8,0,9872,47263595
1627533376,2517,447,8,0,9872,47289396
1627533417,2517,447,8,0,9872,47315481
1627533465,2517,447,8,0,9872,47345816
1627533518,2517,447,8,0,9872,47380148
1627533573,2517,447,8,0,9872,47417498
1627533633,2517,447,8,0,9872,47457310
1627533691,2517,447,8,0,9872,47497441
1627533746,2517,447,8,0,9872,47537731
1627533797,2517,447,8,0,9872,47578021
1627533846,2517,447,8,0,9872,47617801
1627533893,2517,447,8,0,9872,47657581
1627533938,2517,447,8,0,9872,47697361
1627533978,2517,447,8,0,9872,47732551
1627533983,2517,447,8,0,9872,47735558
1627534032,2517,447,8,0,9872,47777030
1627534094,2517,447,8,0,9872,47801893
1627534131,2517,447,8,0,9872,47825930
1627534179,2517,447,8,0,9872,47856783
1627534232,2517,447,8,0,9872,47891043
1627534288,2517,447,8,0,9872,47928130
1627534346,2517,447,8,0,9872,47967171
1627534405,2517,447,8,0,9872,48007401
1627534460,2517,447,8,0,9872,48047690
1627534512,2517,447,8,0,9872,48087980
1627534561,2518,447,8,0,9872,48127760
1627534608,2518,447,8,0,9872,48167540
1627534654,2518,447,8,0,9872,48207320
1627534695,2518,447,8,0,9872,48242510
1627534699,2518,447,8,0,9872,48245366
1627534749,2519,447,8,0,9872,48286838
1627534833,2519,447,8,0,9872,48311354
1627534873,2519,447,8,0,9872,48336921
1627534920,2519,447,8,0,9872,48367473
1627534972,2519,447,8,0,9872,48401703
1627535031,2519,447,8,0,9872,48440007
1627535090,2519,447,8,0,9872,48479724
1627535148,2519,447,8,0,9872,48519941
1627535203,2519,447,8,0,9872,48560231
1627535255,2519,447,8,0,9872,48600521
1627535304,2519,447,8,0,9872,48640301
1627535352,2519,447,8,0,9872,48680081
1627535398,2519,447,8,0,9872,48719861
1627535438,2519,447,8,0,9872,48755051
1627535443,2519,447,8,0,9872,48757856
1627535492,2519,447,8,0,9872,48799328
1627535555,2519,447,8,0,9872,48824914
1627535594,2519,447,8,0,9872,48850557
1627535644,2519,447,8,0,9872,48882851
1627535697,2519,447,8,0,9872,48917274
1627535755,2519,447,8,0,9872,48955864
1627535815,2519,447,8,0,9872,48995904
1627535874,2519,447,8,0,9872,49036576
1627535929,2519,447,8,0,9872,49077368
1627535982,2519,447,8,0,9872,49118168
1627536032,2519,447,8,0,9872,49158458
1627536080,2519,447,8,0,9872,49198748
1627536127,2519,447,8,0,9872,49239038
1627536168,2519,447,8,0,9872,49274738
1627536172,2519,447,8,0,9872,49277742
1627536222,2520,447,8,0,9872,49319726
1627536284,2520,447,8,0,9872,49344459
1627536322,2520,447,8,0,9872,49369440
1627536371,2520,447,8,0,9872,49401233
1627536424,2520,447,8,0,9872,49435853
1627536482,2520,447,8,0,9872,49474431
1627536542,2520,447,8,0,9872,49514338
1627536600,2520,447,8,0,9872,49554544
1627536654,2520,447,8,0,9872,49594832
1627536705,2520,447,8,0,9872,49635122
1627536754,2520,447,8,0,9872,49674902
1627536802,2520,447,8,0,9872,49714682
1627536848,2520,447,8,0,9872,49754462
1627536889,2520,447,8,0,9872,49789652
1627536894,2520,447,8,0,9872,49792705
1627536944,2520,447,8,0,9872,49834177
1627537006,2520,447,8,0,9872,49859416
1627537043,2520,447,8,0,9872,49883507
1627537093,2520,447,8,0,9872,49915673
1627537146,2520,447,8,0,9872,49950649
1627537205,2520,447,8,0,9872,49990248
1627537264,2520,447,8,0,9872,50030315
1627537323,2520,447,8,0,9872,50071041
1627537377,2520,447,8,0,9872,50111820
1627537428,2520,447,8,0,9872,50152620
1627537478,2520,447,8,0,9872,50192910
1627537525,2521,447,9,0,9872,50233200
1627537572,2522,447,9,0,9872,50273490
1627537614,2522,447,9,0,9872,50309190
1627537618,2522,447,9,0,9872,50312157
1627537669,2522,447,9,0,9872,50354141
1627537732,2522,447,9,0,9872,50379221
1627537770,2522,447,9,0,9872,50404720
1627537820,2522,447,9,0,9872,50437526
1627537873,2522,447,9,0,9872,50472307
1627537929,2522,447,9,0,9872,50510522
1627537989,2522,447,9,0,9872,50550518
1627538046,2522,447,9,0,9872,50590734
1627538102,2522,447,9,0,9872,50630910
1627538153,2522,447,9,0,9872,50671200
1627538202,2522,447,9,0,9872,50710980
1627538248,2522,447,9,0,9872,50750760
1627538294,2522,447,9,0,9872,50790540
1627538335,2522,447,9,0,9872,50825730
1627538339,2522,447,9,0,9872,50828772
1627538389,2522,447,9,0,9872,50870244
1627538453,2522,447,9,0,9872,50896144
1627538492,2522,447,9,0,9872,50921268
1627538543,2522,447,9,0,9872,50953494
1627538596,2522,447,9,0,9872,50988495
1627538654,2522,447,9,0,9872,51027587
1627538714,2522,447,9,0,9872,51067762
1627538770,2522,447,9,0,9872,51108279
1627538825,2522,447,9,0,9872,51148945
1627538879,2522,447,9,0,9872,51189745
1627538928,2522,447,9,0,9872,51230035
1627538976,2522,447,9,0,9872,51270325
1627539022,2522,447,9,0,9872,51310615
1627539063,2522,447,9,0,9872,51346315
1627539068,2522,447,9,0,9872,51349337
1627539118,2523,447,9,0,9872,51391321
1627539180,2523,447,9,0,9872,51416481
1627539220,2523,447,9,0,9872,51441975
1627539267,2523,447,9,0,9872,51472800
1627539321,2523,447,9,0,9872,51507835
1627539379,2523,447,9,0,9872,51546540
1627539439,2523,447,9,0,9872,51586683
1627539496,2523,447,9,0,9872,51626884
1627539551,2523,447,9,0,9872,51667163
1627539603,2523,447,9,0,9872,51707447
1627539652,2523,447,9,0,9872,51747227
1627539699,2523,447,9,0,9872,51787007
1627539745,2523,447,9,0,9872,51826787
1627539785,2523,447,9,0,9872,51861977
1627539789,2523,447,9,0,9872,51864792
1627539839,2524,447,9,0,9872,51906264
1627539902,2524,447,9,0,9872,51931526
1627539943,2524,447,9,0,9872,51958073
1627539991,2524,447,9,0,9872,51989004
1627540046,2524,447,9,0,9872,52024120
1627540104,2524,447,9,0,9872,52062473
1627540163,2524,447,9,0,9872,52102217
1627540221,2524,447,9,0,9872,52142392
1627540275,2524,447,9,0,9872,52182680
1627540327,2524,447,9,0,9872,52222970
1627540377,2524,447,9,0,9872,52262750
1627540424,2524,447,9,0,9872,52302530
1627540471,2524,447,9,0,9872,52342310
1627540511,2524,447,9,0,9872,52377500
1627540516,2524,447,9,0,9872,52380512
1627540565,2526,447,9,0,9872,52421984
1627540627,2526,447,9,0,9872,52446541
1627540666,2526,447,9,0,9872,52471912
1627540715,2526,447,9,0,9872,52503541
1627540770,2526,447,9,0,9872,52539040
1627540827,2526,447,9,0,9872,52576851
1627540887,2526,447,9,0,9872,52616684
1627540945,2526,447,9,0,9872,52656902
1627541001,2526,447,9,0,9872,52697170
1627541052,2526,447,9,0,9872,52737460
1627541101,2526,447,9,0,9872,52777240
1627541148,2526,447,9,0,9872,52817020
1627541194,2526,447,9,0,9872,52856800
1627541234,2526,447,9,0,9872,52891990
1627541239,2526,447,9,0,9872,52894854
1627541289,2528,447,9,0,9872,52936326
1627541352,2528,447,9,0,9872,52961967
1627541392,2528,447,9,0,9872,52987822
1627541440,2528,447,9,0,9872,53019059
1627541493,2528,447,9,0,9872,53054277
1627541551,2528,447,9,0,9872,53092302
1627541612,2528,447,9,0,9872,53132381
1627541669,2528,447,9,0,9872,53172590
1627541724,2528,447,9,0,9872,53212861
1627541777,2528,447,9,0,9872,53253151
1627541826,2528,447,9,0,9872,53292931
1627541873,2528,447,9,0,9872,53332711
1627541919,2529,447,9,0,9872,53372491
1627541960,2529,447,9,0,9872,53407681
1627541964,2529,447,9,0,9872,53410540
1627542013,2529,447,9,0,9872,53452012
1627542078,2529,447,9,0,9872,53478200
1627542118,2529,447,9,0,9872,53504230
1627542166,2529,447,9,0,9872,53535504
1627542221,2529,447,9,0,9872,53571082
1627542278,2529,447,9,0,9872,53609609
1627542338,2529,447,9,0,9872,53649476
1627542395,2529,447,9,0,9872,53689688
1627542451,2529,447,9,0,9872,53729968
1627542504,2529,447,9,0,9872,53770258
1627542553,2529,447,9,0,9872,53810038
1627542602,2529,447,9,0,9872,53849818
1627542648,2529,447,9,0,9872,53889598
1627542689,2529,447,9,0,9872,53924788
1627542693,2529,447,9,0,9872,53927602
1627542743,2531,447,9,0,9872,53969074
1627542804,2531,447,9,0,9872,53993533
1627542844,2531,447,9,0,9872,54018913
1627542890,2531,447,9,0,9872,54049147
1627542943,2531,447,9,0,9872,54083809
1627543001,2531,447,9,0,9872,54121961
1627543060,2531,447,9,0,9872,54161832
1627543118,2531,447,9,0,9872,54201978
1627543172,2531,447,9,0,9872,54242253
1627543223,2531,447,9,0,9872,54282543
1627543273,2531,447,9,0,9872,54322323
1627543321,2531,447,9,0,9872,54362103
1627543367,2531,447,9,0,9872,54401883
1627543408,2531,447,9,0,9872,54437073
1627543413,2531,447,9,0,9872,54439887
1627543463,2531,447,9,0,9872,54481359
1627543524,2531,447,9,0,9872,54505988
1627543561,2531,447,9,0,9872,54529867
1627543609,2531,447,9,0,9872,54561084
1627543662,2531,447,9,0,9872,54596073
1627543720,2531,447,9,0,9872,54634099
1627543779,2531,447,9,0,9872,54674216
1627543836,2531,447,9,0,9872,54714360
1627543890,2531,447,9,0,9872,54754533
1627543941,2531,447,9,0,9872,54794823
1627543991,2531,447,9,0,9872,54834603
1627544038,2531,447,9,0,9872,54874383
1627544084,2531,447,9,0,9872,54914163
1627544125,2531,447,9,0,9872,54949353
1627544129,2531,447,9,0,9872,54952368
1627544179,2532,447,9,0,9872,54993840
1627544240,2532,447,9,0,9872,55018335
1627544280,2532,447,9,0,9872,55043773
1627544329,2532,447,9,0,9872,55075686
1627544382,2532,447,9,0,9872,55109830
1627544438,2532,447,9,0,9872,55147503
1627544497,2532,447,9,0,9872,55187609
1627544555,2532,447,9,0,9872,55227809
1627544608,2532,447,9,0,9872,55267982
1627544660,2532,447,9,0,9872,55308272
1627544709,2532,447,9,0,9872,55348052
1627544757,2532,447,9,0,9872,55387832
1627544803,2532,447,9,0,9872,55427612
1627544843,2532,447,9,0,9872,55462802
1627544848,2532,447,9,0,9872,55465824
1627544897,2532,447,9,0,9872,55507296
1627544960,2532,447,9,0,9872,55532408
1627545002,2532,447,9,0,9872,55559800
1627545052,2532,447,9,0,9872,55592189
1627545106,2532,447,9,0,9872,55626873
1627545164,2532,447,9,0,9872,55665411
1627545223,2532,447,9,0,9872,55705247
1627545280,2532,447,9,0,9872,55745456
1627545335,2532,447,9,0,9872,55785622
1627545386,2532,447,9,0,9872,55825912
1627545435,2534,447,9,0,9872,55865692
1627545482,2534,447,9,0,9872,55905472
1627545527,2534,447,9,0,9872,55945252
1627545569,2534,447,9,0,9872,55980442
1627545573,2534,447,9,0,9872,55983498
1627545623,2534,447,9,0,9872,56024970
1627545687,2534,447,9,0,9872,56050663
1627545728,2534,447,9,0,9872,56076998
1627545775,2534,447,9,0,9872,56107724
1627545831,2534,447,9,0,9872,56143622
1627545889,2534,447,9,0,9872,56181778
1627545947,2534,447,9,0,9872,56221722
1627546005,2534,447,9,0,9872,56261906
1627546060,2534,447,9,0,9872,56302171
1627546112,2534,447,9,0,9872,56342461
1627546162,2534,447,9,0,9872,56382241
1627546209,2534,447,9,0,9872,56422021
1627546255,2534,447,9,0,9872,56461801
1627546296,2534,447,9,0,9872,56496991
1627546300,2534,447,9,0,9872,56499991
1627546349,2537,447,9,0,9872,56541463
1627546410,2537,447,9,0,9872,56565697
1627546450,2537,447,9,0,9872,56591160
1627546497,2537,447,9,0,9872,56621646
1627546550,2537,447,9,0,9872,56656460
1627546608,2537,447,9,0,9872,56694781
1627546669,2537,447,9,0,9872,56734892
1627546728,2537,447,9,0,9872,56775135
1627546783,2537,447,9,0,9872,56815406
1627546834,2537,447,9,0,9872,56855696
1627546883,2537,447,9,0,9872,56895476
1627546930,2537,447,9,0,9872,56935256
1627546976,2537,447,9,0,9872,56975036
1627547017,2537,447,9,0,9872,57010226
1627547021,2537,447,9,0,9872,57013038
1627547071,2537,447,9,0,9872,57054510
1627547134,2537,447,9,0,9872,57080177
1627547175,2537,447,9,0,9872,57106034
1627547221,2537,447,9,0,9872,57136697
1627547275,2537,447,9,0,9872,57172276
1627547334,2537,447,9,0,9872,57211311
1627547395,2537,447,9,0,9872,57251281
1627547452,2537,447,9,0,9872,57291467
1627547507,2537,447,9,0,9872,57331685
1627547559,2537,447,9,0,9872,57371975
1627547609,2537,447,9,0,9872,57411755
1627547656,2537,447,9,0,9872,57451535
1627547702,2537,447,9,0,9872,57491315
1627547742,2537,447,9,0,9872,57526505
1627547747,2537,447,9,0,9872,57529333
1627547796,2537,447,9,0,9872,57570805
1627547859,2537,447,9,0,9872,57596488
1627547901,2537,447,9,0,9872,57623130
1627547948,2537,447,9,0,9872,57653934
1627548003,2537,447,9,0,9872,57690585
1627548062,2537,447,9,0,9872,57729984
1627548122,2537,447,9,0,9872,57770255
1627548179,2537,447,9,0,9872,57810704
1627548234,2537,447,9,0,9872,57851502
1627548288,2537,447,9,0,9872,57892302
1627548340,2537,447,9,0,9872,57932592
1627548389,2537,447,9,0,9872,57972882
1627548435,2537,447,9,0,9872,58013172
1627548476,2537,447,9,0,9872,58048872
1627548480,2537,447,9,0,9872,58051677
1627548530,2538,448,9,0,9896,58093661
1627548580,2538,448,9,0,9896,58135645
1627548643,2538,448,9,0,9896,58160772
1627548682,2538,448,9,0,9896,58186090
1627548729,2538,448,9,0,9896,58216259
1627548783,2538,448,9,0,9896,58250682
1627548841,2538,448,9,0,9896,58289162
1627548901,2538,448,9,0,9896,58329206
1627548958,2538,448,9,0,9896,58369449
1627549013,2538,448,9,0,9896,58409623
1627549066,2538,448,9,0,9896,58449913
1627549116,2538,448,9,0,9896,58489693
1627549163,2538,448,9,0,9896,58529473
1627549209,2538,448,9,0,9896,58569253
1627549250,2538,448,9,0,9896,58604443
1627549254,2538,448,9,0,9896,58607474
1627549304,2538,448,9,0,9896,58648946
1627549367,2538,448,9,0,9896,58674796
1627549408,2538,448,9,0,9896,58700491
1627549453,2538,448,9,0,9896,58729941
1627549507,2538,448,9,0,9896,58765028
1627549565,2538,448,9,0,9896,58803277
1627549625,2538,448,9,0,9896,58843357
1627549682,2538,448,9,0,9896,58883544
1627549738,2538,448,9,0,9896,58923717
1627549790,2538,448,9,0,9896,58964007
1627549840,2538,448,9,0,9896,59003787
1627549887,2538,448,9,0,9896,59043567
1627549933,2538,448,9,0,9896,59083347
1627549973,2538,448,9,0,9896,59118537
1627549978,2538,448,9,0,9896,59121500
1627550027,2540,448,9,0,9896,59162972
1627550090,2540,448,9,0,9896,59188222
1627550129,2540,448,9,0,9896,59212988
1627550178,2540,448,9,0,9896,59244443
1627550229,2540,448,9,0,9896,59278584
1627550287,2540,448,9,0,9896,59316847
1627550345,2540,448,9,0,9896,59356267
1627550402,2540,448,9,0,9896,59395982
1627550456,2540,448,9,0,9896,59435632
1627550508,2540,448,9,0,9896,59475412
1627550557,2540,448,9,0,9896,59514682
1627550604,2540,448,9,0,9896,59553952
1627550649,2540,448,9,0,9896,59593222
1627550689,2540,448,9,0,9896,59627902
1627550694,2540,448,9,0,9896,59630962
1627550742,2542,449,9,0,9897,59671922
1627550790,2542,449,9,0,9897,59712882
1627550854,2542,449,9,0,9897,59738371
1627550895,2542,449,9,0,9897,59764436
1627550942,2542,449,9,0,9897,59795273
1627550994,2542,449,9,0,9897,59829678
1627551051,2542,449,9,0,9897,59867826
1627551110,2542,449,9,0,9897,59907229
1627551166,2542,449,9,0,9897,59946932
1627551220,2542,449,9,0,9897,59986558
1627551271,2542,449,9,0,9897,60026331
1627551320,2542,449,9,0,9897,60065601
1627551367,2542,449,9,0,9897,60104871
1627551412,2542,449,9,0,9897,60144141
1627551452,2542,449,9,0,9897,60178821
1627551457,2542,449,9,0,9897,60181881
1627551506,2543,449,9,0,9897,60222841
1627551568,2543,449,9,0,9897,60247976
1627551608,2543,449,9,0,9897,60273871
1627551654,2543,449,9,0,9897,60303884
1627551707,2543,449,9,0,9897,60338867
1627551765,2543,449,9,0,9897,60376893
1627551824,2543,449,9,0,9897,60416401
1627551881,2543,449,9,0,9897,60456084
1627551934,2543,449,9,0,9897,60495744
1627551985,2543,449,9,0,9897,60535524
1627552034,2544,449,9,0,9897,60574794
1627552080,2544,449,9,0,9897,60614064
1627552126,2544,449,9,0,9897,60653334
1627552167,2544,449,9,0,9897,60688014
1627552171,2544,449,9,0,9897,60691057
1627552221,2544,449,9,0,9897,60732017
1627552285,2544,449,9,0,9897,60758118
1627552327,2544,449,9,0,9897,60784209
1627552374,2544,449,9,0,9897,60815008
1627552427,2544,449,9,0,9897,60850039
1627552485,2544,449,9,0,9897,60888719
1627552544,2544,449,9,0,9897,60928714
1627552602,2544,449,9,0,9897,60968861
1627552658,2544,449,9,0,9897,61009014
1627552710,2544,449,9,0,9897,61049304
1627552760,2544,449,9,0,9897,61089084
1627552807,2544,449,9,0,9897,61128864
1627552853,2544,449,9,0,9897,61168644
1627552893,2544,449,9,0,9897,61203834
1627552897,2544,449,9,0,9897,61206750
1627552947,2544,449,9,0,9897,61248222
1627553010,2544,449,9,0,9897,61273946
1627553052,2544,449,9,0,9897,61300706
1627553101,2544,449,9,0,9897,61331942
1627553154,2544,449,9,0,9897,61367116
1627553213,2544,449,9,0,9897,61405868
1627553272,2544,449,9,0,9897,61445889
1627553330,2545,449,10,0,9897,61486104
1627553385,2545,449,10,0,9897,61526267
1627553436,2546,449,10,0,9897,61566557
1627553485,2546,449,10,0,9897,61606337
1627553533,2546,449,10,0,9897,61646117
1627553578,2546,449,10,0,9897,61685897
1627553619,2546,449,10,0,9897,61721087
1627553623,2546,449,10,0,9897,61724030
1627553673,2547,449,10,0,9897,61765502
1627553735,2547,449,10,0,9897,61790244
1627553774,2547,449,10,0,9897,61815196
1627553821,2547,449,10,0,9897,61845523
1627553873,2547,449,10,0,9897,61879907
