1627556426,9,4,0,0,1061,42
1627556447,9,4,0,0,1061,4244
1627556455,14,9,0,0,1449,8159
1627556463,16,10,0,0,1451,12733
1627556472,25,16,0,0,1464,17519
1627556483,70,30,0,0,1546,23143
1627556495,94,38,0,0,1573,28963
1627556507,127,56,0,0,1659,35013
1627556519,155,67,0,0,1695,41111
1627556532,171,78,0,0,1723,47231
1627556544,178,81,0,0,1731,53351
1627556557,199,88,0,1,1765,59471
1627556568,202,89,0,1,1779,64061
1627556575,203,89,0,1,1779,66611
1627556578,203,89,0,1,1779,67631
1627556590,277,124,0,1,2024,73775
1627556602,298,131,0,1,2044,79919
1627556614,316,136,0,1,2094,86063
1627556627,336,142,0,1,2154,92207
1627556639,346,144,1,1,2157,98351
1627556651,356,146,1,1,2181,104495
1627556739,372,150,1,1,2198,133999
1627556803,376,150,1,1,2198,165446
1627556883,384,152,1,1,2210,205101
1627556971,400,153,1,1,2213,248780
1627557065,409,158,1,1,2229,295222
1627557163,419,160,1,1,2232,342501
1627557265,434,164,1,1,2296,390441
1627557367,462,169,1,1,2325,438368
1627557468,471,175,1,1,2483,486308
1627557568,477,178,1,1,2491,533738
1627557669,483,181,1,1,2501,580658
1627557736,487,181,1,1,2501,612788
1627557777,489,182,1,1,2520,632678
1627557796,489,182,1,1,2520,641348
1627557894,531,196,1,1,2638,691012
1627557993,543,200,2,1,2668,740676
1627558091,559,205,2,1,2683,790340
1627558190,568,206,2,1,2684,840004
1627558290,575,209,2,1,2690,889668
1627558394,589,212,2,1,2700,926139
1627558471,590,212,2,1,2700,963728
1627558563,606,215,2,1,2710,1008407
1627558664,620,217,2,1,2721,1057347
1627558775,628,220,2,1,2731,1111152
1627558890,642,221,3,1,2749,1167243
1627559008,649,223,3,1,2752,1223342
1627559124,655,227,3,1,2804,1278422
1627559240,658,227,3,1,2804,1332992
1627559357,668,234,3,1,2833,1387052
1627559463,673,236,3,1,2840,1438052
1627559538,677,239,3,1,2857,1473752
1627559594,679,240,3,1,2886,1500272
1627559615,679,240,3,1,2886,1510472
1627559732,730,258,3,1,2942,1568328
1627559848,748,262,3,1,2974,1626184
1627559964,765,265,3,1,2977,1684040
1627560081,776,268,3,1,2986,1741896
1627560198,793,273,3,1,2998,1799752
1627560319,793,273,3,1,2998,1841284
1627560401,794,273,4,1,2998,1880631
1627560497,794,273,4,1,2998,1926833
1627560612,797,273,4,1,2998,1982053
1627560741,801,273,4,1,2998,2043868
1627560875,808,276,4,1,3002,2107499
1627561007,824,282,4,1,3015,2170581
1627561141,833,285,4,1,3021,2233311
1627561271,845,286,4,1,3042,2295021
1627561400,854,288,4,1,3045,2355711
1627561524,866,291,4,1,3048,2413851
1627561609,870,291,4,1,3048,2455161
1627561672,870,291,4,1,3048,2485251
1627561694,870,291,4,1,3048,2495961
1627561826,921,299,4,1,3261,2562009
1627561959,938,301,4,1,3268,2628057
1627562092,951,305,4,1,3278,2694105
1627562224,959,307,4,1,3281,2760153
1627562347,960,307,4,1,3281,2801233
1627562437,960,307,4,1,3281,2844146
1627562543,960,307,4,1,3281,2895009
1627562666,962,307,4,1,3281,2954336
1627562801,963,307,4,1,3281,3017829
1627562939,989,310,4,1,3291,3083759
1627563074,993,310,4,1,3291,3148502
1627563208,1006,313,4,1,3312,3212754
1627563343,1016,315,5,1,3322,3276504
1627563478,1029,322,5,1,3364,3339233
1627563605,1031,323,5,1,3368,3398903
1627563698,1033,323,5,1,3368,3443273
1627563765,1035,323,5,1,3368,3474893
1627563789,1035,323,5,1,3368,3486113
1627563926,1058,326,5,1,3380,3553697
1627564063,1068,327,5,1,3382,3621281
1627564198,1083,330,5,1,3456,3688865
1627564332,1083,330,5,1,3456,3735162
1627564432,1083,330,5,1,3456,3783263
1627564550,1084,330,5,1,3456,3839743
1627564689,1084,330,5,1,3456,3905953
1627564837,1088,330,6,1,3456,3976389
1627564990,1091,330,6,1,3456,4049072
1627565142,1099,333,6,1,3462,4120758
1627565288,1120,345,6,1,3558,4191526
1627565437,1140,353,6,1,3587,4261906
1627565584,1144,354,6,1,3596,4330756
1627565721,1147,355,6,1,3599,4396036
1627565824,1148,355,6,1,3599,4444996
1627565895,1148,355,6,1,3599,4478656
1627565920,1148,355,6,1,3599,4490386
1627566072,1198,371,6,1,3712,4565138
1627566223,1213,372,6,1,3716,4639890
1627566374,1233,377,6,1,3749,4714642
1627566524,1241,377,7,1,3749,4789394
1627566674,1244,377,7,1,3749,4864146
1627566818,1244,377,7,1,3749,4914962
1627566925,1244,377,7,1,3749,4966396
1627567052,1247,377,7,1,3749,5027653
1627567205,1248,377,7,1,3749,5100673
1627567371,1250,378,7,1,3750,5179631
1627567539,1274,382,7,1,3757,5258874
1627567702,1278,382,7,1,3757,5337476
1627567863,1280,382,7,1,3757,5415490
1627568026,1285,385,7,1,3773,5492500
1627568188,1289,385,7,1,3773,5567980
1627568335,1297,387,7,1,3777,5637850
1627568450,1305,390,7,1,3782,5692420
1627568521,1306,390,7,1,3782,5726080
1627568546,1306,390,7,1,3782,5737810
1627568713,1329,392,7,1,3800,5819730
1627568878,1348,396,7,1,3821,5901650
1627569044,1362,396,7,1,3821,5983570
1627569205,1362,396,7,1,3821,6039212
1627569321,1363,396,7,1,3821,6093681
1627569458,1364,396,7,1,3821,6159282
1627569622,1365,397,7,1,3822,6237396
1627569794,1365,397,7,1,3822,6319514
1627569973,1371,397,7,1,3822,6403548
1627570148,1374,398,7,1,3828,6486594
1627570320,1377,398,8,1,3828,6568184
1627570493,1381,399,8,1,3846,6649266
1627570663,1389,401,8,1,3848,6729845
1627570815,1395,401,8,1,3848,6803285
1627570938,1399,403,8,1,3852,6861935
1627571014,1401,403,8,1,3852,6897635
1627571045,1403,404,8,1,3865,6912425
1627571219,1436,411,8,1,4037,6998441
1627571393,1450,413,8,1,4047,7084457
1627571566,1459,415,8,1,4053,7170473
1627571739,1468,417,8,1,4175,7256489
1627571901,1468,417,8,1,4175,7311776
1627572024,1468,417,8,1,4175,7370050
1627572172,1468,417,8,1,4175,7440302
1627572339,1471,417,8,1,4175,7518512
1627572521,1474,418,8,1,4179,7603811
1627572704,1479,422,8,1,4193,7690992
1627572890,1481,424,8,1,4197,7777569
1627573068,1483,425,8,1,4199,7862697
1627573244,1484,425,8,1,4199,7947357
1627573422,1488,429,8,1,4220,8030479
1627573582,1491,429,8,1,4220,8107489
1627573709,1494,431,8,1,4228,8168689
1627573795,1498,431,8,1,4228,8208979
1627573833,1501,431,8,1,4228,8226319
1627574016,1517,434,8,1,4241,8315919
1627574198,1529,436,8,1,4245,8405519
1627574380,1534,437,8,1,4247,8495119
1627574548,1534,437,8,1,4247,8553485
1627574678,1540,442,8,1,4269,8614938
1627574834,1540,442,8,1,4269,8689399
1627575012,1542,443,8,1,4273,8773844
1627575201,1543,443,8,1,4273,8863461
1627575394,1546,443,8,1,4273,8954448
1627575585,1553,444,8,1,4276,9044967
1627575773,1554,444,8,1,4276,9134145
1627575957,1560,445,8,1,4282,9222885
1627576143,1562,445,9,1,4282,9310087
1627576312,1566,446,9,1,4313,9391177
1627576448,1567,446,9,1,4313,9455947
1627576532,1567,446,9,1,4313,9495727
1627576568,1567,446,9,1,4313,9512557
1627576760,1583,447,9,1,4323,9606765
1627576951,1590,449,9,1,4327,9700973
1627577123,1590,449,9,1,4327,9760792
1627577254,1590,449,9,1,4327,9822229
1627577406,1592,450,10,1,4333,9894287
1627577587,1595,453,10,1,4339,9979910
1627577778,1597,453,10,1,4339,10070375
1627577974,1600,456,10,1,4344,10162490
1627578169,1601,457,10,1,4346,10254286
1627578358,1603,458,10,1,4347,10345013
1627578544,1608,461,10,1,4359,10435283
1627578734,1612,461,10,1,4359,10525034
1627578910,1613,462,10,1,4365,10608674
1627579054,1615,463,10,1,4369,10676504
1627579144,1616,463,10,1,4369,10718834
1627579186,1616,463,10,1,4369,10738724
1627579380,1633,468,10,1,4387,10834468
1627579575,1637,469,10,1,4390,10930212
1627579769,1650,471,10,1,4395,11025956
1627579963,1656,471,10,1,4395,11121700
1627580152,1657,472,10,1,4396,11186199
1627580289,1659,473,10,1,4397,11251226
1627580461,1660,473,10,1,4397,11332725
1627580659,1661,473,10,1,4397,11427032
1627580872,1662,473,10,1,4397,11526993
1627581084,1663,473,10,1,4397,11627730
1627581294,1664,474,10,1,4398,11727715
1627581502,1668,474,10,1,4398,11826377
1627581706,1686,490,10,1,4435,11924297
1627581907,1694,490,10,1,4435,12021698
1627582101,1698,490,10,1,4435,12113498
1627582254,1700,490,10,1,4435,12187448
1627582348,1701,490,10,1,4435,12232328
1627582389,1702,490,10,1,4435,12251708
1627582599,1724,496,10,1,4452,12355644
1627582811,1731,497,10,1,4459,12459580
1627583022,1740,498,10,1,4478,12563516
1627583232,1745,500,10,1,4482,12667452
1627583427,1746,500,11,1,4482,12734527
1627583567,1746,500,11,1,4482,12801847
1627583741,1746,500,11,1,4482,12885400
1627583941,1746,500,11,1,4482,12979940
1627584153,1748,502,11,1,4550,13080680
1627584370,1748,502,11,1,4550,13183100
1627584587,1751,503,11,1,4551,13285314
1627584801,1756,505,11,1,4554,13386687
1627585011,1762,510,11,1,4564,13487157
1627585218,1763,510,11,1,4564,13587102
1627585419,1763,510,11,1,4564,13681962
1627585575,1765,510,11,1,4564,13757952
1627585671,1765,510,11,1,4564,13803342
1627585719,1765,510,11,1,4564,13825782
1627585935,1782,512,11,1,4569,13931766
1627586149,1785,513,11,1,4572,14037750
1627586363,1792,514,11,1,4574,14143734
1627586561,1792,514,11,1,4574,14212312
1627586705,1792,514,11,1,4574,14280499
1627586877,1793,515,11,1,4595,14363135
1627587084,1793,515,11,1,4595,14461199
1627587302,1800,516,11,1,4597,14564622
1627587521,1801,516,11,1,4597,14669641
1627587740,1802,516,11,1,4597,14774148
1627587957,1803,516,11,1,4597,14876967
1627588169,1805,516,11,1,4597,14978967
1627588384,1810,519,11,1,4606,15080448
1627588586,1814,520,11,1,4609,15176328
1627588751,1814,520,11,1,4609,15253848
1627588849,1815,520,11,1,4609,15300258
1627588895,1815,520,11,1,4609,15322188
1627589115,1834,527,11,1,4679,15430220
1627589334,1843,532,11,1,4687,15538252
1627589552,1851,534,11,1,4698,15646284
1627589770,1858,536,11,1,4700,15754316
1627589967,1859,536,11,1,4700,15822701
1627590115,1859,536,11,1,4700,15892962
1627590297,1859,536,11,1,4700,15979908
1627590499,1860,536,11,1,4700,16076723
1627590722,1861,536,11,1,4700,16181052
1627590945,1867,538,11,1,4720,16286480
1627591165,1867,538,11,1,4720,16390789
1627591382,1867,538,11,1,4720,16493801
1627591596,1877,540,11,1,4723,16595801
1627591807,1880,542,11,1,4729,16697290
1627592010,1880,542,11,1,4729,16793680
1627592177,1881,542,11,1,4729,16873240
1627592281,1883,542,12,1,4729,16922200
1627592335,1883,542,12,1,4729,16947700
1627592557,1899,546,12,1,4797,17056244
1627592775,1910,549,12,1,4807,17164788
1627592995,1919,552,12,1,4814,17273332
1627593200,1919,552,12,1,4814,17343969
1627593348,1921,552,13,1,4814,17414188
1627593531,1922,552,14,1,4814,17502308
1627593742,1922,552,14,1,4814,17602074
1627593965,1922,552,14,1,4814,17706547
1627594192,1924,552,14,1,4814,17813094
1627594414,1925,552,14,1,4814,17918561
1627594633,1927,552,14,1,4814,18022507
1627594850,1936,560,14,1,4835,18125519
1627595062,1948,563,14,1,4841,18228022
1627595265,1952,565,14,1,4856,18325432
1627595430,1960,568,14,1,4874,18404482
1627595535,1960,568,14,1,4874,18453952
1627595592,1960,568,14,1,4874,18480982
1627595815,1979,575,14,1,4895,18590550
1627596038,1993,576,14,1,4900,18700118
1627596261,2005,578,14,1,4903,18809686
1627596484,2015,579,14,1,4962,18919254
1627596692,2016,580,14,1,4967,18991548
1627596847,2017,580,14,1,4967,19065598
1627597033,2017,580,14,1,4967,19153179
1627597240,2017,580,14,1,4967,19251301
1627597466,2017,580,14,1,4967,19358995
1627597700,2017,580,14,1,4967,19468840
1627597933,2031,582,14,1,4970,19578361
1627598159,2040,582,14,1,4970,19686295
1627598383,2042,582,14,1,4970,19793395
1627598605,2042,582,14,1,4970,19899976
1627598816,2063,583,14,1,4971,20001466
1627598987,2071,589,14,1,5013,20083066
1627599100,2073,589,14,1,5013,20136616
1627599160,2074,590,14,1,5014,20164666
1627599391,2096,596,15,1,5055,20278330
1627599622,2104,596,15,1,5055,20391994
1627599853,2110,596,15,1,5055,20505658
1627600085,2120,597,15,1,5057,20619322
1627600313,2120,597,15,1,5057,20697936
1627600473,2120,597,15,1,5057,20775032
1627600669,2120,597,15,1,5057,20870102
1627600895,2126,598,15,1,5059,20976898
1627601138,2127,598,15,1,5059,21090428
1627601384,2133,599,15,1,5061,21206466
1627601625,2133,599,15,1,5061,21321044
1627601866,2135,599,15,1,5061,21434586
1627602101,2135,599,15,1,5061,21547288
1627602336,2135,599,15,1,5061,21659481
1627602563,2137,599,15,1,5061,21767091
1627602747,2139,599,15,1,5061,21854811
1627602876,2142,599,15,1,5061,21915501
1627602946,2143,599,15,1,5061,21948141
1627603190,2168,603,15,1,5081,22066925
1627603432,2175,603,15,1,5081,22185709
1627603672,2182,603,15,1,5081,22304493
1627603891,2183,603,15,1,5081,22379102
1627604053,2183,603,15,1,5081,22456823
1627604254,2183,603,15,1,5081,22553387
1627604481,2183,603,15,1,5081,22661927
1627604726,2184,603,15,1,5081,22776941
1627604973,2185,603,16,1,5081,22893515
1627605217,2185,603,16,1,5081,23009228
1627605459,2189,604,16,1,5082,23123456
1627605701,2189,604,16,1,5082,23236667
1627605933,2193,605,16,1,5085,23349376
1627606158,2199,605,16,1,5085,23457496
1627606339,2202,606,16,1,5090,23544706
1627606465,2204,606,16,1,5090,23604886
1627606537,2207,606,16,1,5090,23638546
1627606781,2228,606,16,1,5090,23758354
1627607013,2228,606,16,1,5090,23836978
1627607179,2228,606,16,1,5090,23916226
1627607385,2228,606,16,1,5090,24013724
1627607615,2228,606,16,1,5090,24122918
1627607861,2229,606,16,1,5090,24240106
1627608115,2229,606,16,1,5090,24359081
1627608361,2229,606,16,1,5090,24476720
1627608605,2232,606,16,1,5090,24592662
1627608848,2234,606,16,1,5090,24707914
1627609091,2236,607,16,1,5095,24822657
1627609322,2236,607,16,1,5095,24933327
1627609508,2238,607,16,1,5095,25022067
1627609636,2238,607,16,1,5095,25083267
1627609708,2240,607,17,1,5095,25116417
1627609956,2254,608,17,1,5103,25238273
1627610203,2264,610,18,1,5110,25360129
1627610432,2264,610,18,1,5110,25439241
1627610603,2265,610,19,1,5110,25520342
1627610812,2265,610,19,1,5110,25619464
1627611050,2266,610,19,1,5110,25730895
1627611300,2266,610,19,1,5110,25849838
1627611556,2266,610,19,1,5110,25969701
1627611807,2267,610,19,1,5110,26088426
1627612058,2268,610,19,1,5110,26205535
1627612301,2269,611,19,1,5112,26321814
1627612541,2271,612,19,1,5117,26437577
1627612773,2272,612,19,1,5117,26548757
1627612960,2274,612,20,1,5117,26638517
1627613090,2275,612,20,1,5117,26700737
1627613162,2275,612,20,1,5117,26734397
1627613412,2289,612,21,1,5117,26857277
1627613634,2290,613,21,1,5122,26933346
1627613801,2290,613,21,1,5122,27011347
1627613998,2290,613,21,1,5122,27104233
1627614230,2290,613,21,1,5122,27213139
1627614476,2292,615,21,1,5157,27329420
1627614730,2295,616,21,1,5162,27449195
1627614979,2295,616,21,1,5162,27567513
1627615232,2295,616,21,1,5162,27684755
1627615478,2297,617,21,1,5164,27801034
1627615720,2302,617,22,1,5164,27916796
1627615950,2302,617,22,1,5164,28028486
1627616137,2302,617,22,1,5164,28117226
1627616269,2302,617,22,1,5164,28179956
1627616342,2304,619,22,1,5166,28214126
1627616594,2315,621,22,1,5172,28337006
1627616844,2319,622,22,1,5177,28459886
1627617095,2323,623,22,1,5182,28582766
1627617316,2323,623,22,1,5182,28658807
1627617482,2324,623,22,1,5182,28736679
1627617685,2324,623,22,1,5182,28830437
1627617914,2324,623,22,1,5182,28938036
1627618160,2324,623,22,1,5182,29054835
1627618411,2324,623,22,1,5182,29173565
1627618657,2325,624,22,1,5184,29290828
1627618905,2325,624,22,1,5184,29407519
1627619149,2325,624,22,1,5184,29523281
1627619388,2325,624,22,1,5184,29638533
1627619619,2330,624,22,1,5184,29749713
1627619802,2330,624,22,1,5184,29836923
1627619931,2330,624,22,1,5184,29898633
1627620003,2331,624,22,1,5184,29932803
1627620252,2342,626,22,1,5197,30054659
1627620500,2345,627,22,1,5202,30176515
1627620746,2348,627,23,1,5202,30298371
1627620968,2348,627,23,1,5202,30373624
1627621134,2349,627,23,1,5202,30451653
1627621332,2349,627,23,1,5202,30545079
1627621564,2353,628,25,1,5204,30652473
1627621812,2353,628,25,1,5204,30770555
1627622066,2354,628,25,1,5204,30890684
1627622315,2354,628,25,1,5204,31009437
1627622567,2357,628,25,1,5204,31127239
1627622812,2358,628,25,1,5204,31244028
1627623053,2358,628,25,1,5204,31360293
1627623284,2358,628,25,1,5204,31472493
1627623471,2360,629,25,1,5209,31562253
1627623604,2362,629,25,1,5209,31626513
1627623679,2362,629,25,1,5209,31661703
1627623930,2372,629,25,1,5209,31785095
1627624162,2372,629,25,1,5209,31865416
1627624328,2372,629,25,1,5209,31943948
1627624537,2372,629,25,1,5209,32042699
1627624774,2372,629,25,1,5209,32154360
1627625024,2373,629,25,1,5209,32273556
1627625279,2373,629,25,1,5209,32394645
1627625529,2375,629,25,1,5209,32513899
1627625779,2375,629,25,1,5209,32632096
1627626027,2376,629,25,1,5209,32749395
1627626268,2376,629,25,1,5209,32866184
1627626500,2376,629,25,1,5209,32978384
1627626689,2378,629,25,1,5209,33068654
1627626823,2379,629,25,1,5209,33132404
1627626895,2380,629,25,1,5209,33166574
1627627149,2386,630,25,1,5214,33290478
1627627400,2392,630,25,1,5214,33414382
1627627630,2392,630,25,1,5214,33495225
1627627800,2393,630,26,1,5214,33576357
1627628014,2394,630,27,1,5214,33678492
1627628252,2394,630,27,1,5214,33791295
1627628509,2394,630,27,1,5214,33912197
1627628770,2394,630,27,1,5214,34034560
1627629027,2395,630,27,1,5214,34155352
1627629285,2398,631,27,1,5219,34275134
1627629534,2399,631,28,1,5219,34393940
1627629778,2400,631,28,1,5219,34512259
1627630014,2400,631,28,1,5219,34625989
1627630206,2401,631,28,1,5219,34718809
1627630343,2404,631,28,1,5219,34784599
1627630417,2405,631,28,1,5219,34819279
1627630673,2412,632,29,1,5221,34944719
1627630927,2417,632,29,1,5221,35070159
1627631175,2417,632,29,1,5221,35147921
1627631345,2417,632,29,1,5221,35227595
1627631554,2417,632,29,1,5221,35324699
1627631789,2417,632,29,1,5221,35434864
1627632041,2417,632,29,1,5221,35554706
1627632296,2418,632,29,1,5221,35676168
1627632546,2422,632,29,1,5221,35796344
1627632800,2423,632,29,1,5221,35915929
1627633048,2423,632,29,1,5221,36034746
1627633293,2425,632,29,1,5221,36153065
1627633528,2427,633,30,1,5223,36266795
1627633722,2430,634,30,1,5224,36358085
1627633858,2434,636,30,1,5242,36422855
1627633932,2434,636,30,1,5242,36457025
1627634186,2442,637,30,1,5247,36581953
1627634439,2447,637,30,1,5247,36706881
1627634663,2447,637,30,1,5247,36784344
1627634831,2448,638,30,1,5253,36864461
1627635033,2448,638,30,1,5253,36961322
1627635260,2449,638,30,1,5253,37069911
1627635515,2449,638,30,1,5253,37188392
1627635768,2449,638,30,1,5253,37307832
1627636016,2454,638,35,1,5253,37425594
1627636265,2454,638,35,1,5253,37542301
1627636507,2456,640,35,1,5260,37658060
1627636747,2458,642,35,1,5265,37773315
1627636974,2458,642,35,1,5265,37884495
1627637163,2458,642,35,1,5265,37974765
1627637299,2458,642,35,1,5265,38038515
1627637369,2459,643,35,1,5267,38071155
1627637618,2470,646,35,1,5270,38193523
1627637867,2473,648,35,1,5274,38315891
1627638116,2483,650,35,1,5281,38438259
1627638336,2483,650,35,1,5281,38513306
1627638507,2484,651,35,1,5288,38592009
1627638708,2484,651,35,1,5288,38686282
1627638938,2484,651,35,1,5288,38794179
1627639190,2484,651,35,1,5288,38913282
1627639444,2484,651,35,1,5288,39035111
1627639697,2485,651,35,1,5288,39155230
1627639951,2488,651,35,1,5288,39274955
1627640199,2488,651,35,1,5288,39393784
1627640443,2491,651,35,1,5288,39512103
1627640678,2491,651,35,1,5288,39626343
1627640870,2492,651,35,1,5288,39718143
1627641008,2494,651,35,1,5288,39783933
1627641079,2494,651,35,1,5288,39817083
1627641335,2504,653,35,1,5294,39942011
1627641590,2507,653,35,1,5294,40066939
1627641845,2512,656,35,1,5305,40191867
1627642072,2513,656,35,1,5305,40269828
1627642239,2513,656,35,1,5305,40348686
1627642448,2514,656,36,1,5305,40447779
1627642686,2519,656,36,1,5305,40558288
