1617710282,46,39,0,0,7090,68
1617710325,422,235,4,0,8446,12464
1617710352,574,282,4,0,8742,25482
1617710381,796,368,4,0,9025,39702
1617710413,948,412,4,0,9168,55903
1617710446,1094,443,4,0,9244,72801
1617710482,1202,461,4,0,9345,91432
1617710515,1286,473,5,0,9388,108499
1617710544,1358,495,5,0,9484,123165
1617710563,1382,499,5,0,9490,133237
1617710574,1392,504,5,0,9498,138829
1617710582,1400,507,5,0,9509,142584
1617710588,1410,510,5,0,9518,145798
1617710592,1412,512,5,0,9522,147603
1617710592,1421,512,5,0,9522,148017
1617710634,2018,652,6,0,9928,170033
1617710676,2211,686,7,0,10027,192049
1617710718,2322,709,7,0,10106,214065
1617710760,2433,731,7,0,10150,236081
1617710802,2525,748,7,0,10202,258097
1617710845,2571,755,8,0,10216,280113
1617710887,2626,763,8,0,10229,302129
1617710930,2667,769,8,0,10242,324145
1617711317,2701,782,10,0,10295,450500
1617711588,2747,800,11,0,10331,582707
1617711911,2808,828,14,0,10486,739956
1617712253,2842,836,14,0,10515,911792
1617712609,2873,843,15,0,10539,1092759
1617712974,2903,849,16,0,10559,1278384
1617713370,2933,851,18,0,10572,1463597
1617713776,2961,854,18,0,10575,1639647
1617714086,2985,858,21,0,10584,1776315
1617714260,2992,858,22,0,10584,1851462
1617714382,3001,858,23,0,10584,1903950
1617714479,3007,859,23,0,10585,1945018
1617714541,3008,859,24,0,10585,1971056
1617714558,3010,859,24,0,10585,1977719
1617715032,3374,900,25,0,10934,2185079
1617715507,3549,918,28,0,10999,2392439
1617715983,3651,936,28,0,11084,2599799
1617716456,3738,949,30,0,11134,2807159
1617716933,3796,960,30,0,11183,3014519
1617717407,3857,965,32,0,11202,3221879
1617717872,3864,968,33,0,11207,3358363
1617718215,3906,993,33,0,11270,3498985
1617718624,3936,1003,33,0,11282,3669313
1617719067,3961,1006,33,0,11285,3857372
1617719524,3981,1012,37,0,11299,4054612
1617719994,3989,1012,39,0,11299,4258284
1617720460,3989,1012,39,0,11299,4462323
1617720909,3991,1012,40,0,11299,4658768
1617721276,3994,1013,40,0,11300,4819481
1617721522,4006,1013,41,0,11300,4926390
1617721683,4015,1013,41,0,11300,4995851
1617721810,4017,1013,41,0,11300,5050035
1617721897,4019,1013,41,0,11300,5087416
1617721925,4021,1013,41,0,11300,5099110
1617722451,4189,1035,41,0,11358,5325926
1617722976,4278,1046,41,0,11421,5552742
1617723504,4353,1054,42,0,11443,5779558
1617724030,4406,1058,43,0,11469,6006374
1617724556,4444,1061,43,0,11477,6233190
1617725081,4486,1068,43,0,11499,6460006
1617725578,4490,1068,43,0,11499,6606045
1617725958,4501,1071,44,0,11533,6760187
1617726394,4518,1074,47,0,11538,6942498
1617726872,4534,1080,47,0,11559,7142958
1617727367,4552,1084,48,0,11579,7355789
1617727877,4556,1085,48,0,11580,7575541
1617728376,4562,1085,48,0,11580,7794530
1617728864,4564,1085,49,0,11580,8008525
1617729273,4566,1085,49,0,11580,8190228
1617729549,4571,1086,49,0,11598,8309620
1617729733,4571,1086,49,0,11598,8388720
1617729873,4571,1086,49,0,11598,8447112
1617729962,4571,1086,49,0,11598,8485580
1617729999,4576,1086,49,0,11598,8500716
1617730570,4676,1090,49,0,11614,8744940
1617731145,4745,1097,49,0,11655,8989164
1617731720,4790,1101,50,0,11673,9233388
1617732213,4804,1101,51,0,11673,9379131
1617732586,4824,1106,51,0,11704,9529078
1617733017,4847,1106,51,0,11704,9707082
1617733476,4854,1108,51,0,11706,9901240
1617733962,4865,1111,51,0,11729,10107451
1617734452,4872,1112,51,0,11731,10319887
1617734946,4873,1112,51,0,11731,10532126
1617735419,4875,1113,52,0,11734,10739731
1617735833,4879,1113,52,0,11734,10919237
1617736113,4879,1113,52,0,11734,11040466
1617736298,4879,1113,52,0,11734,11121871
1617736435,4880,1113,53,0,11734,11180882
1617736532,4880,1113,53,0,11734,11222155
1617736570,4880,1113,53,0,11734,11237422
1617737125,4984,1118,53,0,11753,11472942
1617737684,5042,1122,53,0,11777,11708462
1617738238,5084,1123,54,0,11778,11943982
1617738796,5114,1124,54,0,11785,12179502
1617739309,5119,1124,55,0,11785,12333252
1617739695,5129,1125,55,0,11788,12489338
1617740147,5131,1125,55,0,11788,12676857
1617740624,5138,1128,56,0,11826,12878140
1617741124,5139,1128,56,0,11826,13090962
1617741627,5142,1128,56,0,11826,13309271
1617742133,5146,1131,56,0,11845,13529311
1617742620,5146,1131,56,0,11845,13744085
1617743054,5147,1131,56,0,11845,13932092
1617743362,5149,1131,56,0,11845,14067857
1617743577,5149,1131,56,0,11845,14160547
1617743732,5149,1131,56,0,11845,14226962
1617743847,5149,1131,56,0,11845,14275474
1617743894,5152,1131,56,0,11845,14294098
1617744469,5225,1137,56,0,11859,14538834
1617745052,5262,1139,56,0,11864,14783570
1617745628,5290,1141,56,0,11866,15028306
1617746207,5311,1144,56,0,11873,15273042
1617746725,5316,1145,57,0,11877,15425250
1617747117,5323,1145,57,0,11877,15584822
1617747566,5328,1145,57,0,11877,15771935
1617748055,5329,1145,57,0,11877,15977638
1617748550,5348,1146,58,0,11879,16192805
1617749065,5348,1146,58,0,11879,16415076
1617749570,5357,1146,58,0,11879,16638295
1617750063,5359,1147,58,0,11883,16854550
1617750487,5361,1147,58,0,11883,17043092
1617750806,5365,1147,59,0,11883,17182816
1617751025,5365,1147,59,0,11883,17277194
1617751184,5365,1147,59,0,11883,17344685
1617751298,5367,1147,59,0,11883,17394011
1617751346,5379,1147,59,0,11883,17413300
1617751928,5434,1149,60,0,11893,17660596
1617752514,5456,1152,61,0,11904,17907892
1617753093,5478,1153,62,0,11905,18155188
1617753604,5479,1153,62,0,11905,18304438
1617753982,5482,1155,62,0,11919,18459439
1617754432,5497,1155,63,0,11919,18646342
1617754917,5501,1156,63,0,11921,18852187
1617755423,5506,1156,64,0,11921,19067926
1617755936,5508,1156,64,0,11921,19291450
1617756451,5511,1156,64,0,11921,19515531
1617756943,5513,1156,64,0,11921,19733495
1617757383,5513,1156,64,0,11921,19924647
1617757709,5515,1156,64,0,11921,20068158
1617757931,5516,1156,65,0,11921,20165167
1617758089,5518,1156,66,0,11921,20232127
1617758206,5519,1156,66,0,11921,20282027
1617758252,5520,1156,66,0,11921,20300027
1617758839,5550,1158,67,0,11925,20547323
1617759425,5571,1160,67,0,11938,20794619
1617760006,5596,1162,67,0,11945,21041915
1617760517,5598,1163,67,0,11947,21191492
1617760894,5600,1163,67,0,11947,21346725
1617761326,5602,1163,67,0,11947,21525343
1617761791,5606,1163,67,0,11947,21723740
1617762278,5608,1163,67,0,11947,21931808
1617762771,5617,1163,67,0,11947,22146996
1617763264,5618,1163,67,0,11947,22362490
1617763740,5618,1163,67,0,11947,22574010
1617764163,5618,1163,67,0,11947,22759830
1617764487,5618,1163,67,0,11947,22901506
1617764705,5619,1163,68,0,11947,22997497
1617764856,5619,1163,68,0,11947,23063139
1617764972,5620,1163,68,0,11947,23112668
1617765015,5620,1163,68,0,11947,23130144
1617765582,5655,1164,69,0,11949,23369760
1617766148,5681,1165,69,0,11963,23609376
1617766662,5681,1165,69,0,11963,23762260
1617767043,5684,1165,69,0,11963,23916420
1617767483,5689,1165,69,0,11963,24097221
1617767949,5693,1165,69,0,11963,24296183
1617768441,5695,1165,69,0,11963,24504698
1617768934,5697,1165,69,0,11963,24720409
1617769434,5698,1166,69,0,11964,24937042
1617769911,5698,1166,69,0,11964,25148669
1617770336,5698,1166,69,0,11964,25333696
1617770658,5699,1166,69,0,11964,25474499
1617770881,5700,1166,69,0,11964,25571261
1617771034,5700,1166,69,0,11964,25637920
1617771153,5700,1166,69,0,11964,25688249
1617771199,5713,1166,69,0,11964,25706587
1617771836,5748,1168,69,0,11967,25946715
1617772554,5773,1171,69,0,11978,26186843
1617773345,5789,1173,69,0,11981,26426971
1617774007,5792,1173,71,0,11981,26575957
1617774541,5792,1173,71,0,11981,26731993
1617775161,5792,1173,71,0,11981,26915727
1617775830,5792,1173,71,0,11981,27117732
1617776519,5795,1173,72,0,11981,27329250
1617777231,5795,1173,72,0,11981,27547932
1617777939,5795,1173,73,0,11981,27767430
1617778622,5798,1173,73,0,11981,27980305
1617779225,5799,1173,73,0,11981,28168108
1617779698,5799,1173,73,0,11981,28315316
1617780024,5799,1173,73,0,11981,28417700
1617780251,5800,1173,73,0,11981,28488850
1617780418,5800,1173,73,0,11981,28540349
1617780483,5802,1173,73,0,11981,28559101
1617781284,5824,1178,73,0,11990,28802813
1617782088,5853,1183,75,0,12001,29046525
1617782891,5867,1184,75,0,12004,29290237
1617783691,5887,1187,75,0,12033,29533949
1617784339,5889,1187,75,0,12033,29681585
1617784873,5891,1187,77,0,12033,29837746
1617785471,5892,1187,77,0,12033,30018947
1617786138,5896,1187,79,0,12033,30217511
1617786829,5897,1188,79,0,12034,30426933
1617787527,5897,1188,79,0,12034,30642627
1617788226,5898,1188,79,0,12034,30860483
1617788907,5899,1189,79,0,12036,31071776
1617789501,5900,1189,79,0,12036,31258251
1617789975,5900,1189,79,0,12036,31404493
1617790296,5901,1189,80,0,12036,31505011
1617790526,5901,1189,80,0,12036,31576053
1617790692,5901,1189,80,0,12036,31626261
1617790749,5910,1189,80,0,12036,31643616
1617791459,5931,1190,80,0,12038,31885280
1617792304,5943,1192,80,0,12043,32126944
1617793000,5943,1192,80,0,12043,32274851
1617793569,5947,1192,82,0,12043,32427822
1617794236,5950,1192,82,0,12043,32612070
1617794956,5950,1192,82,0,12043,32814702
1617795703,5951,1192,83,0,12043,33027236
1617796460,5955,1192,83,0,12043,33246202
