1617890655,9,4,0,0,1061,42
1617890673,14,8,1,0,1447,3861
1617890682,24,17,1,0,1467,7509
1617890693,31,19,3,0,1480,11691
1617890707,48,21,3,0,1482,16606
1617890722,70,29,4,0,1545,22179
1617890738,85,34,5,0,1552,28150
1617890755,117,42,5,0,1570,34121
1617890774,141,54,6,0,1622,40211
1617890792,157,62,6,0,1641,46331
1617890811,170,68,6,0,1649,52450
1617890831,195,84,6,1,1708,58570
1617890847,209,90,6,1,1733,63160
1617890857,209,90,6,1,1733,65710
1617890860,210,90,7,1,1733,66730
1617890878,279,122,11,1,2001,72874
1617890898,308,129,16,1,2026,79018
1617890916,328,131,16,1,2029,85162
1617890937,336,135,17,1,2055,91306
1617890957,346,137,17,1,2061,97450
1617890977,353,141,17,1,2086,103594
1617891106,357,141,18,1,2086,133248
1617891207,370,148,20,1,2137,163217
1617891330,373,149,20,1,2159,199428
1617891469,387,151,21,1,2223,239834
1617891614,398,154,22,1,2289,283094
1617891768,405,158,23,1,2296,327909
1617891923,428,160,23,1,2304,372279
1617892086,440,164,23,1,2311,416649
1617892240,447,166,24,1,2321,461019
1617892397,475,172,25,1,2336,505389
1617892546,479,173,27,1,2337,548229
1617892653,480,173,27,1,2337,579339
1617892715,480,173,28,1,2337,597699
1617892742,481,174,28,1,2339,605349
1617892894,501,182,28,1,2400,651429
1617893049,518,184,29,1,2411,697509
1617893202,534,187,30,1,2428,743589
1617893357,543,190,31,1,2432,789669
1617893511,559,191,33,1,2458,824017
1617893629,565,191,34,1,2458,858339
1617893776,567,193,34,1,2471,901216
1617893938,599,205,36,1,2530,948249
1617894107,607,205,38,1,2530,997411
1617894276,612,208,38,1,2540,1046661
1617894447,621,210,40,1,2547,1096103
1617894612,645,213,41,1,2557,1145454
1617894780,647,214,42,1,2582,1195434
1617894948,658,216,43,1,2586,1245414
1617895124,661,218,43,1,2588,1294374
1617895275,662,218,44,1,2588,1333644
1617895372,663,219,44,1,2628,1357104
1617895402,663,219,44,1,2628,1364754
1617895577,707,235,47,1,2685,1416466
1617895751,725,239,48,1,2834,1468178
1617895926,737,240,48,1,2840,1519890
1617896102,750,244,49,1,2896,1571602
1617896276,762,244,50,1,2896,1623314
1617896439,762,244,50,1,2896,1661010
1617896573,765,244,52,1,2896,1698906
1617896732,768,246,53,1,2903,1744955
1617896905,774,246,55,1,2903,1795059
1617897089,781,248,56,1,2906,1848518
1617897280,790,251,57,1,2920,1903781
1617897472,796,252,59,1,2922,1959586
1617897655,811,258,59,1,2969,2013640
1617897846,839,263,61,1,2993,2067700
1617898038,844,266,61,1,3009,2121760
1617898233,849,268,62,1,3011,2175310
1617898394,849,268,62,1,3011,2219680
1617898495,863,276,62,1,3090,2248240
1617898525,866,277,63,1,3118,2256400
1617898720,900,277,64,1,3118,2314256
1617898896,900,277,64,1,3118,2355615
1617899031,900,277,64,1,3118,2394110
1617899200,905,280,64,1,3124,2442850
1617899393,912,280,65,1,3124,2498240
1617899596,928,287,66,1,3193,2556504
1617899807,942,289,68,1,3211,2617507
1617900020,944,290,69,1,3214,2678239
1617900223,996,299,70,1,3349,2736186
1617900432,999,301,70,1,3353,2794326
1617900642,1007,301,72,1,3353,2852466
1617900852,1029,310,73,1,3420,2910096
1617901023,1033,312,73,1,3429,2958036
1617901145,1040,315,75,1,3433,2991696
1617901187,1043,315,75,1,3433,3003426
1617901402,1081,318,77,1,3439,3066402
1617901619,1131,331,78,1,3522,3129378
1617901835,1152,333,80,1,3546,3192354
1617902056,1155,334,80,1,3549,3243267
1617902244,1157,334,80,1,3549,3296411
1617902471,1163,337,81,1,3553,3360688
1617902728,1171,339,81,1,3561,3433628
1617902995,1173,340,81,1,3577,3509893
1617903266,1176,341,82,1,3590,3587582
1617903537,1188,343,82,1,3592,3665326
1617903799,1202,348,82,1,3656,3740806
1617904065,1217,350,82,1,3686,3815776
1617904335,1230,360,82,1,3715,3890746
1617904598,1242,363,82,1,3729,3965206
1617904820,1253,364,85,1,3732,4026406
1617904978,1259,367,85,1,3737,4071796
1617905046,1264,367,86,1,3737,4090666
1617905323,1294,369,86,1,3740,4171050
1617905595,1308,375,86,1,3843,4251434
1617905866,1322,375,88,1,3843,4331818
1617906108,1322,375,88,1,3843,4383116
1617906287,1324,376,89,1,3850,4434487
1617906494,1324,376,89,1,3850,4494165
1617906740,1324,376,89,1,3850,4563923
1617907001,1326,376,91,1,3850,4638838
1617907268,1336,377,92,1,3852,4715289
1617907537,1339,377,92,1,3852,4791391
1617907803,1342,379,92,1,3855,4866361
1617908065,1347,380,93,1,3856,4940821
1617908328,1353,381,93,1,3858,5015281
1617908583,1354,381,93,1,3858,5089231
1617908796,1354,381,93,1,3858,5149921
1617908956,1356,381,94,1,3858,5194801
1617909019,1358,382,95,1,3860,5212141
1617909287,1384,392,95,1,3981,5291501
1617909558,1403,397,96,1,4010,5370861
1617909828,1411,399,96,1,4012,5450221
1617910100,1418,402,97,1,4022,5529581
1617910342,1418,402,97,1,4022,5585774
1617910537,1419,402,97,1,4022,5642268
1617910774,1423,402,98,1,4022,5710293
1617911045,1425,404,98,1,4040,5787954
1617911335,1432,405,99,1,4044,5871103
1617911626,1442,413,99,1,4172,5953614
1617911912,1444,413,100,1,4172,6035655
1617912197,1453,418,100,1,4181,6116745
1617912479,1456,419,100,1,4182,6197325
1617912759,1464,421,101,1,4187,6277395
1617913030,1472,423,102,1,4189,6354915
1617913244,1479,426,102,1,4213,6415605
1617913408,1486,427,102,1,4215,6460995
1617913477,1487,427,102,1,4215,6479865
1617913774,1504,431,102,1,4225,6567417
1617914072,1512,434,102,1,4238,6654969
1617914368,1529,437,102,1,4254,6742521
1617914623,1529,437,102,1,4254,6801588
1617914827,1529,437,102,1,4254,6860426
1617915085,1530,438,103,1,4256,6934318
1617915373,1533,439,103,1,4259,7017394
1617915682,1540,442,103,1,4263,7105618
1617915992,1549,444,105,1,4267,7194518
1617916306,1553,446,105,1,4273,7282711
1617916612,1554,447,105,1,4284,7369920
1617916912,1562,447,107,1,4284,7454070
1617917205,1569,447,108,1,4284,7537200
1617917483,1573,447,109,1,4284,7616250
1617917710,1577,449,109,1,4287,7680000
1617917886,1579,449,109,1,4287,7729470
1617917974,1583,449,111,1,4287,7753440
1617918297,1599,451,112,1,4291,7847136
1617918620,1617,454,112,1,4308,7940832
1617918946,1626,455,113,1,4310,8034528
1617919202,1626,455,113,1,4310,8093391
1617919408,1627,455,113,1,4310,8152468
1617919666,1627,455,113,1,4310,8226318
1617919956,1627,455,113,1,4310,8309618
1617920268,1629,456,113,1,4312,8399332
1617920582,1632,456,113,1,4312,8489742
1617920893,1632,456,113,1,4312,8578923
1617921199,1634,457,113,1,4315,8666604
1617921501,1636,457,113,1,4315,8752794
1617921798,1639,457,113,1,4315,8836944
1617922088,1645,461,114,1,4326,8918034
1617922319,1646,461,114,1,4326,8983314
1617922502,1647,461,114,1,4326,9034824
1617922603,1650,463,114,1,4330,9062874
1617922927,1656,464,115,1,4331,9158106
1617923255,1662,464,115,1,4331,9253338
1617923508,1662,464,115,1,4331,9312578
1617923720,1662,464,115,1,4331,9374446
1617923975,1662,464,115,1,4331,9447753
1617924270,1663,464,116,1,4331,9532601
1617924582,1664,464,116,1,4331,9623294
1617924899,1666,464,117,1,4331,9714807
1617925213,1668,466,117,1,4334,9804512
1617925519,1670,468,117,1,4338,9892713
1617925825,1671,468,117,1,4338,9980433
1617926134,1675,469,118,1,4339,10067133
1617926425,1680,471,118,1,4343,10150263
1617926666,1680,471,118,1,4343,10218093
1617926853,1682,471,118,1,4343,10271133
1617926948,1682,471,118,1,4343,10297653
1617927283,1689,471,118,1,4343,10394421
1617927538,1691,472,119,1,4345,10454252
1617927757,1692,472,120,1,4345,10516729
1617928013,1693,472,121,1,4345,10590781
1617928318,1695,472,121,1,4345,10676758
1617928642,1697,472,122,1,4345,10768564
1617928966,1700,472,123,1,4345,10860799
1617929286,1701,472,123,1,4345,10951294
1617929594,1707,477,123,1,4393,11040492
1617929906,1708,478,123,1,4398,11129232
1617930217,1710,478,123,1,4398,11216442
1617930509,1712,478,124,1,4398,11300082
1617930750,1713,478,125,1,4398,11368422
1617930942,1713,478,125,1,4398,11422482
1617931033,1713,478,125,1,4398,11448492
1617931377,1720,478,128,1,4398,11546284
1617931644,1721,478,128,1,4398,11607844
1617931864,1723,478,129,1,4398,11671477
1617932137,1724,478,130,1,4398,11749909
1617932449,1725,478,130,1,4398,11839861
1617932772,1726,478,131,1,4398,11933684
1617933100,1728,478,132,1,4398,12027333
1617933419,1728,478,132,1,4398,12119614
1617933736,1729,478,132,1,4398,12210904
1617934056,1730,478,132,1,4398,12301684
1617934370,1735,478,132,1,4398,12391444
1617934674,1735,478,132,1,4398,12478144
1617934925,1738,478,132,1,4398,12549034
1617935128,1739,478,133,1,4398,12605644
1617935227,1739,478,133,1,4398,12632674
1617935573,1752,479,133,1,4418,12732514
1617935917,1755,479,134,1,4418,12832354
1617936206,1755,479,134,1,4418,12898545
1617936435,1755,479,134,1,4418,12964467
1617936715,1756,479,134,1,4418,13045454
1617937037,1757,479,134,1,4418,13137574
1617937384,1759,479,134,1,4418,13235025
1617937721,1762,480,136,1,4423,13332568
1617938065,1764,480,137,1,4423,13427886
1617938404,1766,480,138,1,4423,13522236
1617938741,1770,480,139,1,4423,13616076
1617939070,1773,481,139,1,4424,13708386
1617939386,1773,481,139,1,4424,13797636
1617939654,1775,481,139,1,4424,13871076
1617939866,1776,481,140,1,4424,13930236
1617939965,1776,481,140,1,4424,13957776
1617940326,1783,481,140,1,4424,14060688
1617940609,1783,481,140,1,4424,14125284
1617940839,1783,481,140,1,4424,14190069
1617941126,1783,481,140,1,4424,14272087
1617941449,1784,481,140,1,4424,14364882
1617941789,1784,481,140,1,4424,14461647
1617942130,1784,481,140,1,4424,14558474
1617942471,1786,481,142,1,4424,14652795
1617942798,1786,481,142,1,4424,14746125
1617943122,1787,481,142,1,4424,14838945
1617943445,1787,481,143,1,4424,14930745
1617943759,1790,481,144,1,4424,15019995
1617944023,1791,481,145,1,4424,15092925
1617944238,1794,482,145,1,4425,15152085
1617944338,1794,482,145,1,4425,15179625
1617944692,1797,483,145,1,4426,15282025
1617945047,1801,483,145,1,4426,15384425
1617945319,1801,483,145,1,4426,15446470
1617945560,1801,483,145,1,4426,15514931
1617945845,1801,483,145,1,4426,15597053
1617946166,1801,483,145,1,4426,15690741
1617946503,1801,483,145,1,4426,15787794
1617946842,1803,483,147,1,4426,15884491
1617947175,1804,483,147,1,4426,15978331
1617947506,1810,483,148,1,4426,16071122
1617947817,1810,483,148,1,4426,16163432
1617948085,1810,483,148,1,4426,16253702
1617948317,1811,484,148,1,4428,16340912
1617948509,1811,484,148,1,4428,16412822
1617948671,1811,484,148,1,4428,16471472
1617948742,1811,484,148,1,4428,16497992
1617949007,1815,485,148,1,4430,16599880
1617949270,1824,485,148,1,4430,16701768
1617949494,1824,485,148,1,4430,16767215
1617949705,1826,485,148,1,4430,16833739
1617949972,1826,485,148,1,4430,16914949
1617950367,1832,485,150,1,4430,17007880
1617950779,1835,485,150,1,4430,17105107
1617951192,1836,485,150,1,4430,17201684
1617951595,1839,486,150,1,4435,17295476
1617951988,1840,486,151,1,4435,17388296
1617952383,1840,486,151,1,4435,17480593
1617952786,1842,486,152,1,4435,17571373
1617953160,1843,486,153,1,4435,17659093
1617953471,1858,499,153,1,4472,17731003
1617953729,1860,499,153,1,4472,17788633
1617953846,1860,499,153,1,4472,17815153
1617954269,1865,499,154,1,4472,17917041
1617954616,1866,499,155,1,4472,17986103
1617954906,1869,499,156,1,4472,18055086
1617955256,1869,499,156,1,4472,18140139
1617955658,1869,499,156,1,4472,18235858
1617956083,1869,499,156,1,4472,18337371
1617956506,1869,499,156,1,4472,18437662
1617956921,1871,499,158,1,4472,18535003
1617957331,1874,499,158,1,4472,18631393
1617957742,1879,504,158,1,4484,18727260
1617958144,1883,504,159,1,4484,18821610
1617958529,1884,505,159,1,4489,18912390
1617958852,1886,505,161,1,4489,18986850
1617959116,1886,505,161,1,4489,19046520
1617959230,1886,505,161,1,4489,19072530
1617959675,1898,508,164,1,4497,19178002
1617960117,1904,509,164,1,4499,19283474
1617960558,1907,509,165,1,4499,19388946
1617960924,1908,509,166,1,4499,19460315
1617961231,1909,509,167,1,4499,19532124
1617961608,1911,509,168,1,4499,19620680
1617962024,1912,509,169,1,4499,19718566
1617962463,1913,510,169,1,4501,19822964
1617962904,1915,510,169,1,4501,19926888
1617963335,1916,510,169,1,4501,20027811
1617963761,1919,510,170,1,4501,20127771
1617964192,1921,510,170,1,4501,20227195
1617964625,1927,512,170,1,4509,20325115
1617965039,1933,514,171,1,4515,20419975
1617965380,1933,514,171,1,4515,20497495
1617965659,1934,514,172,1,4515,20559715
1617965771,1935,514,172,1,4515,20585215
1617966246,1940,514,174,1,4515,20694271
1617966603,1940,514,174,1,4515,20765130
1617966898,1941,514,174,1,4515,20834269
1617967274,1941,514,174,1,4515,20923180
1617967692,1943,514,175,1,4515,21022025
1617968136,1943,514,175,1,4515,21127755
1617968582,1944,514,176,1,4515,21232680
1617969015,1944,514,176,1,4515,21335136
1617969446,1945,514,176,1,4515,21436573
1617969872,1949,514,178,1,4515,21537527
1617970296,1950,514,179,1,4515,21636977
1617970709,1950,514,179,1,4515,21733367
1617971053,1964,515,179,1,4519,21812927
1617971337,1965,515,180,1,4519,21877697
1617971456,1965,515,180,1,4519,21905237
1617971916,1970,515,180,1,4519,22015317
1617972265,1970,515,180,1,4519,22083707
1617972570,1970,515,180,1,4519,22155582
1617972923,1971,515,180,1,4519,22239430
1617973334,1972,515,181,1,4519,22337149
1617973776,1972,515,181,1,4519,22440926
1617974218,1973,515,181,1,4519,22544334
1617974648,1975,516,182,1,4524,22644779
1617975069,1975,516,182,1,4524,22744229
1617975492,1979,518,183,1,4529,22843156
1617975911,1980,518,184,1,4529,22940566
1617976322,1980,518,184,1,4529,23035936
1617976656,1980,518,184,1,4529,23113966
1617976868,1980,518,184,1,4529,23177716
1617976950,1980,518,184,1,4529,23204746
