1627643691,21,5,0,0,2298,42
1627643712,31,12,0,0,2683,4109
1627643722,35,16,0,0,2688,8437
1627643734,42,22,0,0,2729,13523
1627643746,83,31,0,0,2790,19234
1627643760,142,44,0,0,2868,25352
1627643776,196,56,0,0,2957,32042
1627643791,236,60,0,0,2993,38893
1627643806,289,87,0,0,3138,45938
1627643821,335,106,0,0,3282,53010
1627643836,374,120,1,0,3353,60016
1627643851,381,123,1,1,3364,67153
1627643865,386,125,1,1,3368,73273
1627643878,388,125,1,1,3368,77863
1627643880,388,125,1,1,3368,78883
1627643895,457,156,1,2,3532,86051
1627643910,478,164,1,2,3565,93219
1627643924,502,171,1,2,3591,100387
1627643938,520,176,1,2,3610,107555
1627643953,537,182,1,2,3656,114723
1627643967,547,185,1,2,3703,121891
1627644081,555,190,2,2,3739,158969
1627644162,580,194,2,2,3876,197434
1627644255,591,198,2,2,3909,241571
1627644376,613,203,3,2,3918,298469
1627644503,646,204,3,2,3919,360171
1627644631,655,205,3,2,3920,422495
1627644761,664,208,3,2,3981,485186
1627644889,672,209,3,2,4021,547406
1627645016,683,213,3,2,4034,609626
1627645144,691,218,3,2,4068,671846
1627645278,699,222,3,2,4151,733556
1627645386,699,222,3,2,4151,781496
1627645472,700,223,3,2,4156,813116
1627645483,700,223,3,2,4156,817706
1627645615,758,235,3,2,4232,881706
1627645747,782,239,3,2,4642,945706
1627645878,800,246,3,2,4667,1009706
1627646009,819,249,3,2,4671,1073706
1627646140,832,255,3,2,4704,1137706
1627646281,865,265,3,2,4795,1184269
1627646377,873,267,3,2,4803,1228163
1627646496,888,276,4,2,4819,1284436
1627646637,891,277,4,2,4821,1351420
1627646793,904,280,5,2,4832,1424728
1627646960,909,282,6,2,4850,1502987
1627647128,918,285,6,2,4854,1582316
1627647310,934,294,6,3,5036,1661365
1627647493,941,295,6,3,5037,1740392
1627647666,950,300,6,3,5098,1818422
1627647824,956,304,6,3,5113,1894922
1627647944,960,306,6,3,5121,1952042
1627648029,969,306,6,3,5121,1992332
1627648041,969,306,6,3,5121,1997432
1627648208,1024,323,6,3,5225,2078328
1627648375,1059,335,8,3,5288,2159224
1627648541,1086,339,8,3,5303,2240120
1627648708,1103,343,8,3,5315,2321016
1627648875,1125,345,8,3,5318,2401912
1627649040,1176,360,8,3,5579,2455757
1627649155,1177,360,8,3,5579,2508831
1627649286,1198,367,8,3,5824,2569153
1627649455,1206,369,10,3,5843,2644708
1627649640,1224,375,10,3,5889,2727963
1627649847,1239,381,10,3,5924,2817757
1627650041,1259,386,10,3,6013,2908277
1627650235,1266,388,10,3,6019,2998531
1627650427,1282,391,10,3,6025,3088801
1627650613,1301,393,10,3,6056,3178051
1627650794,1302,393,10,3,6056,3264241
1627650936,1303,393,10,3,6056,3332071
1627651039,1304,393,10,3,6056,3381031
1627651055,1304,393,10,3,6056,3388171
1627651249,1366,404,10,3,6150,3481867
1627651443,1399,412,10,3,6208,3575563
1627651637,1428,419,10,3,6255,3669259
1627651831,1444,421,10,3,6257,3762955
1627652024,1464,423,11,3,6259,3856651
1627652230,1468,423,11,3,6259,3924705
1627652381,1484,426,11,3,6289,3994124
1627652560,1502,433,12,3,6348,4076336
1627652763,1520,437,13,3,6375,4170333
1627652986,1532,440,13,3,6382,4274956
1627653220,1536,441,13,3,6383,4381657
1627653449,1543,442,16,3,6386,4486627
1627653675,1554,444,16,3,6394,4591655
1627653896,1564,444,16,3,6394,4694675
1627654112,1570,445,16,3,6395,4796675
1627654321,1664,460,16,3,6519,4895105
1627654472,1667,461,16,3,6520,4966505
1627654581,1669,461,16,3,6520,5018015
1627654596,1669,461,16,3,6520,5024645
1627654823,1713,470,16,3,6633,5134213
1627655051,1747,475,16,3,7070,5243781
1627655279,1761,479,17,3,7111,5353349
1627655505,1773,483,17,3,7147,5462917
1627655742,1778,485,17,3,7151,5539665
1627655905,1780,486,17,3,7154,5615095
1627656112,1785,486,17,3,7154,5711229
1627656345,1796,492,17,3,7178,5818952
1627656603,1801,493,17,3,7203,5936634
1627656870,1827,500,19,3,7221,6056537
1627657125,1835,503,19,3,7226,6174515
1627657378,1847,507,19,3,7287,6292293
1627657622,1862,513,19,3,7313,6408063
1627657861,1877,518,19,3,7329,6522813
1627658095,1886,522,19,3,7337,6632973
1627658264,1936,526,20,3,7358,6712533
1627658392,1952,529,20,3,7364,6772203
1627658412,1962,530,20,3,7366,6781383
1627658669,2030,547,20,3,7531,6904775
1627658924,2063,553,20,3,7553,7028167
1627659180,2079,556,20,3,7559,7151559
1627659437,2102,559,20,3,7582,7274951
1627659692,2127,568,20,3,7626,7398343
1627659952,2131,568,20,3,7626,7481604
1627660133,2134,569,20,3,7627,7564920
1627660351,2137,572,20,3,7632,7666379
1627660602,2141,573,21,3,7635,7781092
1627660879,2152,575,22,3,7638,7907713
1627661152,2191,576,22,3,7644,8035042
1627661435,2203,581,22,3,7663,8160991
1627661710,2217,584,22,3,7729,8286451
1627661972,2234,587,22,4,7735,8410381
1627662231,2244,588,22,5,7760,8533291
1627662486,2257,594,22,5,7771,8654161
1627662680,2298,601,22,5,7812,8745961
1627662830,2315,602,22,5,7817,8815831
1627662870,2320,603,22,5,7824,8833681
1627663145,2381,614,22,5,7871,8965777
1627663421,2415,618,22,5,7906,9097873
1627663698,2430,621,22,5,7962,9229969
1627663975,2464,626,22,5,7974,9362065
1627664254,2491,632,22,5,8003,9494161
1627664533,2494,633,22,5,8013,9584583
1627664741,2496,633,22,5,8013,9677369
1627664995,2501,634,22,5,8014,9791856
1627665284,2585,636,22,5,8017,9922260
1627665590,2605,641,22,5,8040,10060521
1627665895,2616,644,23,5,8066,10199303
1627666196,2651,648,23,5,8076,10335371
1627666495,2663,650,23,5,8079,10471011
1627666784,2674,651,23,5,8082,10605631
1627667069,2683,651,23,5,8082,10738231
1627667346,2697,653,24,5,8085,10868281
1627667565,2705,654,24,5,8120,10970791
1627667730,2714,656,24,5,8122,11046781
1627667775,2719,657,24,5,8126,11066671
1627668082,2823,669,24,5,8203,11209519
1627668390,2866,673,27,5,8214,11352367
1627668696,2895,678,28,5,8245,11495215
1627669000,2911,680,30,5,8248,11638063
1627669303,2933,684,30,5,8257,11780911
1627669609,2951,685,31,5,8258,11877336
1627669836,2952,685,32,5,8258,11976817
1627670107,2956,687,32,5,8260,12097745
1627670416,2959,687,32,5,8260,12234279
1627670747,2970,687,32,5,8260,12380670
1627671079,2976,688,32,5,8262,12527505
1627671404,2983,690,32,5,8276,12672312
1627671724,2987,690,32,5,8276,12816632
1627672037,2997,691,32,5,8278,12959896
1627672344,3008,691,32,5,8278,13101166
1627672637,3017,692,32,5,8280,13238101
1627672878,3025,693,32,5,8282,13347751
1627673055,3027,693,32,5,8282,13427821
1627673113,3030,693,32,5,8282,13450261
1627673443,3086,701,32,5,8311,13602325
1627673773,3118,703,33,5,8320,13754389
1627674104,3145,706,35,5,8327,13906453
1627674436,3164,711,35,5,8333,14058517
1627674757,3168,712,35,5,8335,14159504
1627674997,3169,712,35,5,8335,14264048
1627675287,3171,712,36,5,8335,14392570
1627675608,3173,713,36,5,8336,14535741
1627675944,3179,714,36,6,8337,14687464
1627676278,3184,714,36,6,8337,14839301
1627676599,3193,715,37,6,8344,14988176
1627676929,3204,715,38,6,8344,15136586
1627677267,3216,717,38,6,8350,15284486
1627677587,3227,719,38,6,8357,15431362
1627677899,3232,720,38,6,8359,15573652
1627678150,3238,721,38,6,8389,15685852
1627678334,3248,721,38,6,8389,15767452
1627678395,3256,721,38,6,8389,15792442
1627678735,3295,726,38,6,8398,15948602
1627679073,3324,730,39,6,8404,16104762
1627679412,3343,732,39,6,8409,16260922
1627679750,3361,732,39,6,8409,16417082
1627680061,3361,732,39,6,8409,16519510
1627680288,3361,732,39,6,8409,16622312
1627680580,3362,732,39,6,8409,16752160
1627680904,3365,733,39,6,8413,16898963
1627681248,3365,733,39,6,8413,17053486
1627681591,3367,733,39,6,8413,17207271
1627681928,3371,733,40,6,8413,17358644
1627682263,3374,735,40,6,8416,17509604
1627682597,3384,736,40,6,8417,17660054
1627682925,3396,741,40,6,8430,17809484
1627683243,3398,741,40,6,8430,17954706
1627683504,3403,742,40,6,8439,18069966
1627683691,3408,742,40,6,8439,18153096
1627683767,3423,747,40,6,8458,18182166
1627684115,3447,749,40,6,8463,18340886
1627684460,3456,751,40,6,8469,18499606
1627684804,3464,752,40,6,8471,18658326
1627685123,3464,752,40,6,8471,18761510
1627685366,3465,752,41,6,8471,18867874
1627685659,3469,753,41,6,8476,19000110
1627685994,3474,754,43,6,8478,19147258
1627686341,3478,754,46,6,8478,19304708
1627686689,3480,755,46,6,8483,19462005
1627687043,3483,756,47,6,8484,19616974
1627687391,3483,756,47,6,8484,19771458
1627687729,3491,756,50,6,8484,19925436
1627688061,3491,756,50,6,8484,20077416
1627688387,3493,756,50,6,8484,20225826
1627688652,3496,757,50,6,8500,20343126
1627688859,3499,757,50,6,8500,20431866
1627688946,3505,760,50,6,8507,20463996
1627689303,3522,760,51,6,8507,20626300
1627689643,3522,760,51,6,8507,20732001
1627689903,3525,760,54,6,8507,20843641
1627690219,3525,760,54,6,8507,20982711
1627690561,3527,761,54,6,8539,21135826
1627690939,3530,762,54,6,8562,21299990
1627691302,3532,762,55,6,8562,21463593
1627691658,3534,762,57,6,8562,21625259
1627692024,3534,762,57,6,8562,21786415
1627692384,3538,764,57,6,8567,21946509
1627692735,3541,764,57,6,8567,22105119
1627693087,3545,765,58,6,8570,22260143
1627693367,3548,766,58,6,8574,22384073
1627693584,3554,768,59,6,8579,22478423
1627693676,3558,768,59,6,8579,22514123
1627694051,3580,768,59,6,8579,22683083
1627694389,3580,768,59,6,8579,22789016
1627694656,3580,768,59,6,8579,22902055
1627694988,3581,768,59,6,8579,23048177
1627695358,3582,768,59,6,8579,23210302
1627695739,3586,770,62,6,8585,23378254
1627696123,3589,770,62,6,8585,23545673
1627696490,3591,770,62,6,8585,23710868
1627696849,3592,770,62,6,8585,23875598
1627697223,3594,770,62,6,8585,24039818
1627697582,3600,771,63,6,8586,24203018
1627697929,3613,780,63,6,8614,24362138
1627698211,3617,781,64,6,8617,24490658
1627698430,3617,781,64,6,8617,24589088
1627698526,3619,781,64,6,8617,24628358
1627698913,3630,782,64,6,8621,24800902
1627699296,3638,782,65,6,8621,24973446
1627699647,3639,782,65,6,8621,25086857
1627699916,3639,782,65,6,8621,25204510
1627700260,3639,782,65,6,8621,25355122
1627700623,3641,782,66,6,8621,25518551
1627700998,3643,783,67,6,8623,25688810
1627701372,3643,783,67,6,8623,25858757
1627701747,3643,783,67,6,8623,26026469
1627702116,3646,784,67,6,8625,26193729
1627702488,3648,786,67,6,8639,26360485
1627702850,3648,786,67,6,8639,26525725
1627703213,3650,787,67,6,8642,26686630
1627703507,3659,790,67,6,8650,26817700
1627703735,3659,790,67,6,8650,26918680
1627703835,3660,791,67,6,8652,26959480
1627704220,3676,794,68,6,8696,27134584
1627704604,3684,796,68,6,8703,27309688
1627704989,3692,797,68,6,8704,27484792
1627705360,3694,797,68,6,8704,27601297
1627705635,3696,797,70,6,8704,27718358
1627705984,3697,797,72,6,8704,27867000
1627706361,3699,797,72,6,8704,28031327
1627706738,3699,797,72,6,8704,28201277
1627707127,3699,797,72,6,8704,28371465
1627707510,3705,798,72,6,8710,28539148
1627707884,3706,799,72,6,8713,28706424
1627708252,3708,800,72,6,8718,28872638
1627708618,3709,801,72,6,8719,29037368
1627708969,3712,801,72,6,8719,29198273
1627709257,3712,801,72,6,8719,29328323
1627709484,3713,801,72,6,8719,29429303
1627709586,3716,801,72,6,8719,29469083
1627709975,3728,802,72,6,8720,29644187
1627710361,3740,805,72,6,8762,29819291
1627710718,3740,805,72,6,8762,29933446
1627710992,3740,805,72,6,8762,30050411
1627711338,3741,805,73,6,8762,30199906
1627711709,3741,805,73,6,8762,30363862
1627712091,3742,805,73,6,8762,30531942
1627712480,3744,805,73,6,8762,30700730
1627712845,3744,805,73,6,8762,30866838
1627713218,3745,806,73,6,8765,31032584
1627713578,3759,808,73,6,8772,31197782
1627713939,3759,808,73,6,8772,31361492
1627714292,3763,808,73,6,8772,31520947
1627714592,3764,808,73,6,8772,31650997
1627714820,3764,808,73,6,8772,31750957
1627714926,3765,809,73,6,8773,31791247
1627715309,3776,811,73,6,8775,31964815
1627715696,3793,815,73,6,8784,32138383
1627716078,3799,817,73,6,8786,32311951
1627716434,3799,817,73,6,8786,32424074
1627716721,3800,817,74,6,8786,32545023
1627717081,3800,817,74,6,8786,32697726
1627717456,3801,817,74,6,8786,32862437
1627717843,3801,817,74,6,8786,33034154
1627718235,3801,817,74,6,8786,33205747
1627718609,3807,818,74,6,8788,33375019
1627718986,3807,818,74,6,8788,33543829
1627719357,3808,818,74,6,8788,33711619
1627719725,3812,820,74,6,8794,33878389
1627720079,3813,820,74,6,8794,34041334
1627720373,3814,820,74,6,8794,34174444
1627720603,3818,823,74,6,8803,34277464
1627720703,3818,823,74,6,8803,34317754
1627721095,3829,824,74,6,8810,34494394
1627721488,3843,827,74,6,8819,34671034
1627721842,3843,827,74,6,8819,34784949
1627722112,3843,827,74,6,8819,34901844
1627722451,3845,828,74,6,8828,35048301
1627722812,3847,828,74,6,8828,35209908
1627723174,3847,828,74,6,8828,35375935
1627723541,3847,828,74,6,8828,35541675
1627723904,3847,828,74,6,8828,35705362
1627724261,3849,830,74,6,8837,35868562
1627724617,3849,830,74,6,8837,36031252
1627724970,3849,830,74,6,8837,36192412
1627725316,3853,834,74,6,8841,36349747
1627725605,3853,834,74,6,8841,36477247
1627725830,3854,835,74,6,8842,36574657
1627725926,3854,835,74,6,8842,36611887
1627726302,3867,839,74,6,8849,36782895
1627726682,3879,841,74,6,8863,36953903
1627727058,3886,843,74,6,8865,37124911
1627727402,3886,843,74,6,8865,37234343
1627727667,3886,843,74,6,8865,37350862
1627728004,3886,843,74,6,8865,37496832
1627728368,3888,843,74,6,8865,37660018
1627728746,3889,843,74,6,8865,37828530
1627729125,3890,843,74,6,8865,37996391
1627729496,3890,843,74,6,8865,38162033
1627729861,3890,843,74,6,8865,38327242
