1627643690,35,20,0,0,2036,50
1627643714,170,61,0,0,2235,7088
1627643723,211,66,0,0,2253,14507
1627643733,238,75,0,0,2275,23189
1627643744,262,78,0,0,2289,33099
1627643755,282,85,0,0,2311,43857
1627643768,308,93,0,0,2334,54797
1627643780,318,99,0,0,2350,66394
1627643791,324,102,0,0,2359,77402
1627643799,335,113,0,0,2387,85511
1627643807,336,113,0,0,2387,93134
1627643813,344,116,0,0,2392,99763
1627643816,349,118,0,0,2395,102785
1627643817,349,118,0,0,2395,103295
1627643817,349,118,0,0,2395,103805
1627643829,476,165,0,0,2523,116093
1627643841,508,173,0,0,2535,128381
1627643853,532,184,0,0,2569,140669
1627643864,554,189,0,0,2576,152957
1627643876,565,192,0,0,2582,165245
1627643888,574,192,0,0,2582,177533
1627643900,582,194,0,0,2592,189821
1627643953,582,194,0,0,2592,211569
1627643976,582,194,0,0,2592,233624
1627644001,582,194,0,0,2592,256868
1627644034,585,194,0,0,2592,288767
1627644072,593,196,0,0,2594,324673
1627644109,594,196,0,0,2594,360946
1627644147,599,196,0,0,2594,398138
1627644182,603,199,0,0,2598,434079
1627644212,604,200,0,0,2600,466165
1627644238,604,200,0,0,2600,495698
1627644264,604,200,0,0,2600,523238
1627644282,606,201,0,0,2601,541578
1627644296,606,201,0,0,2601,554838
1627644309,612,204,0,0,2607,568092
1627644350,631,208,0,0,2613,607004
1627644391,642,211,0,0,2617,645916
1627644430,660,216,0,0,2631,684828
1627644477,661,216,0,0,2631,707701
1627644503,664,216,0,0,2631,731715
1627644533,668,216,0,0,2631,759183
1627644569,669,216,0,0,2631,791780
1627644606,674,216,0,0,2631,828751
1627644645,682,216,0,0,2631,867280
1627644684,684,216,0,0,2631,906540
1627644721,684,216,0,0,2631,945157
1627644757,684,216,0,0,2631,980771
1627644788,685,216,0,0,2631,1012882
1627644817,685,216,0,0,2631,1043481
1627644843,686,216,0,0,2631,1069467
1627644862,686,216,0,0,2631,1088847
1627644884,688,217,0,0,2632,1108210
1627644928,703,220,1,0,2639,1149170
1627644972,711,221,1,0,2640,1190130
1627645016,717,224,1,0,2647,1231090
1627645061,718,224,1,0,2647,1252947
1627645091,719,224,1,0,2647,1277493
1627645124,720,224,1,0,2647,1304814
1627645160,720,224,1,0,2647,1336259
1627645197,737,224,1,0,2647,1370503
1627645233,739,224,1,0,2647,1407126
1627645268,739,224,1,0,2647,1444701
1627645303,739,224,1,0,2647,1482773
1627645336,739,224,1,0,2647,1518447
1627645368,739,224,1,0,2647,1551584
1627645400,739,224,1,0,2647,1584222
1627645429,739,224,1,0,2647,1613115
1627645452,739,224,1,0,2647,1635045
1627645477,739,224,1,0,2647,1656947
1627645521,752,227,1,0,2659,1696883
1627645566,752,227,1,0,2659,1736819
1627645611,754,228,1,0,2661,1776755
1627645660,754,228,1,0,2661,1800041
1627645690,754,228,1,0,2661,1823897
1627645724,759,228,1,0,2661,1852383
1627645762,759,228,1,0,2661,1885344
1627645800,761,228,1,0,2661,1920688
1627645838,763,228,1,0,2661,1958685
1627645875,763,228,1,0,2661,1997219
1627645911,763,228,1,0,2661,2035696
1627645946,764,228,1,0,2661,2072843
1627645980,764,228,1,0,2661,2108538
1627646015,764,228,1,0,2661,2143728
1627646048,766,229,1,0,2663,2175212
1627646074,766,229,1,0,2663,2199692
1627646101,768,229,1,0,2663,2224139
1627646148,773,233,1,0,2671,2264587
1627646194,776,235,1,0,2675,2305035
1627646239,779,235,1,0,2675,2345483
1627646291,784,235,1,0,2675,2370899
1627646324,784,235,1,0,2675,2396300
1627646363,785,235,1,0,2675,2426617
1627646402,785,235,1,0,2675,2461536
1627646443,786,235,1,0,2675,2499860
1627646485,786,235,1,0,2675,2540775
1627646527,786,235,1,0,2675,2582519
1627646568,787,236,1,0,2677,2624073
1627646607,787,236,1,0,2677,2664301
1627646646,787,236,1,0,2677,2703566
1627646684,787,236,1,0,2677,2742326
1627646719,788,236,1,0,2677,2776929
1627646747,788,236,1,0,2677,2804469
1627646778,788,236,1,0,2677,2831995
1627646828,793,236,1,0,2677,2875515
1627646879,793,236,1,0,2677,2900617
1627646910,793,236,1,0,2677,2926651
1627646946,794,236,1,0,2677,2956069
1627646983,794,236,1,0,2677,2989639
1627647022,795,236,1,0,2677,3026476
1627647063,795,236,1,0,2677,3066291
1627647104,795,236,1,0,2677,3107463
1627647144,795,236,1,0,2677,3148494
1627647182,795,236,1,0,2677,3188155
1627647219,795,236,1,0,2677,3226899
1627647256,795,236,1,0,2677,3265149
1627647290,795,236,1,0,2677,3299257
1627647319,795,236,1,0,2677,3326797
1627647350,795,236,1,0,2677,3354321
1627647398,800,237,1,0,2728,3397329
1627647445,804,239,1,0,2732,3440337
1627647498,804,239,1,0,2732,3465594
1627647530,805,239,1,0,2732,3491495
1627647568,805,239,1,0,2732,3521960
1627647610,808,240,1,0,2735,3555868
1627647651,808,240,1,0,2735,3592537
1627647693,809,240,1,0,2735,3631541
1627647732,811,240,1,0,2735,3671303
1627647771,811,240,1,0,2735,3710880
1627647808,811,240,1,0,2735,3749088
1627647844,811,240,1,0,2735,3786822
1627647879,811,240,1,0,2735,3824051
1627647913,811,240,1,0,2735,3857051
1627647939,811,240,1,0,2735,3882551
1627647966,812,241,1,0,2736,3908032
1627648013,819,242,1,0,2737,3949504
1627648060,822,242,1,0,2737,3990976
1627648109,822,242,1,0,2737,4014279
1627648140,822,242,1,0,2737,4039924
1627648176,822,242,1,0,2737,4069246
1627648216,822,242,1,0,2737,4103018
1627648257,822,242,1,0,2737,4139494
1627648297,822,242,1,0,2737,4177943
1627648336,822,242,1,0,2737,4217233
1627648373,822,242,1,0,2737,4256209
1627648410,822,242,1,0,2737,4293908
1627648446,822,242,1,0,2737,4331124
1627648481,823,243,1,0,2740,4367844
1627648515,823,243,1,0,2740,4400408
1627648542,823,243,1,0,2740,4426418
1627648572,823,243,1,0,2740,4451905
1627648618,828,244,1,0,2746,4492865
1627648663,831,245,1,0,2748,4533825
1627648712,831,245,1,0,2748,4557316
1627648742,833,245,1,0,2748,4582094
1627648776,833,245,1,0,2748,4610330
1627648813,833,245,1,0,2748,4642995
1627648852,833,245,1,0,2748,4678760
1627648890,833,245,1,0,2748,4717134
1627648929,833,245,1,0,2748,4756209
1627648967,833,245,1,0,2748,4795311
1627649004,833,245,1,0,2748,4832988
1627649039,833,245,1,0,2748,4870210
1627649075,833,245,1,0,2748,4906930
1627649109,834,246,1,0,2756,4939450
1627649135,834,246,1,0,2756,4964950
1627649165,835,247,1,0,2795,4989932
1627649211,841,249,1,0,2798,5030892
1627649255,844,249,1,0,2798,5071852
1627649300,849,250,1,0,2801,5112812
1627649351,853,250,1,0,2801,5138226
1627649380,854,250,1,0,2801,5162867
1627649415,854,250,1,0,2801,5191609
1627649454,854,250,1,0,2801,5224716
1627649493,856,250,1,0,2801,5260420
1627649533,856,250,1,0,2801,5299487
1627649573,856,250,1,0,2801,5339721
1627649611,856,250,1,0,2801,5379763
1627649649,856,250,1,0,2801,5418462
1627649685,856,250,1,0,2801,5456704
1627649722,856,250,1,0,2801,5494444
1627649757,856,250,1,0,2801,5528486
1627649784,856,250,1,0,2801,5556026
1627649815,856,250,1,0,2801,5583033
1627649862,859,252,1,0,2810,5625017
1627649908,863,254,1,0,2814,5667001
1627649954,865,255,1,0,2816,5708985
1627650005,865,255,1,0,2816,5734448
1627650036,866,255,2,0,2816,5760561
1627650073,866,255,2,0,2816,5790787
1627650114,866,255,2,0,2816,5825175
1627650155,866,255,2,0,2816,5862153
1627650197,866,255,2,0,2816,5902302
1627650238,866,255,2,0,2816,5943437
1627650278,866,255,2,0,2816,5984462
1627650315,866,255,2,0,2816,6024073
1627650353,866,255,2,0,2816,6063339
1627650390,866,255,2,0,2816,6102099
1627650425,866,255,2,0,2816,6137216
1627650455,866,255,2,0,2816,6165776
1627650486,866,255,2,0,2816,6194314
1627650533,868,257,2,0,2818,6237322
1627650580,873,259,2,0,2830,6280330
1627650627,875,259,2,0,2830,6323338
1627650679,875,259,2,0,2830,6348925
1627650710,875,259,2,0,2830,6375409
1627650746,875,259,2,0,2830,6405492
1627650786,875,259,2,0,2830,6439843
1627650827,875,259,2,0,2830,6476860
1627650869,879,259,2,0,2830,6516542
1627650909,879,259,2,0,2830,6557191
1627650947,879,259,2,0,2830,6597685
1627650985,879,259,2,0,2830,6636832
1627651023,880,259,2,0,2830,6675589
1627651060,880,259,2,0,2830,6713839
1627651096,880,259,2,0,2830,6748440
1627651126,880,259,2,0,2830,6777000
1627651159,880,259,2,0,2830,6805544
1627651207,882,260,2,0,2835,6848040
1627651255,885,261,2,0,2836,6890536
1627651305,885,261,2,0,2836,6914849
1627651335,885,261,2,0,2836,6940309
1627651372,885,261,2,0,2836,6970875
1627651411,885,261,2,0,2836,7004005
1627651449,885,261,2,0,2836,7039772
1627651489,885,261,2,0,2836,7078471
1627651527,885,261,2,0,2836,7117936
1627651563,885,261,2,0,2836,7157496
1627651599,885,261,2,0,2836,7195661
1627651636,885,261,2,0,2836,7233400
1627651672,885,261,2,0,2836,7270630
1627651707,885,261,2,0,2836,7304154
1627651735,885,261,2,0,2836,7331694
1627651768,885,261,2,0,2836,7359216
1627651813,886,261,2,0,2836,7400688
1627651863,886,261,2,0,2836,7424987
1627651894,886,261,2,0,2836,7450934
1627651932,886,261,2,0,2836,7481679
1627651972,886,261,2,0,2836,7515158
1627652012,886,261,2,0,2836,7550772
1627652051,886,261,2,0,2836,7589620
1627652091,886,261,2,0,2836,7629593
1627652129,886,261,2,0,2836,7669642
1627652166,886,261,2,0,2836,7708244
1627652205,886,261,2,0,2836,7746483
1627652244,886,261,2,0,2836,7784223
1627652279,886,261,2,0,2836,7818334
1627652308,886,261,2,0,2836,7846384
1627652338,886,261,2,0,2836,7874414
1627652386,890,262,2,0,2845,7916398
1627652432,891,262,2,0,2845,7958382
1627652484,891,262,2,0,2845,7984259
1627652517,891,262,2,0,2845,8011693
1627652554,891,262,2,0,2845,8042646
1627652594,892,262,2,0,2845,8078063
1627652637,895,263,2,0,2846,8116542
1627652682,897,265,2,0,2852,8157728
1627652723,897,265,2,0,2852,8199426
1627652763,897,265,2,0,2852,8240922
1627652801,897,265,2,0,2852,8281059
1627652840,897,265,2,0,2852,8320821
1627652878,897,265,2,0,2852,8360089
1627652915,897,265,2,0,2852,8395720
1627652945,897,265,2,0,2852,8425300
1627652978,897,265,2,0,2852,8454862
1627653026,903,268,2,0,2866,8498382
1627653073,906,268,2,0,2866,8541902
1627653121,908,269,2,0,2868,8585422
1627653171,908,269,2,0,2868,8610649
1627653202,908,269,2,0,2868,8636447
1627653241,909,269,3,0,2868,8667888
1627653282,910,270,3,0,2869,8703819
1627653325,910,270,3,0,2869,8742935
1627653367,912,271,3,0,2870,8783991
1627653409,912,271,3,0,2870,8826112
1627653450,912,271,3,0,2870,8868124
1627653490,912,271,3,0,2870,8909784
1627653530,912,271,3,0,2870,8951062
1627653570,912,271,3,0,2870,8991862
1627653607,912,271,3,0,2870,9029011
1627653639,913,271,3,0,2870,9060121
1627653673,913,271,3,0,2870,9091195
1627653722,915,271,3,0,2870,9135227
1627653772,915,271,3,0,2870,9160363
1627653805,915,271,3,0,2870,9186756
1627653842,915,271,3,0,2870,9217116
1627653882,915,271,3,0,2870,9252121
1627653924,915,271,3,0,2870,9290429
1627653966,915,271,3,0,2870,9330468
1627654008,915,271,3,0,2870,9371563
1627654048,916,272,3,0,2913,9412509
1627654087,916,272,3,0,2913,9453275
1627654127,917,273,3,0,2923,9493534
1627654167,917,273,3,0,2923,9533314
1627654203,917,273,3,0,2923,9569425
1627654234,917,273,3,0,2923,9599515
1627654267,917,273,3,0,2923,9629571
1627654315,922,273,3,0,2923,9672579
1627654367,922,273,3,0,2923,9698464
1627654399,922,273,3,0,2923,9725394
1627654435,922,273,3,0,2923,9755538
1627654477,922,273,3,0,2923,9791145
1627654520,922,273,3,0,2923,9829586
1627654563,922,273,3,0,2923,9870196
1627654604,922,273,3,0,2923,9911843
1627654645,922,273,3,0,2923,9953408
1627654684,922,273,3,0,2923,9994652
1627654724,922,273,3,0,2923,10035441
1627654762,922,273,3,0,2923,10075731
1627654799,922,273,3,0,2923,10112420
1627654831,922,273,3,0,2923,10143020
1627654864,922,273,3,0,2923,10173607
1627654913,925,273,3,0,2923,10217127
1627654965,925,273,3,0,2923,10244020
1627654998,925,273,3,0,2923,10272034
1627655035,925,273,3,0,2923,10302058
1627655076,925,273,3,0,2923,10338125
1627655120,925,273,3,0,2923,10378272
1627655164,925,273,3,0,2923,10419948
1627655205,925,273,3,0,2923,10462623
1627655247,925,273,3,0,2923,10505154
1627655287,925,273,3,0,2923,10547352
1627655329,925,273,3,0,2923,10589170
1627655369,925,273,3,0,2923,10630480
1627655408,925,273,3,0,2923,10668160
1627655441,925,273,3,0,2923,10699780
1627655476,925,273,3,0,2923,10731386
1627655526,926,273,3,0,2923,10775930
1627655577,926,273,3,0,2923,10801450
1627655610,926,273,3,0,2923,10828647
1627655649,926,273,3,0,2923,10860285
1627655690,926,273,3,0,2923,10895624
1627655734,926,273,3,0,2923,10934936
1627655776,926,273,3,0,2923,10975916
1627655818,926,273,3,0,2923,11018100
1627655859,926,273,3,0,2923,11060031
1627655900,926,273,3,0,2923,11101773
1627655941,926,273,3,0,2923,11143022
1627655980,926,273,3,0,2923,11183822
1627656018,926,273,3,0,2923,11220987
1627656050,926,273,3,0,2923,11252097
1627656084,926,273,3,0,2923,11283193
1627656133,929,274,3,0,2924,11327225
1627656182,934,274,3,0,2924,11371257
1627656233,934,274,3,0,2924,11396202
1627656265,934,274,3,0,2924,11422318
1627656302,934,274,3,0,2924,11453757
1627656345,934,274,3,0,2924,11489560
1627656389,934,274,3,0,2924,11528199
1627656431,935,275,3,0,2926,11568809
1627656472,935,275,3,0,2926,11610122
1627656513,935,275,3,0,2926,11651159
1627656553,935,275,3,0,2926,11691890
1627656593,935,275,3,0,2926,11732165
1627656631,935,275,3,0,2926,11771944
1627656667,935,275,3,0,2926,11808064
1627656699,935,275,3,0,2926,11838154
1627656734,935,275,3,0,2926,11868230
1627656782,935,275,3,0,2926,11911238
1627656834,935,275,3,0,2926,11936852
1627656867,935,275,3,0,2926,11963307
1627656904,935,275,3,0,2926,11994371
1627656946,935,275,3,0,2926,12029807
1627656989,935,275,3,0,2926,12068995
1627657032,935,275,3,0,2926,12109984
1627657073,935,275,3,0,2926,12151626
1627657114,936,276,3,0,2928,12193047
1627657153,936,276,3,0,2928,12234300
1627657193,936,276,3,0,2928,12275067
1627657233,936,276,3,0,2928,12315356
1627657270,936,276,3,0,2928,12352009
1627657302,936,276,3,0,2928,12382609
1627657338,936,276,3,0,2928,12413203
1627657386,938,276,3,0,2928,12456723
1627657438,938,276,3,0,2928,12482141
1627657472,938,276,3,0,2928,12509321
1627657509,938,276,3,0,2928,12540515
1627657551,938,276,3,0,2928,12576510
1627657596,938,276,3,0,2928,12615581
1627657638,939,276,3,0,2928,12655912
1627657679,939,276,3,0,2928,12697103
1627657719,939,276,3,0,2928,12738261
1627657758,939,276,3,0,2928,12778911
1627657797,939,276,3,0,2928,12819196
1627657835,939,276,3,0,2928,12858976
1627657870,939,276,3,0,2928,12895137
1627657901,939,276,3,0,2928,12925227
1627657935,939,276,3,0,2928,12955310
1627657983,939,276,3,0,2928,12998318
1627658035,939,276,3,0,2928,13024691
1627658069,939,276,3,0,2928,13052594
1627658106,939,276,3,0,2928,13083455
1627658147,939,276,3,0,2928,13118583
1627658191,939,276,3,0,2928,13157928
1627658233,939,276,3,0,2928,13198674
1627658274,939,276,3,0,2928,13240421
1627658314,940,277,3,0,2930,13282098
1627658355,940,277,3,0,2930,13323386
1627658395,940,277,3,0,2930,13364171
1627658433,941,277,3,0,2930,13404461
1627658471,941,277,3,0,2930,13441117
1627658503,941,277,3,0,2930,13471717
1627658537,941,277,3,0,2930,13502311
1627658586,942,277,3,0,2930,13545831
1627658638,942,277,3,0,2930,13571262
1627658669,942,277,3,0,2930,13597119
1627658705,942,277,3,0,2930,13627833
1627658746,942,277,3,0,2930,13662338
1627658788,942,277,3,0,2930,13699896
1627658830,942,277,3,0,2930,13738864
1627658870,942,277,3,0,2930,13778568
1627658907,942,277,3,0,2930,13818197
1627658945,942,277,3,0,2930,13857432
1627658982,942,277,3,0,2930,13896175
1627659020,942,277,3,0,2930,13934423
1627659055,942,277,3,0,2930,13968986
1627659084,942,277,3,0,2930,13997546
1627659116,942,277,3,0,2930,14026099
1627659163,943,278,3,0,2932,14067571
1627659209,944,279,3,0,2934,14109043
1627659260,944,279,3,0,2934,14134114
1627659290,944,279,3,0,2934,14159156
1627659327,944,279,3,0,2934,14188949
1627659368,944,279,3,0,2934,14223622
1627659409,944,279,3,0,2934,14260679
1627659452,944,279,3,0,2934,14299446
1627659491,944,279,3,0,2934,14338767
1627659528,946,279,3,0,2934,14377784
1627659565,946,279,3,0,2934,14416521
1627659601,946,279,3,0,2934,14454766
1627659637,946,279,3,0,2934,14492506
1627659671,946,279,3,0,2934,14526134
1627659700,946,279,3,0,2934,14554184
1627659733,946,279,3,0,2934,14582184
1627659778,946,279,3,0,2934,14623144
1627659829,946,279,3,0,2934,14648475
1627659860,946,279,3,0,2934,14674414
1627659896,946,279,3,0,2934,14704026
1627659937,946,279,3,0,2934,14738253
1627659981,946,279,3,0,2934,14776458
1627660024,946,279,3,0,2934,14815880
1627660064,946,279,3,0,2934,14856068
1627660103,946,279,3,0,2934,14896074
1627660140,946,279,3,0,2934,14935747
1627660177,946,279,3,0,2934,14975017
1627660213,946,279,3,0,2934,15013776
1627660248,946,279,3,0,2934,15048369
1627660278,946,279,3,0,2934,15077439
1627660311,946,279,3,0,2934,15106477
1627660358,948,280,3,0,2941,15148461
1627660404,948,280,3,0,2941,15190445
1627660453,948,280,3,0,2941,15214467
1627660483,948,280,3,0,2941,15239609
1627660517,948,280,3,0,2941,15268530
1627660555,948,280,3,0,2941,15301811
1627660592,948,280,3,0,2941,15337834
1627660630,948,280,3,0,2941,15375931
1627660668,948,280,3,0,2941,15415043
1627660706,948,280,3,0,2941,15454089
1627660744,948,280,3,0,2941,15492777
1627660782,948,280,3,0,2941,15531027
1627660821,948,280,3,0,2941,15568767
1627660855,948,280,3,0,2941,15602382
1627660886,948,280,3,0,2941,15630942
1627660918,948,280,3,0,2941,15659499
1627660963,951,281,3,0,2942,15700459
1627661009,951,281,3,0,2942,15741419
1627661057,951,281,3,0,2942,15765479
1627661087,951,281,3,0,2942,15791222
1627661123,952,282,3,0,2943,15821696
1627661162,952,282,3,0,2943,15856062
1627661203,952,282,3,0,2943,15893135
1627661243,952,282,3,0,2943,15931930
1627661282,952,282,3,0,2943,15971346
1627661320,952,282,3,0,2943,16010895
1627661359,952,282,3,0,2943,16050085
1627661397,952,282,3,0,2943,16088835
1627661436,952,282,3,0,2943,16127085
1627661471,952,282,3,0,2943,16161232
1627661501,952,282,3,0,2943,16190812
1627661534,952,282,3,0,2943,16219847
1627661581,954,282,3,0,2943,16261319
1627661630,954,282,3,0,2943,16285895
1627661662,954,282,3,0,2943,16312914
1627661699,954,282,3,0,2943,16343463
1627661739,954,282,3,0,2943,16378061
1627661780,954,282,3,0,2943,16415093
1627661821,954,282,3,0,2943,16454433
1627661860,954,282,3,0,2943,16494469
1627661900,954,282,3,0,2943,16534464
1627661938,954,282,3,0,2943,16574167
1627661978,954,282,3,0,2943,16613425
1627662016,954,282,3,0,2943,16652183
1627662051,954,282,3,0,2943,16686803
1627662083,954,282,3,0,2943,16716893
1627662117,955,282,3,0,2943,16746442
1627662164,956,282,3,0,2943,16788426
1627662213,956,282,3,0,2943,16812285
1627662243,956,282,3,0,2943,16837156
1627662280,956,282,3,0,2943,16866847
1627662320,956,282,3,0,2943,16902372
1627662362,956,282,3,0,2943,16939688
1627662401,956,282,3,0,2943,16978254
1627662440,956,282,3,0,2943,17017922
1627662479,956,282,3,0,2943,17057233
1627662517,957,283,3,0,2945,17096376
1627662556,957,283,3,0,2945,17135091
1627662594,957,283,3,0,2945,17173340
1627662629,957,283,3,0,2945,17207489
1627662659,957,283,3,0,2945,17237069
1627662691,957,283,3,0,2945,17266135
1627662737,960,284,3,0,2962,17307607
1627662783,960,284,3,0,2962,17349079
1627662833,960,284,3,0,2962,17373929
1627662865,960,284,3,0,2962,17400586
1627662902,960,284,3,0,2962,17432076
1627662944,960,284,3,0,2962,17467221
1627662985,960,284,3,0,2962,17504444
1627663026,960,284,3,0,2962,17543322
1627663065,960,284,3,0,2962,17582979
1627663105,960,284,3,0,2962,17622481
1627663142,960,284,3,0,2962,17661592
1627663180,960,284,3,0,2962,17700339
1627663218,960,284,3,0,2962,17738588
1627663253,960,284,3,0,2962,17772681
1627663284,960,284,3,0,2962,17802261
1627663317,960,284,3,0,2962,17831324
1627663364,961,285,3,0,2965,17872796
1627663411,962,285,3,0,2965,17914268
1627663460,962,285,3,0,2965,17938542
1627663492,962,285,3,0,2965,17964907
1627663531,962,285,3,0,2965,17997367
1627663572,962,285,3,0,2965,18032733
1627663613,962,285,3,0,2965,18069672
1627663654,962,285,3,0,2965,18108562
1627663691,962,285,3,0,2965,18148128
1627663730,962,285,3,0,2965,18187552
1627663767,962,285,3,0,2965,18226737
1627663804,962,285,3,0,2965,18265455
1627663842,962,285,3,0,2965,18303704
1627663876,962,285,3,0,2965,18337827
1627663908,962,285,3,0,2965,18367407
1627663941,962,285,3,0,2965,18396469
1627663988,963,286,3,0,2973,18437941
1627664034,964,286,3,0,2973,18479413
1627664085,964,286,3,0,2973,18505420
1627664118,964,286,3,0,2973,18533052
1627664158,964,286,3,0,2973,18566276
1627664201,964,286,3,0,2973,18602748
1627664245,964,286,3,0,2973,18641297
1627664289,964,286,3,0,2973,18682207
1627664331,964,286,3,0,2973,18723813
1627664373,964,286,3,0,2973,18765246
1627664412,964,286,3,0,2973,18806399
1627664451,964,286,3,0,2973,18847177
1627664490,964,286,3,0,2973,18887466
1627664527,964,286,3,0,2973,18923656
1627664559,964,286,3,0,2973,18954766
1627664594,964,286,3,0,2973,18985350
1627664643,964,286,3,0,2973,19028870
1627664693,964,286,3,0,2973,19054400
1627664726,964,286,3,0,2973,19080730
1627664765,964,286,3,0,2973,19113535
1627664807,964,286,3,0,2973,19149192
1627664850,964,286,3,0,2973,19187343
1627664894,964,286,3,0,2973,19227509
1627664936,964,286,3,0,2973,19268610
1627664976,964,286,3,0,2973,19309564
1627665015,964,286,3,0,2973,19350192
1627665053,964,286,3,0,2973,19390476
1627665091,964,286,3,0,2973,19430256
1627665127,964,286,3,0,2973,19465923
1627665159,964,286,3,0,2973,19496523
1627665193,964,286,3,0,2973,19526606
1627665241,965,287,3,0,3006,19569614
1627665289,965,287,3,0,3006,19612622
1627665340,965,287,3,0,3006,19638453
1627665372,966,288,3,0,3008,19665771
1627665411,966,288,3,0,3008,19698973
1627665455,966,288,3,0,3008,19736192
1627665499,966,288,3,0,3008,19775317
1627665542,971,288,3,0,3008,19816076
1627665583,971,288,3,0,3008,19857542
1627665623,971,288,3,0,3008,19899020
1627665663,971,288,3,0,3008,19940240
1627665701,971,288,3,0,3008,19981035
1627665740,971,288,3,0,3008,20021325
1627665777,971,288,3,0,3008,20057453
1627665809,971,288,3,0,3008,20088563
1627665844,972,288,3,0,3008,20118640
1627665893,976,289,3,0,3011,20162160
1627665942,978,289,3,0,3011,20205680
1627665995,978,289,3,0,3011,20233536
1627666029,978,289,3,0,3011,20262220
1627666069,978,289,3,0,3011,20296695
1627666115,978,289,3,0,3011,20335091
1627666159,978,289,3,0,3011,20375505
1627666203,978,289,3,0,3011,20417953
1627666247,978,289,3,0,3011,20461493
1627666288,978,289,3,0,3011,20504816
1627666330,978,289,3,0,3011,20548072
1627666370,978,289,3,0,3011,20590899
1627666411,978,289,3,0,3011,20633227
1627666450,978,289,3,0,3011,20671445
1627666485,978,289,3,0,3011,20704595
1627666521,978,289,3,0,3011,20736201
1627666572,978,289,3,0,3011,20781769
1627666625,978,289,3,0,3011,20809301
1627666658,978,289,3,0,3011,20837640
1627666698,978,289,3,0,3011,20871009
1627666741,978,289,3,0,3011,20909583
1627666786,978,289,3,0,3011,20950811
1627666830,978,289,3,0,3011,20993510
1627666873,978,289,3,0,3011,21037090
1627666914,978,289,3,0,3011,21080577
1627666957,978,289,3,0,3011,21123856
1627666998,978,289,3,0,3011,21166670
1627667040,978,289,3,0,3011,21209000
1627667079,978,289,3,0,3011,21247182
1627667115,978,289,3,0,3011,21280332
1627667152,978,289,3,0,3011,21312453
1627667203,980,290,3,0,3012,21358021
1627667253,980,290,3,0,3012,21403589
1627667307,980,290,3,0,3012,21432151
1627667340,980,290,3,0,3012,21460717
1627667381,980,290,3,0,3012,21494764
1627667426,980,290,3,0,3012,21533662
1627667472,980,290,3,0,3012,21575264
1627667517,980,290,3,0,3012,21618003
1627667561,980,290,3,0,3012,21662061
1627667604,980,290,3,0,3012,21706006
1627667645,980,290,3,0,3012,21749747
1627667686,980,290,3,0,3012,21793076
1627667728,980,290,3,0,3012,21835915
1627667768,980,290,3,0,3012,21874647
1627667802,980,290,3,0,3012,21907287
1627667839,980,290,3,0,3012,21939408
1627667890,980,290,3,0,3012,21985488
1627667943,980,290,3,0,3012,22013059
1627667977,980,290,3,0,3012,22041455
1627668019,980,290,3,0,3012,22076064
1627668064,980,290,3,0,3012,22114633
1627668109,980,290,3,0,3012,22155485
1627668155,980,290,3,0,3012,22198274
1627668200,980,290,3,0,3012,22242042
1627668243,980,290,3,0,3012,22285451
1627668284,980,290,3,0,3012,22328772
1627668325,980,290,3,0,3012,22371586
1627668366,980,290,3,0,3012,22413912
1627668405,980,290,3,0,3012,22452129
1627668438,980,290,3,0,3012,22483749
1627668475,980,290,3,0,3012,22514846
1627668526,982,290,3,0,3012,22560414
1627668578,982,290,3,0,3012,22587996
1627668613,982,290,3,0,3012,22617467
1627668654,982,290,3,0,3012,22651546
1627668698,982,290,3,0,3012,22690242
1627668743,982,290,3,0,3012,22730297
1627668787,983,290,3,0,3012,22772975
1627668831,983,290,3,0,3012,22816612
1627668873,983,290,3,0,3012,22860124
1627668914,983,290,3,0,3012,22903342
1627668955,983,290,3,0,3012,22946157
1627668996,983,290,3,0,3012,22988487
1627669035,983,290,3,0,3012,23026662
1627669069,983,290,3,0,3012,23058792
1627669105,983,290,3,0,3012,23090401
1627669156,984,290,3,0,3012,23135969
1627669207,984,290,3,0,3012,23162221
1627669242,984,290,3,0,3012,23192407
1627669282,984,290,3,0,3012,23226551
1627669324,984,290,3,0,3012,23263853
1627669368,984,290,3,0,3012,23304973
1627669412,984,290,3,0,3012,23348084
1627669454,984,290,3,0,3012,23392078
1627669497,984,290,3,0,3012,23436009
1627669540,984,290,3,0,3012,23479704
1627669583,984,290,3,0,3012,23523010
1627669625,984,290,3,0,3012,23565849
1627669664,984,290,3,0,3012,23604536
1627669698,984,290,3,0,3012,23636666
1627669735,984,290,3,0,3012,23668277
1627669786,986,291,3,0,3014,23714357
1627669838,986,291,3,0,3014,23760437
1627669889,987,291,3,0,3014,23786932
1627669921,987,291,3,0,3014,23814624
1627669960,987,291,3,0,3014,23847310
1627670001,987,291,3,0,3014,23883313
1627670045,987,291,3,0,3014,23923938
1627670089,987,291,3,0,3014,23966508
1627670133,987,291,3,0,3014,24009624
1627670175,987,291,3,0,3014,24052438
1627670216,987,291,3,0,3014,24095178
1627670257,987,291,3,0,3014,24137458
1627670298,987,291,3,0,3014,24179272
1627670336,987,291,3,0,3014,24216967
1627670369,987,291,3,0,3014,24248587
1627670403,987,291,3,0,3014,24279161
1627670453,988,291,3,0,3014,24324217
1627670504,988,291,3,0,3014,24350846
1627670537,988,291,3,0,3014,24378702
1627670575,988,291,3,0,3014,24412208
1627670618,988,291,3,0,3014,24449889
1627670662,988,291,3,0,3014,24490893
1627670705,988,291,3,0,3014,24533141
1627670746,988,291,3,0,3014,24576075
1627670788,988,291,3,0,3014,24619055
1627670831,988,291,3,0,3014,24661747
1627670871,988,291,3,0,3014,24704044
1627670912,988,291,3,0,3014,24745860
1627670950,988,291,3,0,3014,24783069
1627670983,988,291,3,0,3014,24814179
1627671017,988,291,3,0,3014,24844244
1627671068,988,291,3,0,3014,24889300
1627671118,988,291,3,0,3014,24916280
1627671151,988,291,3,0,3014,24944129
1627671190,988,291,3,0,3014,24976893
1627671232,988,291,3,0,3014,25014477
1627671275,988,291,3,0,3014,25054995
1627671318,988,291,3,0,3014,25097645
1627671359,988,291,3,0,3014,25140826
1627671401,988,291,3,0,3014,25183730
1627671442,988,291,3,0,3014,25226431
1627671484,988,291,3,0,3014,25268743
1627671525,988,291,3,0,3014,25310557
1627671563,988,291,3,0,3014,25347738
1627671595,988,291,3,0,3014,25378338
1627671629,988,291,3,0,3014,25408360
1627671679,988,291,3,0,3014,25453416
1627671730,988,291,3,0,3014,25480231
1627671761,988,291,3,0,3014,25507134
1627671801,988,291,3,0,3014,25541318
1627671844,988,291,3,0,3014,25579032
1627671886,988,291,3,0,3014,25619066
1627671928,988,291,3,0,3014,25661321
1627671970,988,291,3,0,3014,25704440
1627672013,988,291,3,0,3014,25747361
1627672055,988,291,3,0,3014,25790110
1627672096,988,291,3,0,3014,25832372
1627672137,988,291,3,0,3014,25874188
1627672175,988,291,3,0,3014,25911337
1627672207,988,291,3,0,3014,25941937
1627672240,988,291,3,0,3014,25971985
1627672290,990,293,3,0,3028,26017041
1627672340,991,293,3,0,3028,26062097
1627672390,992,294,3,0,3029,26107153
1627672439,992,294,3,0,3029,26132220
1627672473,992,294,3,0,3029,26161595
1627672513,992,294,3,0,3029,26195054
1627672556,992,294,3,0,3029,26231887
1627672597,992,294,3,0,3029,26270954
1627672640,992,294,3,0,3029,26312188
1627672681,992,294,3,0,3029,26354229
1627672722,992,294,3,0,3029,26396237
1627672762,992,294,3,0,3029,26437844
1627672802,992,294,3,0,3029,26479094
1627672842,992,294,3,0,3029,26519893
1627672878,992,294,3,0,3029,26556036
1627672909,992,294,3,0,3029,26586126
1627672941,992,294,3,0,3029,26615679
1627672990,995,294,3,0,3029,26659711
1627673043,995,294,3,0,3029,26687040
1627673076,995,294,3,0,3029,26715736
1627673116,995,294,3,0,3029,26749984
1627673159,995,294,3,0,3029,26787272
1627673205,995,294,3,0,3029,26828293
1627673249,995,294,3,0,3029,26871031
1627673292,995,294,3,0,3029,26914531
1627673335,995,294,3,0,3029,26957933
1627673376,995,294,3,0,3029,27001111
1627673416,995,294,3,0,3029,27043928
1627673457,995,294,3,0,3029,27086257
1627673495,995,294,3,0,3029,27123962
1627673528,995,294,3,0,3029,27155582
1627673564,995,294,3,0,3029,27186672
1627673615,998,294,3,0,3029,27232240
1627673666,998,294,3,0,3029,27258412
1627673700,998,294,3,0,3029,27286972
1627673740,998,294,3,0,3029,27321541
1627673783,999,294,3,0,3029,27359201
1627673827,999,294,3,0,3029,27399768
1627673869,1001,294,3,0,3029,27441552
1627673910,1001,294,3,0,3029,27484547
1627673953,1002,294,3,0,3029,27527474
1627673995,1003,294,3,0,3029,27570049
1627674037,1003,294,3,0,3029,27612378
1627674078,1003,294,3,0,3029,27654198
1627674116,1003,294,3,0,3029,27691405
1627674147,1003,294,3,0,3029,27722005
1627674181,1003,294,3,0,3029,27752072
1627674231,1007,294,3,0,3029,27797128
1627674282,1007,294,3,0,3029,27823346
1627674315,1007,294,3,0,3029,27851799
1627674354,1007,294,3,0,3029,27884538
1627674396,1007,294,3,0,3029,27920907
1627674440,1007,294,3,0,3029,27961172
1627674483,1007,294,3,0,3029,28002699
1627674525,1007,294,3,0,3029,28045424
1627674567,1007,294,3,0,3029,28087837
1627674608,1007,294,3,0,3029,28129986
1627674651,1007,294,3,0,3029,28171768
1627674690,1007,294,3,0,3029,28213077
1627674727,1007,294,3,0,3029,28249735
1627674759,1007,294,3,0,3029,28280335
1627674792,1007,294,3,0,3029,28310405
1627674842,1009,294,3,0,3029,28354949
1627674892,1009,294,3,0,3029,28380283
1627674926,1009,294,3,0,3029,28409058
1627674964,1009,294,3,0,3029,28441827
1627675006,1009,294,3,0,3029,28478321
1627675050,1009,294,3,0,3029,28518796
1627675093,1009,294,3,0,3029,28560633
1627675135,1009,294,3,0,3029,28603385
1627675176,1009,294,3,0,3029,28645860
1627675218,1009,294,3,0,3029,28688047
1627675259,1009,294,3,0,3029,28729839
1627675299,1009,294,3,0,3029,28771148
1627675336,1009,294,3,0,3029,28807776
1627675368,1009,294,3,0,3029,28838376
1627675402,1009,294,3,0,3029,28868440
1627675452,1009,294,3,0,3029,28912984
1627675502,1009,294,3,0,3029,28938704
1627675534,1009,294,3,0,3029,28966311
1627675575,1009,294,3,0,3029,29000297
1627675617,1009,294,3,0,3029,29036818
1627675661,1009,294,3,0,3029,29076766
1627675703,1009,294,3,0,3029,29118552
1627675745,1009,294,3,0,3029,29161068
1627675786,1009,294,3,0,3029,29203533
1627675828,1009,294,3,0,3029,29245685
1627675869,1009,294,3,0,3029,29287482
1627675909,1009,294,3,0,3029,29328792
1627675946,1009,294,3,0,3029,29365448
1627675977,1009,294,3,0,3029,29396048
1627676012,1009,294,3,0,3029,29426119
1627676062,1009,294,3,0,3029,29470663
1627676113,1009,294,3,0,3029,29496915
1627676146,1009,294,3,0,3029,29525013
1627676185,1009,294,3,0,3029,29558120
1627676228,1009,294,3,0,3029,29595201
1627676273,1009,294,3,0,3029,29635441
1627676316,1009,294,3,0,3029,29677293
1627676359,1009,294,3,0,3029,29720021
1627676400,1009,294,3,0,3029,29762566
1627676441,1009,294,3,0,3029,29804736
1627676483,1009,294,3,0,3029,29846546
1627676522,1009,294,3,0,3029,29887856
1627676559,1009,294,3,0,3029,29924540
1627676590,1009,294,3,0,3029,29955140
1627676624,1009,294,3,0,3029,29985200
1627676674,1009,294,3,0,3029,30029744
1627676724,1009,294,3,0,3029,30055556
1627676755,1009,294,3,0,3029,30082397
1627676795,1009,294,3,0,3029,30115287
1627676838,1009,294,3,0,3029,30152962
1627676882,1009,294,3,0,3029,30192962
1627676925,1009,294,3,0,3029,30234923
1627676966,1009,294,3,0,3029,30277384
1627677008,1009,294,3,0,3029,30319799
1627677049,1009,294,3,0,3029,30361980
1627677089,1009,294,3,0,3029,30403781
1627677129,1009,294,3,0,3029,30445090
1627677166,1009,294,3,0,3029,30481743
1627677198,1009,294,3,0,3029,30512343
1627677232,1009,294,3,0,3029,30542389
1627677281,1009,294,3,0,3029,30586933
1627677332,1009,294,3,0,3029,30612741
1627677364,1009,294,3,0,3029,30640062
1627677403,1009,294,3,0,3029,30672889
1627677445,1009,294,3,0,3029,30709215
1627677490,1009,294,3,0,3029,30749548
1627677533,1009,294,3,0,3029,30791419
1627677575,1009,294,3,0,3029,30833889
1627677617,1009,294,3,0,3029,30876323
1627677659,1009,294,3,0,3029,30918513
1627677699,1009,294,3,0,3029,30960322
1627677739,1009,294,3,0,3029,31001631
1627677775,1009,294,3,0,3029,31038302
1627677806,1009,294,3,0,3029,31068902
1627677838,1009,294,3,0,3029,31098976
1627677888,1010,294,3,0,3029,31143520
1627677938,1010,294,3,0,3029,31169329
1627677970,1010,294,3,0,3029,31197184
1627678009,1010,294,3,0,3029,31229803
1627678051,1010,294,3,0,3029,31266658
1627678096,1010,294,3,0,3029,31307078
1627678139,1010,294,3,0,3029,31348752
1627678181,1010,294,3,0,3029,31391425
1627678222,1010,294,3,0,3029,31433897
1627678263,1010,294,3,0,3029,31476082
1627678303,1010,294,3,0,3029,31517889
1627678343,1010,294,3,0,3029,31559198
1627678380,1010,294,3,0,3029,31595872
1627678411,1010,294,3,0,3029,31625962
1627678446,1010,294,3,0,3029,31655523
1627678496,1010,294,3,0,3029,31700067
1627678547,1010,294,3,0,3029,31726490
1627678581,1010,294,3,0,3029,31754509
1627678620,1010,294,3,0,3029,31787978
1627678662,1010,294,3,0,3029,31824292
1627678706,1010,294,3,0,3029,31864353
1627678750,1010,294,3,0,3029,31906023
1627678793,1012,294,3,0,3029,31948495
1627678836,1012,294,3,0,3029,31990872
1627678876,1012,294,3,0,3029,32033078
1627678916,1012,294,3,0,3029,32074884
1627678956,1012,294,3,0,3029,32116194
1627678993,1012,294,3,0,3029,32152891
1627679025,1012,294,3,0,3029,32182981
1627679057,1012,294,3,0,3029,32212550
1627679106,1012,294,3,0,3029,32257094
1627679156,1012,294,3,0,3029,32282785
1627679188,1012,294,3,0,3029,32310105
1627679227,1012,294,3,0,3029,32342726
1627679270,1012,294,3,0,3029,32379636
1627679315,1012,294,3,0,3029,32419480
1627679357,1012,294,3,0,3029,32461100
1627679399,1012,294,3,0,3029,32503343
1627679442,1012,294,3,0,3029,32545856
1627679483,1012,294,3,0,3029,32587938
1627679524,1012,294,3,0,3029,32629728
1627679564,1012,294,3,0,3029,32671037
1627679602,1012,294,3,0,3029,32707688
1627679632,1012,294,3,0,3029,32737778
1627679665,1012,294,3,0,3029,32767346
1627679715,1012,294,3,0,3029,32811890
1627679765,1012,294,3,0,3029,32838013
1627679798,1012,294,3,0,3029,32865918
1627679836,1012,294,3,0,3029,32898569
1627679879,1012,294,3,0,3029,32936021
1627679922,1012,294,3,0,3029,32976265
1627679966,1012,294,3,0,3029,33018158
1627680008,1012,294,3,0,3029,33060770
1627680049,1012,294,3,0,3029,33103255
1627680090,1012,294,3,0,3029,33145460
1627680130,1012,294,3,0,3029,33187271
1627680170,1012,294,3,0,3029,33228580
1627680207,1012,294,3,0,3029,33265210
1627680240,1012,294,3,0,3029,33295300
1627680272,1012,294,3,0,3029,33324863
1627680322,1014,294,3,0,3029,33369407
1627680373,1014,294,3,0,3029,33396211
1627680406,1014,294,3,0,3029,33424410
1627680445,1014,294,3,0,3029,33457069
1627680488,1014,294,3,0,3029,33494118
1627680534,1014,294,3,0,3029,33534174
1627680576,1014,294,3,0,3029,33575874
1627680617,1014,294,3,0,3029,33618699
1627680659,1014,294,3,0,3029,33661162
1627680700,1014,294,3,0,3029,33703380
1627680742,1014,294,3,0,3029,33745161
1627680781,1014,294,3,0,3029,33786468
1627680818,1014,294,3,0,3029,33823088
1627680850,1014,294,3,0,3029,33853688
1627680883,1014,294,3,0,3029,33883769
1627680933,1016,294,3,0,3029,33928313
1627680982,1016,294,3,0,3029,33953678
1627681015,1016,294,3,0,3029,33981396
1627681053,1016,294,3,0,3029,34014850
1627681097,1016,294,3,0,3029,34052464
1627681141,1016,294,3,0,3029,34092067
1627681183,1016,294,3,0,3029,34133369
1627681224,1016,294,3,0,3029,34175407
1627681265,1016,294,3,0,3029,34217443
1627681307,1016,294,3,0,3029,34259125
1627681346,1016,294,3,0,3029,34300411
1627681386,1016,294,3,0,3029,34341211
1627681423,1016,294,3,0,3029,34377375
1627681454,1016,294,3,0,3029,34406955
1627681488,1016,294,3,0,3029,34436007
1627681537,1017,294,3,0,3029,34480039
1627681589,1017,294,3,0,3029,34507179
1627681623,1017,294,3,0,3029,34535769
1627681663,1017,294,3,0,3029,34569658
1627681708,1017,294,3,0,3029,34607984
1627681752,1017,294,3,0,3029,34648292
1627681797,1017,294,3,0,3029,34690683
1627681839,1017,294,3,0,3029,34733894
1627681881,1017,294,3,0,3029,34776947
1627681922,1017,294,3,0,3029,34819695
1627681963,1017,294,3,0,3029,34862002
1627682004,1017,294,3,0,3029,34903818
1627682041,1017,294,3,0,3029,34940959
1627682073,1017,294,3,0,3029,34971049
1627682106,1017,294,3,0,3029,35000606
1627682156,1021,295,3,0,3030,35045662
1627682205,1021,295,3,0,3030,35090718
1627682258,1021,295,3,0,3030,35118335
1627682293,1021,295,3,0,3030,35147482
1627682333,1021,295,3,0,3030,35181699
1627682379,1021,295,3,0,3030,35220649
1627682426,1021,295,3,0,3030,35262707
1627682472,1021,295,3,0,3030,35306471
1627682516,1021,295,3,0,3030,35351266
1627682559,1021,295,3,0,3030,35395917
1627682603,1021,295,3,0,3030,35440210
1627682645,1021,295,3,0,3030,35484069
1627682687,1021,295,3,0,3030,35527419
1627682725,1021,295,3,0,3030,35565073
1627682756,1021,295,3,0,3030,35595673
1627682790,1021,295,3,0,3030,35625741
1627682842,1023,295,3,0,3030,35672333
1627682893,1023,295,3,0,3030,35698426
1627682929,1023,295,3,0,3030,35729208
1627682969,1023,295,3,0,3030,35763858
1627683015,1023,295,3,0,3030,35803221
1627683061,1023,295,3,0,3030,35845136
1627683106,1023,295,3,0,3030,35888211
1627683150,1023,295,3,0,3030,35932487
1627683193,1024,295,3,0,3030,35976573
1627683236,1024,295,3,0,3030,36020405
1627683277,1024,295,3,0,3030,36063754
1627683319,1024,295,3,0,3030,36106593
1627683356,1024,295,3,0,3030,36143783
1627683386,1024,295,3,0,3030,36173363
1627683418,1024,295,3,0,3030,36202416
1627683469,1025,295,3,0,3030,36248496
1627683520,1025,295,3,0,3030,36275217
1627683554,1025,295,3,0,3030,36304118
1627683594,1025,295,3,0,3030,36337513
1627683637,1025,295,3,0,3030,36375086
1627683684,1025,295,3,0,3030,36415889
1627683730,1025,295,3,0,3030,36458991
1627683773,1025,295,3,0,3030,36502679
1627683815,1025,295,3,0,3030,36546255
1627683857,1025,295,3,0,3030,36589521
1627683898,1025,295,3,0,3030,36632336
1627683939,1025,295,3,0,3030,36674661
1627683976,1025,295,3,0,3030,36711822
1627684006,1025,295,3,0,3030,36741402
1627684038,1025,295,3,0,3030,36770434
1627684089,1025,295,3,0,3030,36816002
1627684141,1025,295,3,0,3030,36842670
1627684175,1025,295,3,0,3030,36872052
1627684216,1025,295,3,0,3030,36906223
1627684260,1025,295,3,0,3030,36944264
1627684306,1025,295,3,0,3030,36985407
1627684352,1025,295,3,0,3030,37027944
1627684398,1025,295,3,0,3030,37071718
1627684442,1025,295,3,0,3030,37115340
1627684483,1025,295,3,0,3030,37158591
1627684523,1025,295,3,0,3030,37201424
1627684563,1025,295,3,0,3030,37243750
1627684600,1025,295,3,0,3030,37280854
1627684630,1025,295,3,0,3030,37310434
1627684664,1025,295,3,0,3030,37339468
1627684715,1025,295,3,0,3030,37385036
1627684766,1025,295,3,0,3030,37411602
1627684800,1025,295,3,0,3030,37440189
1627684841,1025,295,3,0,3030,37474901
1627684885,1025,295,3,0,3030,37513185
1627684932,1025,295,3,0,3030,37554559
1627684977,1025,295,3,0,3030,37597385
1627685022,1025,295,3,0,3030,37641300
1627685065,1025,295,3,0,3030,37684980
1627685106,1025,295,3,0,3030,37728279
1627685147,1025,295,3,0,3030,37771112
1627685187,1025,295,3,0,3030,37813436
1627685224,1025,295,3,0,3030,37850632
1627685256,1025,295,3,0,3030,37880212
1627685289,1025,295,3,0,3030,37909274
1627685340,1026,295,3,0,3030,37954842
1627685392,1026,295,3,0,3030,37981707
1627685424,1026,295,3,0,3030,38009260
1627685466,1026,295,3,0,3030,38043938
1627685510,1026,295,3,0,3030,38082510
1627685556,1026,295,3,0,3030,38123639
1627685601,1026,295,3,0,3030,38166614
1627685644,1026,295,3,0,3030,38210545
1627685687,1026,295,3,0,3030,38254204
1627685730,1026,295,3,0,3030,38297542
1627685772,1026,295,3,0,3030,38340358
1627685813,1026,295,3,0,3030,38382686
1627685850,1026,295,3,0,3030,38419796
1627685880,1026,295,3,0,3030,38449886
1627685912,1026,295,3,0,3030,38479450
1627685963,1027,295,3,0,3030,38525018
1627686014,1027,295,3,0,3030,38551225
1627686048,1027,295,3,0,3030,38580189
1627686089,1027,295,3,0,3030,38613952
1627686131,1027,295,3,0,3030,38651570
1627686177,1027,295,3,0,3030,38692405
1627686223,1027,295,3,0,3030,38735237
1627686266,1027,295,3,0,3030,38779033
1627686309,1027,295,3,0,3030,38822739
1627686352,1027,295,3,0,3030,38866023
1627686394,1027,295,3,0,3030,38908858
1627686435,1027,295,3,0,3030,38951183
1627686472,1027,295,3,0,3030,38988339
1627686502,1027,295,3,0,3030,39017919
1627686533,1027,295,3,0,3030,39046954
1627686584,1028,295,3,0,3030,39092522
1627686636,1029,295,3,0,3030,39119578
1627686669,1029,295,3,0,3030,39148281
1627686711,1029,295,3,0,3030,39183275
1627686756,1029,295,3,0,3030,39221428
1627686803,1029,295,3,0,3030,39263150
1627686847,1029,295,3,0,3030,39306502
1627686891,1029,295,3,0,3030,39350945
1627686935,1029,295,3,0,3030,39395232
1627686978,1029,295,3,0,3030,39439032
1627687020,1029,295,3,0,3030,39482371
1627687061,1029,295,3,0,3030,39525202
1627687099,1029,295,3,0,3030,39562875
1627687129,1029,295,3,0,3030,39592455
1627687162,1029,295,3,0,3030,39621513
1627687213,1030,296,3,0,3032,39667593
1627687264,1031,296,3,0,3032,39713673
1627687315,1031,296,3,0,3032,39740352
1627687349,1031,296,3,0,3032,39768677
1627687389,1031,296,3,0,3032,39802957
1627687435,1031,296,3,0,3032,39842181
1627687482,1031,296,3,0,3032,39884004
1627687526,1031,296,3,0,3032,39927208
1627687570,1031,296,3,0,3032,39971499
1627687613,1031,296,3,0,3032,40015728
1627687655,1031,296,3,0,3032,40059522
1627687697,1031,296,3,0,3032,40102869
1627687738,1031,296,3,0,3032,40145707
1627687776,1031,296,3,0,3032,40183421
1627687807,1031,296,3,0,3032,40213511
1627687841,1031,296,3,0,3032,40243088
1627687892,1032,296,3,0,3032,40289168
1627687943,1032,296,3,0,3032,40315730
1627687977,1032,296,3,0,3032,40344953
1627688018,1032,296,3,0,3032,40378944
1627688062,1032,296,3,0,3032,40416871
1627688109,1032,296,3,0,3032,40458037
1627688153,1032,296,3,0,3032,40500841
1627688198,1032,296,3,0,3032,40544915
1627688241,1032,296,3,0,3032,40589110
1627688283,1032,296,3,0,3032,40632888
1627688324,1032,296,3,0,3032,40676236
1627688366,1032,296,3,0,3032,40719075
1627688403,1032,296,3,0,3032,40756727
1627688433,1032,296,3,0,3032,40786307
1627688466,1032,296,3,0,3032,40815341
1627688517,1033,296,3,0,3032,40861421
1627688568,1033,296,3,0,3032,40888099
1627688603,1033,296,3,0,3032,40917716
1627688642,1033,296,3,0,3032,40951247
1627688686,1033,296,3,0,3032,40989683
1627688733,1033,296,3,0,3032,41032040
1627688777,1033,296,3,0,3032,41076037
1627688822,1033,296,3,0,3032,41120885
1627688865,1033,296,3,0,3032,41165969
1627688909,1033,296,3,0,3032,41210802
1627688951,1033,296,3,0,3032,41255147
1627688994,1033,296,3,0,3032,41298997
1627689033,1033,296,3,0,3032,41337622
1627689064,1033,296,3,0,3032,41368222
1627689100,1033,296,3,0,3032,41398299
1627689152,1033,296,3,0,3032,41445403
1627689203,1033,296,3,0,3032,41472282
1627689239,1033,296,3,0,3032,41502225
1627689279,1033,296,3,0,3032,41536223
1627689323,1033,296,3,0,3032,41575086
1627689369,1033,296,3,0,3032,41617473
1627689413,1033,296,3,0,3032,41661409
1627689457,1033,296,3,0,3032,41706334
1627689501,1033,296,3,0,3032,41751481
1627689544,1033,296,3,0,3032,41796305
1627689586,1033,296,3,0,3032,41840644
1627689628,1033,296,3,0,3032,41884498
1627689667,1033,296,3,0,3032,41923173
1627689698,1033,296,3,0,3032,41953773
1627689734,1033,296,3,0,3032,41983819
1627689786,1034,296,3,0,3032,42030923
1627689859,1034,296,3,0,3032,42057910
1627689893,1034,296,3,0,3032,42087750
1627689935,1034,296,3,0,3032,42123724
1627689981,1034,296,3,0,3032,42163193
1627690030,1034,296,3,0,3032,42205900
1627690076,1034,296,3,0,3032,42250439
1627690122,1034,296,3,0,3032,42296040
1627690167,1034,296,3,0,3032,42341829
1627690211,1034,296,3,0,3032,42387165
1627690254,1034,296,3,0,3032,42432039
1627690298,1034,296,3,0,3032,42476407
1627690337,1034,296,3,0,3032,42515595
1627690370,1034,296,3,0,3032,42547215
1627690404,1034,296,3,0,3032,42578310
1627690457,1036,296,3,0,3032,42625926
1627690510,1036,296,3,0,3032,42653460
1627690545,1036,296,3,0,3032,42682991
1627690587,1036,296,3,0,3032,42718257
1627690633,1036,296,3,0,3032,42757274
1627690680,1036,296,3,0,3032,42800085
1627690726,1036,296,3,0,3032,42844897
1627690772,1036,296,3,0,3032,42890408
1627690816,1036,296,3,0,3032,42936032
1627690860,1036,296,3,0,3032,42981409
1627690903,1036,296,3,0,3032,43026282
1627690947,1036,296,3,0,3032,43070651
1627690987,1036,296,3,0,3032,43109856
1627691019,1036,296,3,0,3032,43140966
1627691051,1036,296,3,0,3032,43171557
1627691103,1037,296,3,0,3032,43219173
1627691155,1037,296,3,0,3032,43245814
1627691190,1037,296,3,0,3032,43275337
1627691231,1037,296,3,0,3032,43309814
1627691278,1037,296,3,0,3032,43350717
1627691325,1037,296,3,0,3032,43393340
1627691370,1037,296,3,0,3032,43437981
1627691416,1037,296,3,0,3032,43483740
1627691460,1037,296,3,0,3032,43529438
1627691503,1037,296,3,0,3032,43574761
1627691546,1037,296,3,0,3032,43619611
1627691589,1037,296,3,0,3032,43663980
1627691628,1037,296,3,0,3032,43703121
1627691661,1037,296,3,0,3032,43734741
1627691695,1037,296,3,0,3032,43765839
1627691748,1038,296,3,0,3032,43813455
1627691800,1038,296,3,0,3032,43840290
1627691835,1038,296,3,0,3032,43869484
1627691875,1038,296,3,0,3032,43904294
1627691923,1038,296,3,0,3032,43944796
1627691970,1038,296,3,0,3032,43987425
1627692015,1038,296,3,0,3032,44031356
1627692059,1038,296,3,0,3032,44076459
1627692103,1038,296,3,0,3032,44121671
1627692146,1038,296,3,0,3032,44166541
1627692188,1038,296,3,0,3032,44210898
1627692232,1038,296,3,0,3032,44254757
1627692271,1038,296,3,0,3032,44293429
1627692303,1038,296,3,0,3032,44324539
1627692336,1038,296,3,0,3032,44355122
1627692389,1039,297,3,0,3035,44402226
1627692440,1040,297,3,0,3035,44449330
1627692492,1040,297,3,0,3035,44476206
1627692526,1040,297,3,0,3035,44505317
1627692565,1040,297,3,0,3035,44538745
1627692612,1040,297,3,0,3035,44578506
1627692659,1040,297,3,0,3035,44621581
1627692705,1040,297,3,0,3035,44666734
1627692750,1040,297,3,0,3035,44712480
1627692794,1040,297,3,0,3035,44758173
1627692838,1040,297,3,0,3035,44803479
1627692881,1040,297,3,0,3035,44848354
1627692924,1040,297,3,0,3035,44892720
1627692964,1041,298,3,0,3036,44931853
1627692996,1041,298,3,0,3036,44962963
1627693030,1041,298,3,0,3036,44993534
1627693083,1042,298,3,0,3036,45041150
1627693134,1042,298,3,0,3036,45067949
1627693169,1042,298,3,0,3036,45097682
1627693211,1042,298,3,0,3036,45133018
1627693256,1042,298,3,0,3036,45172311
1627693304,1042,298,3,0,3036,45214895
1627693352,1042,298,3,0,3036,45259237
1627693396,1042,298,3,0,3036,45304611
1627693440,1042,298,3,0,3036,45349863
1627693482,1042,298,3,0,3036,45394738
1627693523,1042,298,3,0,3036,45439098
1627693566,1042,298,3,0,3036,45482958
1627693604,1042,298,3,0,3036,45521667
1627693635,1042,298,3,0,3036,45551757
1627693669,1042,298,3,0,3036,45581322
1627693721,1043,298,3,0,3036,45628426
1627693772,1043,298,3,0,3036,45654267
1627693806,1043,298,3,0,3036,45683405
1627693848,1043,298,3,0,3036,45719248
1627693894,1043,298,3,0,3036,45759192
1627693940,1043,298,3,0,3036,45801522
1627693986,1043,298,3,0,3036,45845926
1627694031,1043,298,3,0,3036,45891294
1627694074,1043,298,3,0,3036,45936465
1627694118,1043,298,3,0,3036,45981293
1627694161,1043,298,3,0,3036,46025651
1627694204,1043,298,3,0,3036,46069509
1627694242,1043,298,3,0,3036,46108188
1627694273,1043,298,3,0,3036,46138278
1627694307,1043,298,3,0,3036,46167828
1627694360,1043,298,3,0,3036,46214932
1627694412,1043,298,3,0,3036,46242323
1627694447,1043,298,3,0,3036,46271567
1627694487,1043,298,3,0,3036,46305345
1627694532,1043,298,3,0,3036,46344703
1627694579,1043,298,3,0,3036,46387683
1627694624,1043,298,3,0,3036,46432048
1627694668,1043,298,3,0,3036,46477416
1627694713,1043,298,3,0,3036,46522654
1627694756,1043,298,3,0,3036,46567489
1627694800,1043,298,3,0,3036,46611858
1627694842,1043,298,3,0,3036,46655718
1627694881,1043,298,3,0,3036,46694405
1627694913,1043,298,3,0,3036,46724495
1627694946,1043,298,3,0,3036,46754066
1627694998,1043,298,3,0,3036,46801170
1627695050,1043,298,3,0,3036,46828156
1627695084,1043,298,3,0,3036,46857761
1627695124,1043,298,3,0,3036,46891774
1627695169,1043,298,3,0,3036,46930696
1627695216,1043,298,3,0,3036,46973671
1627695260,1043,298,3,0,3036,47017952
1627695305,1043,298,3,0,3036,47063354
1627695350,1043,298,3,0,3036,47108541
1627695393,1043,298,3,0,3036,47153401
1627695437,1043,298,3,0,3036,47197760
1627695480,1043,298,3,0,3036,47241619
1627695519,1043,298,3,0,3036,47280318
1627695550,1043,298,3,0,3036,47310408
1627695582,1043,298,3,0,3036,47339939
1627695634,1043,298,3,0,3036,47387043
1627695685,1043,298,3,0,3036,47413619
1627695720,1043,298,3,0,3036,47442501
1627695761,1043,298,3,0,3036,47477073
1627695806,1043,298,3,0,3036,47516617
1627695854,1043,298,3,0,3036,47559371
1627695901,1043,298,3,0,3036,47603675
1627695946,1043,298,3,0,3036,47648862
1627695988,1043,298,3,0,3036,47694030
1627696032,1043,298,3,0,3036,47738829
1627696074,1043,298,3,0,3036,47783189
1627696117,1043,298,3,0,3036,47827048
1627696156,1043,298,3,0,3036,47865735
1627696187,1043,298,3,0,3036,47895825
1627696219,1043,298,3,0,3036,47925381
1627696271,1043,298,3,0,3036,47972485
1627696323,1043,298,3,0,3036,47999589
1627696358,1043,298,3,0,3036,48029076
1627696398,1043,298,3,0,3036,48063680
1627696444,1043,298,3,0,3036,48103294
1627696491,1043,298,3,0,3036,48145866
1627696538,1043,298,3,0,3036,48190271
1627696582,1043,298,3,0,3036,48235597
1627696626,1043,298,3,0,3036,48280764
1627696669,1043,298,3,0,3036,48325618
1627696712,1043,298,3,0,3036,48369980
1627696755,1043,298,3,0,3036,48413838
1627696793,1043,298,3,0,3036,48452537
1627696825,1043,298,3,0,3036,48482627
1627696860,1044,298,3,0,3036,48512186
1627696912,1045,298,3,0,3036,48559290
1627696965,1045,298,3,0,3036,48587285
1627697001,1045,298,3,0,3036,48616932
1627697041,1045,298,3,0,3036,48651120
1627697088,1045,298,3,0,3036,48690681
1627697134,1045,298,3,0,3036,48733562
1627697180,1045,298,3,0,3036,48777783
1627697225,1045,298,3,0,3036,48823110
1627697268,1045,298,3,0,3036,48868188
1627697311,1045,298,3,0,3036,48912982
1627697353,1045,298,3,0,3036,48957350
1627697395,1045,298,3,0,3036,49001205
1627697434,1045,298,3,0,3036,49039898
1627697466,1045,298,3,0,3036,49070498
1627697501,1045,298,3,0,3036,49100563
1627697554,1045,298,3,0,3036,49147667
1627697606,1045,298,3,0,3036,49175547
1627697640,1045,298,3,0,3036,49204426
1627697681,1045,298,3,0,3036,49238821
1627697725,1045,298,3,0,3036,49277701
1627697771,1045,298,3,0,3036,49320709
1627697816,1045,298,3,0,3036,49364881
1627697861,1045,298,3,0,3036,49410122
1627697904,1045,298,3,0,3036,49455226
1627697947,1045,298,3,0,3036,49500041
1627697991,1045,298,3,0,3036,49544411
1627698034,1045,298,3,0,3036,49588269
1627698073,1045,298,3,0,3036,49626994
1627698105,1045,298,3,0,3036,49657594
1627698138,1045,298,3,0,3036,49687662
1627698191,1046,298,3,0,3036,49734766
1627698242,1046,298,3,0,3036,49761471
1627698278,1046,298,3,0,3036,49791271
1627698319,1046,298,3,0,3036,49826503
1627698366,1046,298,3,0,3036,49866501
1627698412,1046,298,3,0,3036,49908671
1627698458,1046,298,3,0,3036,49952972
1627698503,1046,298,3,0,3036,49998216
1627698546,1046,298,3,0,3036,50043204
1627698589,1046,298,3,0,3036,50088055
1627698632,1046,298,3,0,3036,50132412
1627698676,1046,298,3,0,3036,50176270
1627698715,1046,298,3,0,3036,50214921
1627698746,1046,298,3,0,3036,50246031
1627698780,1046,298,3,0,3036,50276622
1627698833,1046,298,3,0,3036,50323726
1627698883,1046,298,3,0,3036,50349803
1627698918,1046,298,3,0,3036,50378596
1627698958,1046,298,3,0,3036,50413002
1627699004,1046,298,3,0,3036,50452715
1627699051,1046,298,3,0,3036,50495154
1627699098,1046,298,3,0,3036,50539361
1627699142,1046,298,3,0,3036,50584695
1627699184,1046,298,3,0,3036,50629755
1627699228,1046,298,3,0,3036,50674610
1627699271,1046,298,3,0,3036,50718976
1627699314,1046,298,3,0,3036,50762833
1627699353,1046,298,3,0,3036,50801526
1627699385,1046,298,3,0,3036,50832636
1627699417,1046,298,3,0,3036,50863222
1627699469,1046,298,3,0,3036,50910326
1627699520,1046,298,3,0,3036,50936698
1627699556,1046,298,3,0,3036,50966695
1627699596,1046,298,3,0,3036,51000544
1627699641,1046,298,3,0,3036,51039794
1627699688,1046,298,3,0,3036,51082719
1627699734,1046,298,3,0,3036,51127052
1627699777,1046,298,3,0,3036,51172198
1627699821,1046,298,3,0,3036,51217388
1627699865,1046,298,3,0,3036,51262191
1627699908,1046,298,3,0,3036,51306555
1627699950,1046,298,3,0,3036,51350412
1627699989,1046,298,3,0,3036,51389093
1627700021,1046,298,3,0,3036,51419693
1627700053,1046,298,3,0,3036,51449757
1627700106,1046,298,3,0,3036,51496861
1627700158,1046,298,3,0,3036,51523796
1627700194,1046,298,3,0,3036,51553795
1627700234,1046,298,3,0,3036,51588492
1627700281,1046,298,3,0,3036,51628454
1627700329,1046,298,3,0,3036,51671152
1627700375,1046,298,3,0,3036,51715623
1627700419,1046,298,3,0,3036,51760873
1627700462,1046,298,3,0,3036,51806068
1627700506,1046,298,3,0,3036,51850886
1627700550,1046,298,3,0,3036,51895254
1627700593,1046,298,3,0,3036,51939112
1627700632,1046,298,3,0,3036,51977784
1627700663,1046,298,3,0,3036,52008384
1627700697,1046,298,3,0,3036,52038437
1627700749,1047,298,3,0,3036,52085541
1627700801,1047,298,3,0,3036,52112493
1627700835,1047,298,3,0,3036,52141486
1627700875,1047,298,3,0,3036,52175976
1627700920,1047,298,3,0,3036,52215121
1627700968,1047,298,3,0,3036,52257975
1627701014,1047,298,3,0,3036,52302234
1627701057,1047,298,3,0,3036,52347464
1627701102,1047,298,3,0,3036,52392523
1627701145,1047,298,3,0,3036,52437329
1627701189,1047,298,3,0,3036,52481668
1627701232,1047,298,3,0,3036,52525526
1627701271,1047,298,3,0,3036,52564228
1627701302,1047,298,3,0,3036,52594828
1627701334,1047,298,3,0,3036,52624902
1627701386,1047,298,3,0,3036,52672006
1627701439,1047,298,3,0,3036,52699481
1627701474,1047,298,3,0,3036,52729388
1627701513,1047,298,3,0,3036,52763191
1627701558,1047,298,3,0,3036,52802050
1627701605,1047,298,3,0,3036,52844635
1627701651,1047,298,3,0,3036,52889123
1627701695,1047,298,3,0,3036,52934127
1627701739,1047,298,3,0,3036,52979322
1627701783,1047,298,3,0,3036,53024094
1627701826,1047,298,3,0,3036,53068461
1627701869,1047,298,3,0,3036,53112320
1627701908,1047,298,3,0,3036,53150945
1627701939,1047,298,3,0,3036,53181545
1627701975,1047,298,3,0,3036,53211620
1627702026,1047,298,3,0,3036,53258724
1627702078,1047,298,3,0,3036,53285406
1627702114,1047,298,3,0,3036,53315975
1627702156,1047,298,3,0,3036,53350937
1627702201,1047,298,3,0,3036,53390280
1627702248,1047,298,3,0,3036,53433271
1627702293,1047,298,3,0,3036,53477455
1627702337,1047,298,3,0,3036,53522648
1627702380,1047,298,3,0,3036,53567753
1627702424,1047,298,3,0,3036,53612539
1627702467,1047,298,3,0,3036,53656906
1627702511,1047,298,3,0,3036,53700764
1627702549,1047,298,3,0,3036,53739402
1627702580,1047,298,3,0,3036,53770002
1627702613,1047,298,3,0,3036,53800079
1627702665,1047,298,3,0,3036,53847183
1627702717,1047,298,3,0,3036,53874658
1627702753,1047,298,3,0,3036,53904758
1627702793,1047,298,3,0,3036,53939347
1627702839,1047,298,3,0,3036,53978922
1627702885,1047,298,3,0,3036,54021257
1627702932,1047,298,3,0,3036,54065831
1627702976,1047,298,3,0,3036,54111059
1627703020,1047,298,3,0,3036,54156281
1627703063,1047,298,3,0,3036,54201066
1627703106,1047,298,3,0,3036,54245428
1627703149,1047,298,3,0,3036,54289287
1627703187,1047,298,3,0,3036,54327967
1627703219,1047,298,3,0,3036,54358567
1627703251,1047,298,3,0,3036,54388609
1627703303,1048,298,3,0,3036,54435713
1627703356,1048,298,3,0,3036,54463754
1627703392,1048,298,3,0,3036,54494031
1627703434,1048,298,3,0,3036,54529462
1627703480,1048,298,3,0,3036,54569095
1627703528,1048,298,3,0,3036,54613050
1627703576,1048,298,3,0,3036,54658389
1627703621,1048,298,3,0,3036,54704492
1627703666,1048,298,3,0,3036,54750712
1627703712,1048,298,3,0,3036,54796586
1627703756,1048,298,3,0,3036,54841942
1627703799,1048,298,3,0,3036,54886821
1627703839,1048,298,3,0,3036,54926496
1627703871,1048,298,3,0,3036,54957606
1627703905,1048,298,3,0,3036,54988179
1627703959,1048,298,3,0,3036,55036307
1627704013,1048,298,3,0,3036,55063817
1627704049,1048,298,3,0,3036,55094461
1627704092,1048,298,3,0,3036,55129972
1627704137,1048,298,3,0,3036,55169249
1627704185,1048,298,3,0,3036,55212874
1627704232,1048,298,3,0,3036,55258312
1627704277,1048,298,3,0,3036,55304444
1627704322,1048,298,3,0,3036,55350718
1627704367,1048,298,3,0,3036,55396588
1627704413,1048,298,3,0,3036,55441971
1627704456,1048,298,3,0,3036,55486848
1627704496,1048,298,3,0,3036,55526575
1627704529,1048,298,3,0,3036,55557685
1627704562,1048,298,3,0,3036,55588271
1627704615,1048,298,3,0,3036,55636399
1627704668,1048,298,3,0,3036,55663831
1627704705,1048,298,3,0,3036,55694748
1627704746,1048,298,3,0,3036,55729641
1627704792,1048,298,3,0,3036,55769384
1627704841,1048,298,3,0,3036,55813384
1627704887,1048,298,3,0,3036,55858645
1627704934,1048,298,3,0,3036,55905014
1627704978,1048,298,3,0,3036,55951208
1627705022,1048,298,3,0,3036,55997077
1627705065,1048,298,3,0,3036,56042467
1627705109,1048,298,3,0,3036,56087346
1627705149,1048,298,3,0,3036,56127058
1627705181,1048,298,3,0,3036,56158168
1627705214,1048,298,3,0,3036,56188741
1627705267,1049,298,3,0,3036,56236869
1627705319,1049,298,3,0,3036,56263758
1627705354,1049,298,3,0,3036,56293582
1627705394,1049,298,3,0,3036,56327655
1627705439,1049,298,3,0,3036,56367213
1627705485,1049,298,3,0,3036,56410178
1627705529,1049,298,3,0,3036,56454479
1627705573,1049,298,3,0,3036,56500230
1627705619,1049,298,3,0,3036,56545860
1627705663,1049,298,3,0,3036,56591073
1627705709,1049,298,3,0,3036,56635949
1627705752,1049,298,3,0,3036,56680318
1627705791,1049,298,3,0,3036,56719443
1627705824,1049,298,3,0,3036,56750553
1627705858,1049,298,3,0,3036,56781144
1627705911,1051,298,3,0,3036,56828760
1627705964,1051,298,3,0,3036,56856818
1627706001,1051,298,3,0,3036,56887701
1627706042,1051,298,3,0,3036,56922397
1627706087,1051,298,3,0,3036,56961059
1627706134,1051,298,3,0,3036,57004467
1627706179,1051,298,3,0,3036,57049870
1627706224,1051,298,3,0,3036,57095959
1627706269,1051,298,3,0,3036,57142174
1627706314,1051,298,3,0,3036,57187986
1627706357,1051,298,3,0,3036,57233374
1627706401,1051,298,3,0,3036,57278254
1627706442,1051,298,3,0,3036,57317972
1627706473,1051,298,3,0,3036,57349082
1627706506,1051,298,3,0,3036,57379670
1627706560,1051,298,3,0,3036,57427798
1627706614,1051,298,3,0,3036,57456535
1627706648,1051,298,3,0,3036,57485450
1627706688,1051,298,3,0,3036,57519251
1627706733,1051,298,3,0,3036,57558871
1627706781,1051,298,3,0,3036,57602214
1627706828,1051,298,3,0,3036,57647775
1627706871,1051,298,3,0,3036,57693741
1627706917,1052,298,3,0,3036,57739970
1627706961,1052,298,3,0,3036,57785770
1627707005,1052,298,3,0,3036,57831150
1627707049,1052,298,3,0,3036,57876030
1627707089,1052,298,3,0,3036,57915743
1627707122,1052,298,3,0,3036,57947873
1627707159,1052,298,3,0,3036,57979471
1627707213,1052,298,3,0,3036,58027599
1627707266,1052,298,3,0,3036,58055532
1627707301,1052,298,3,0,3036,58085202
1627707344,1052,298,3,0,3036,58121134
1627707389,1052,298,3,0,3036,58160611
1627707436,1052,298,3,0,3036,58203876
1627707484,1052,298,3,0,3036,58249151
1627707531,1052,298,3,0,3036,58295269
1627707576,1052,298,3,0,3036,58341396
1627707620,1052,298,3,0,3036,58387205
1627707663,1052,298,3,0,3036,58432589
1627707705,1052,298,3,0,3036,58477463
1627707745,1052,298,3,0,3036,58517213
1627707777,1052,298,3,0,3036,58548833
1627707813,1052,298,3,0,3036,58579900
1627707866,1052,298,3,0,3036,58628028
1627707921,1052,298,3,0,3036,58657139
1627707958,1052,298,3,0,3036,58687720
1627708000,1052,298,3,0,3036,58722887
1627708046,1052,298,3,0,3036,58762980
1627708094,1052,298,3,0,3036,58806755
1627708141,1052,298,3,0,3036,58852449
1627708187,1052,298,3,0,3036,58898645
1627708233,1052,298,3,0,3036,58944804
1627708277,1052,298,3,0,3036,58990645
1627708320,1052,298,3,0,3036,59036005
1627708364,1052,298,3,0,3036,59080885
1627708403,1052,298,3,0,3036,59120522
1627708435,1052,298,3,0,3036,59152142
1627708470,1052,298,3,0,3036,59183220
1627708523,1052,298,3,0,3036,59231348
1627708577,1052,298,3,0,3036,59260332
1627708613,1052,298,3,0,3036,59290384
1627708654,1052,298,3,0,3036,59324719
1627708700,1052,298,3,0,3036,59364335
1627708747,1052,298,3,0,3036,59407486
1627708794,1052,298,3,0,3036,59452540
1627708839,1052,298,3,0,3036,59498663
1627708883,1053,298,3,0,3036,59544808
1627708929,1053,298,3,0,3036,59590684
1627708973,1053,298,3,0,3036,59636044
1627709017,1053,298,3,0,3036,59680924
1627709057,1053,298,3,0,3036,59720644
1627709089,1053,298,3,0,3036,59752264
1627709125,1053,298,3,0,3036,59783359
1627709178,1053,298,3,0,3036,59831487
1627709231,1053,298,3,0,3036,59859191
1627709268,1053,298,3,0,3036,59889705
1627709308,1053,298,3,0,3036,59923811
1627709352,1053,298,3,0,3036,59962889
1627709401,1053,298,3,0,3036,60006620
1627709446,1053,298,3,0,3036,60051773
1627709492,1053,298,3,0,3036,60097900
1627709537,1054,298,3,0,3036,60144002
1627709581,1054,298,3,0,3036,60189838
1627709625,1054,298,3,0,3036,60235190
1627709669,1055,298,3,0,3036,60280070
1627709709,1055,298,3,0,3036,60319682
1627709743,1055,298,3,0,3036,60351812
1627709779,1055,298,3,0,3036,60383425
1627709833,1055,298,3,0,3036,60431553
1627709887,1055,298,3,0,3036,60460778
1627709923,1055,298,3,0,3036,60490396
1627709964,1055,298,3,0,3036,60525388
1627710009,1055,298,3,0,3036,60564752
1627710057,1055,298,3,0,3036,60608113
1627710103,1055,298,3,0,3036,60653176
1627710149,1055,298,3,0,3036,60699275
1627710193,1055,298,3,0,3036,60745434
1627710237,1055,298,3,0,3036,60791299
1627710281,1055,298,3,0,3036,60836664
1627710324,1055,298,3,0,3036,60881544
1627710365,1055,298,3,0,3036,60921216
1627710397,1055,298,3,0,3036,60952836
1627710435,1055,298,3,0,3036,60983935
1627710488,1055,298,3,0,3036,61032063
1627710542,1055,298,3,0,3036,61060479
1627710577,1055,298,3,0,3036,61089979
1627710618,1055,298,3,0,3036,61124122
1627710663,1055,298,3,0,3036,61163802
1627710711,1055,298,3,0,3036,61207394
1627710755,1055,298,3,0,3036,61252010
1627710801,1055,298,3,0,3036,61298152
1627710846,1055,298,3,0,3036,61344229
1627710891,1055,298,3,0,3036,61390060
1627710935,1055,298,3,0,3036,61435427
1627710979,1055,298,3,0,3036,61480306
1627711019,1055,298,3,0,3036,61519994
1627711052,1055,298,3,0,3036,61551614
1627711086,1055,298,3,0,3036,61582707
1627711139,1055,298,3,0,3036,61630835
1627711192,1055,298,3,0,3036,61658524
1627711226,1055,298,3,0,3036,61687139
1627711268,1055,298,3,0,3036,61721746
1627711311,1055,298,3,0,3036,61759052
1627711356,1055,298,3,0,3036,61801359
1627711401,1055,298,3,0,3036,61846287
1627711446,1055,298,3,0,3036,61892331
1627711489,1055,298,3,0,3036,61938415
1627711534,1055,298,3,0,3036,61984249
1627711577,1055,298,3,0,3036,62029632
1627711621,1055,298,3,0,3036,62074511
1627711662,1055,298,3,0,3036,62114257
1627711695,1055,298,3,0,3036,62145367
1627711729,1056,298,3,0,3036,62175955
1627711782,1056,298,3,0,3036,62224083
1627711835,1056,298,3,0,3036,62252079
1627711871,1056,298,3,0,3036,62282125
1627711913,1056,298,3,0,3036,62317202
1627711956,1056,298,3,0,3036,62355294
1627712003,1056,298,3,0,3036,62398069
1627712050,1056,298,3,0,3036,62442829
1627712095,1056,298,3,0,3036,62488916
1627712140,1056,298,3,0,3036,62535115
1627712184,1056,298,3,0,3036,62580955
1627712226,1056,298,3,0,3036,62626334
1627712270,1056,298,3,0,3036,62671213
1627712310,1056,298,3,0,3036,62710888
1627712343,1056,298,3,0,3036,62742508
1627712377,1056,298,3,0,3036,62773610
1627712431,1056,298,3,0,3036,62821738
1627712485,1056,298,3,0,3036,62850495
1627712522,1056,298,3,0,3036,62880303
1627712563,1056,298,3,0,3036,62915162
1627712608,1056,298,3,0,3036,62953668
1627712654,1056,298,3,0,3036,62996314
1627712699,1056,298,3,0,3036,63041148
1627712744,1056,298,3,0,3036,63087370
1627712789,1056,298,3,0,3036,63133388
1627712832,1056,298,3,0,3036,63179240
1627712878,1056,298,3,0,3036,63224628
1627712921,1056,298,3,0,3036,63269506
1627712961,1056,298,3,0,3036,63309172
1627712993,1056,298,3,0,3036,63340792
1627713025,1056,298,3,0,3036,63371883
1627713079,1057,298,3,0,3036,63420011
1627713133,1057,298,3,0,3036,63448937
1627713167,1057,298,3,0,3036,63477319
1627713210,1057,298,3,0,3036,63512711
1627713257,1057,298,3,0,3036,63551743
1627713304,1057,298,3,0,3036,63594338
1627713351,1057,298,3,0,3036,63639209
1627713397,1057,298,3,0,3036,63685366
1627713441,1057,298,3,0,3036,63731591
1627713485,1057,298,3,0,3036,63777421
1627713527,1057,298,3,0,3036,63822801
1627713570,1057,298,3,0,3036,63867681
1627713612,1057,298,3,0,3036,63907374
1627713644,1057,298,3,0,3036,63938994
1627713681,1058,298,3,0,3036,63970099
1627713733,1058,298,3,0,3036,64018227
1627713787,1058,298,3,0,3036,64046332
1627713822,1058,298,3,0,3036,64075870
1627713865,1058,298,3,0,3036,64110376
1627713910,1058,298,3,0,3036,64149472
1627713956,1058,298,3,0,3036,64192783
1627714002,1058,298,3,0,3036,64238469
1627714047,1058,298,3,0,3036,64284646
1627714093,1058,298,3,0,3036,64330864
1627714137,1058,298,3,0,3036,64376703
1627714181,1058,298,3,0,3036,64422086
1627714224,1058,298,3,0,3036,64466964
1627714264,1058,298,3,0,3036,64506658
1627714296,1058,298,3,0,3036,64537768
1627714333,1058,298,3,0,3036,64568326
1627714387,1058,298,3,0,3036,64616454
1627714440,1058,298,3,0,3036,64644359
1627714475,1058,298,3,0,3036,64673883
1627714517,1058,298,3,0,3036,64707921
1627714560,1058,298,3,0,3036,64745734
1627714607,1058,298,3,0,3036,64788709
1627714653,1058,298,3,0,3036,64834162
1627714698,1058,298,3,0,3036,64880561
1627714743,1058,298,3,0,3036,64926660
1627714787,1058,298,3,0,3036,64972517
1627714831,1058,298,3,0,3036,65017905
1627714875,1058,298,3,0,3036,65062785
1627714915,1058,298,3,0,3036,65102512
1627714948,1058,298,3,0,3036,65133622
1627714982,1058,298,3,0,3036,65164209
1627715035,1058,298,3,0,3036,65212337
1627715089,1058,298,3,0,3036,65240949
1627715125,1058,298,3,0,3036,65270261
1627715166,1058,298,3,0,3036,65304108
1627715211,1058,298,3,0,3036,65342438
1627715257,1058,298,3,0,3036,65386118
1627715303,1058,298,3,0,3036,65431128
1627715348,1058,298,3,0,3036,65476888
1627715392,1058,298,3,0,3036,65522507
1627715436,1058,298,3,0,3036,65567787
1627715479,1058,298,3,0,3036,65612667
1627715522,1058,298,3,0,3036,65657037
1627715561,1058,298,3,0,3036,65696240
1627715592,1058,298,3,0,3036,65727350
1627715625,1058,298,3,0,3036,65757934
1627715679,1058,298,3,0,3036,65805550
1627715732,1058,298,3,0,3036,65833176
1627715768,1058,298,3,0,3036,65862610
1627715809,1058,298,3,0,3036,65896822
1627715851,1058,298,3,0,3036,65934481
1627715897,1058,298,3,0,3036,65977283
1627715943,1058,298,3,0,3036,66021762
1627715988,1058,298,3,0,3036,66067508
1627716032,1058,298,3,0,3036,66113106
1627716075,1058,298,3,0,3036,66158376
1627716119,1058,298,3,0,3036,66203248
1627716161,1058,298,3,0,3036,66247617
1627716201,1058,298,3,0,3036,66286740
1627716233,1058,298,3,0,3036,66317850
1627716268,1058,298,3,0,3036,66348443
1627716320,1058,298,3,0,3036,66396059
1627716373,1058,298,3,0,3036,66423901
1627716408,1058,298,3,0,3036,66452467
1627716449,1058,298,3,0,3036,66486771
1627716491,1058,298,3,0,3036,66523598
1627716535,1058,298,3,0,3036,66565787
1627716580,1058,298,3,0,3036,66610216
1627716625,1058,298,3,0,3036,66655858
1627716669,1058,298,3,0,3036,66701585
1627716713,1058,298,3,0,3036,66746911
1627716756,1058,298,3,0,3036,66791790
1627716799,1058,298,3,0,3036,66836159
1627716839,1058,298,3,0,3036,66875372
1627716872,1058,298,3,0,3036,66906482
1627716906,1058,298,3,0,3036,66937068
1627716959,1059,298,3,0,3036,66984684
1627717011,1059,298,3,0,3036,67012020
1627717046,1059,298,3,0,3036,67041032
1627717088,1059,298,3,0,3036,67074833
1627717131,1059,298,3,0,3036,67112124
1627717179,1059,298,3,0,3036,67155462
1627717225,1059,298,3,0,3036,67200359
1627717271,1059,298,3,0,3036,67245921
1627717315,1059,298,3,0,3036,67291617
1627717359,1059,298,3,0,3036,67336918
1627717403,1059,298,3,0,3036,67381791
1627717447,1059,298,3,0,3036,67426160
1627717487,1059,298,3,0,3036,67465258
1627717519,1059,298,3,0,3036,67496878
1627717553,1059,298,3,0,3036,67527972
1627717607,1061,298,3,0,3036,67575588
1627717660,1061,298,3,0,3036,67604088
1627717697,1061,298,3,0,3036,67634163
1627717738,1061,298,3,0,3036,67668259
1627717781,1061,298,3,0,3036,67706159
1627717827,1061,298,3,0,3036,67749522
1627717873,1061,298,3,0,3036,67794570
1627717920,1061,298,3,0,3036,67840452
1627717965,1061,298,3,0,3036,67886092
1627718008,1061,298,3,0,3036,67931351
1627718053,1061,298,3,0,3036,67976219
1627718095,1061,298,3,0,3036,68020588
1627718134,1061,298,3,0,3036,68059814
1627718166,1061,298,3,0,3036,68090924
1627718201,1061,298,3,0,3036,68121511
1627718256,1061,298,3,0,3036,68169127
1627718309,1061,298,3,0,3036,68197685
1627718345,1061,298,3,0,3036,68227357
1627718386,1061,298,3,0,3036,68261754
1627718432,1061,298,3,0,3036,68300781
1627718480,1061,298,3,0,3036,68344657
1627718526,1061,298,3,0,3036,68390118
1627718573,1061,298,3,0,3036,68436113
1627718618,1061,298,3,0,3036,68481770
1627718662,1061,298,3,0,3036,68527086
1627718705,1061,298,3,0,3036,68571956
1627718747,1061,298,3,0,3036,68616323
1627718787,1061,298,3,0,3036,68655533
1627718819,1061,298,3,0,3036,68686643
1627718855,1061,298,3,0,3036,68717193
1627718907,1061,298,3,0,3036,68764809
1627718960,1061,298,3,0,3036,68792425
1627718996,1061,298,3,0,3036,68822036
1627719037,1061,298,3,0,3036,68855065
1627719080,1061,298,3,0,3036,68892526
1627719125,1061,298,3,0,3036,68935046
1627719169,1061,298,3,0,3036,68979848
1627719213,1061,298,3,0,3036,69025492
1627719258,1061,298,3,0,3036,69071074
1627719301,1061,298,3,0,3036,69116370
1627719346,1061,298,3,0,3036,69161238
1627719389,1061,298,3,0,3036,69205601
1627719429,1061,298,3,0,3036,69244777
1627719463,1061,298,3,0,3036,69275887
1627719497,1061,298,3,0,3036,69306470
1627719551,1061,298,3,0,3036,69354086
1627719603,1061,298,3,0,3036,69381471
1627719639,1061,298,3,0,3036,69411034
1627719679,1061,298,3,0,3036,69444255
1627719722,1061,298,3,0,3036,69481513
1627719768,1061,298,3,0,3036,69524203
1627719813,1061,298,3,0,3036,69568844
1627719857,1061,298,3,0,3036,69614516
1627719902,1061,298,3,0,3036,69660145
1627719946,1061,298,3,0,3036,69705457
1627719989,1061,298,3,0,3036,69750330
1627720032,1061,298,3,0,3036,69794698
1627720071,1061,298,3,0,3036,69833865
1627720104,1061,298,3,0,3036,69864975
1627720137,1061,298,3,0,3036,69895550
1627720190,1061,298,3,0,3036,69943166
1627720244,1061,298,3,0,3036,69971570
1627720279,1061,298,3,0,3036,70000045
1627720319,1061,298,3,0,3036,70033659
1627720363,1061,298,3,0,3036,70071506
1627720410,1061,298,3,0,3036,70114780
1627720456,1061,298,3,0,3036,70159880
1627720502,1061,298,3,0,3036,70205713
1627720546,1061,298,3,0,3036,70251414
1627720590,1061,298,3,0,3036,70296687
1627720634,1061,298,3,0,3036,70341556
1627720677,1061,298,3,0,3036,70385926
1627720717,1061,298,3,0,3036,70425125
1627720749,1061,298,3,0,3036,70456235
1627720782,1061,298,3,0,3036,70486827
1627720834,1061,298,3,0,3036,70534443
1627720887,1061,298,3,0,3036,70562216
1627720923,1061,298,3,0,3036,70591269
1627720964,1061,298,3,0,3036,70625198
1627721008,1061,298,3,0,3036,70663728
1627721055,1061,298,3,0,3036,70706893
1627721100,1061,298,3,0,3036,70751978
1627721146,1061,298,3,0,3036,70797706
1627721190,1061,298,3,0,3036,70843376
1627721234,1061,298,3,0,3036,70888705
1627721277,1061,298,3,0,3036,70933579
1627721322,1061,298,3,0,3036,70977947
1627721361,1061,298,3,0,3036,71017138
1627721394,1061,298,3,0,3036,71048248
1627721426,1061,298,3,0,3036,71078847
1627721478,1061,298,3,0,3036,71126463
1627721531,1061,298,3,0,3036,71153788
1627721566,1061,298,3,0,3036,71182869
1627721607,1061,298,3,0,3036,71216912
1627721651,1061,298,3,0,3036,71254520
1627721698,1061,298,3,0,3036,71298035
1627721744,1061,298,3,0,3036,71343141
1627721790,1061,298,3,0,3036,71388985
1627721834,1061,298,3,0,3036,71434655
1627721878,1061,298,3,0,3036,71480010
1627721922,1061,298,3,0,3036,71524886
1627721964,1061,298,3,0,3036,71569255
1627722003,1061,298,3,0,3036,71608436
1627722035,1061,298,3,0,3036,71639546
1627722068,1061,298,3,0,3036,71670123
1627722121,1062,298,3,0,3036,71717739
1627722174,1062,298,3,0,3036,71745183
1627722208,1062,298,3,0,3036,71773569
1627722249,1062,298,3,0,3036,71807223
1627722294,1062,298,3,0,3036,71845616
1627722339,1062,298,3,0,3036,71888001
1627722385,1062,298,3,0,3036,71932851
1627722431,1062,298,3,0,3036,71979041
1627722475,1062,298,3,0,3036,72025261
1627722519,1062,298,3,0,3036,72071084
1627722562,1062,298,3,0,3036,72116466
1627722605,1062,298,3,0,3036,72161345
1627722645,1062,298,3,0,3036,72200974
1627722679,1062,298,3,0,3036,72232594
1627722713,1063,298,3,0,3036,72263669
1627722766,1063,298,3,0,3036,72311797
1627722818,1063,298,3,0,3036,72339004
1627722852,1063,298,3,0,3036,72367509
1627722894,1063,298,3,0,3036,72401977
1627722938,1063,298,3,0,3036,72439551
1627722985,1063,298,3,0,3036,72481989
1627723031,1063,298,3,0,3036,72526581
1627723076,1063,298,3,0,3036,72572545
1627723119,1063,298,3,0,3036,72618122
1627723164,1063,298,3,0,3036,72663468
1627723207,1063,298,3,0,3036,72708334
1627723251,1063,298,3,0,3036,72752703
1627723290,1063,298,3,0,3036,72791916
1627723321,1063,298,3,0,3036,72823026
1627723354,1063,298,3,0,3036,72853614
1627723406,1064,298,3,0,3036,72901230
1627723459,1064,298,3,0,3036,72928761
1627723493,1064,298,3,0,3036,72956946
1627723532,1064,298,3,0,3036,72989729
1627723577,1064,298,3,0,3036,73028655
1627723622,1064,298,3,0,3036,73070371
1627723666,1064,298,3,0,3036,73114897
1627723712,1064,298,3,0,3036,73160508
1627723756,1064,298,3,0,3036,73205979
1627723798,1064,298,3,0,3036,73251301
1627723842,1064,298,3,0,3036,73296179
1627723885,1064,298,3,0,3036,73340546
1627723924,1064,298,3,0,3036,73379753
1627723958,1064,298,3,0,3036,73410863
1627723992,1064,298,3,0,3036,73441441
1627724045,1064,298,3,0,3036,73489057
1627724097,1064,298,3,0,3036,73516685
1627724132,1064,298,3,0,3036,73545729
1627724173,1064,298,3,0,3036,73580149
1627724218,1064,298,3,0,3036,73618114
1627724265,1064,298,3,0,3036,73661531
1627724310,1064,298,3,0,3036,73706235
1627724355,1064,298,3,0,3036,73751873
1627724398,1064,298,3,0,3036,73797495
1627724443,1064,298,3,0,3036,73842855
1627724487,1064,298,3,0,3036,73887735
1627724532,1064,298,3,0,3036,73932105
1627724572,1064,298,3,0,3036,73971317
1627724604,1064,298,3,0,3036,74002427
1627724638,1064,298,3,0,3036,74033013
1627724691,1065,298,3,0,3036,74080629
1627724745,1065,298,3,0,3036,74109017
1627724779,1065,298,3,0,3036,74137744
1627724822,1065,298,3,0,3036,74172323
1627724867,1065,298,3,0,3036,74211123
1627724912,1065,298,3,0,3036,74254325
1627724957,1065,298,3,0,3036,74299538
1627725002,1065,298,3,0,3036,74345751
1627725046,1065,298,3,0,3036,74391909
1627725092,1065,298,3,0,3036,74437726
1627725135,1065,298,3,0,3036,74483112
1627725178,1065,298,3,0,3036,74527991
1627725219,1065,298,3,0,3036,74567696
1627725253,1065,298,3,0,3036,74599316
1627725288,1065,298,3,0,3036,74630404
1627725342,1065,298,3,0,3036,74678532
1627725395,1065,298,3,0,3036,74706567
1627725430,1065,298,3,0,3036,74735646
1627725472,1065,298,3,0,3036,74769555
1627725517,1065,298,3,0,3036,74808149
1627725564,1065,298,3,0,3036,74850762
1627725611,1065,298,3,0,3036,74895872
1627725655,1065,298,3,0,3036,74942114
1627725700,1066,298,3,0,3036,74988210
1627725744,1066,298,3,0,3036,75034022
1627725788,1066,298,3,0,3036,75079406
1627725831,1066,298,3,0,3036,75124284
1627725871,1066,298,3,0,3036,75164023
1627725905,1066,298,3,0,3036,75195643
1627725939,1066,298,3,0,3036,75226689
1627725993,1066,298,3,0,3036,75274817
1627726047,1066,298,3,0,3036,75303280
1627726081,1066,298,3,0,3036,75331369
1627726122,1066,298,3,0,3036,75364947
1627726166,1066,298,3,0,3036,75402970
1627726213,1066,298,3,0,3036,75446182
1627726258,1066,298,3,0,3036,75491298
1627726302,1066,298,3,0,3036,75537501
1627726347,1066,298,3,0,3036,75583647
1627726390,1066,298,3,0,3036,75629479
1627726435,1066,298,3,0,3036,75674860
1627726478,1066,298,3,0,3036,75719740
1627726519,1066,298,3,0,3036,75759374
1627726552,1066,298,3,0,3036,75790484
1627726588,1066,298,3,0,3036,75821054
1627726642,1067,298,3,0,3036,75869182
1627726695,1067,298,3,0,3036,75897202
1627726729,1067,298,3,0,3036,75925025
1627726770,1067,298,3,0,3036,75958799
1627726813,1067,298,3,0,3036,75995900
1627726860,1067,298,3,0,3036,76038342
1627726905,1067,298,3,0,3036,76082854
1627726950,1067,298,3,0,3036,76128388
1627726993,1067,298,3,0,3036,76173871
1627727037,1067,298,3,0,3036,76219160
1627727079,1067,298,3,0,3036,76264031
1627727123,1067,298,3,0,3036,76308401
1627727162,1067,298,3,0,3036,76347610
1627727194,1067,298,3,0,3036,76378720
1627727228,1067,298,3,0,3036,76409298
1627727281,1067,298,3,0,3036,76456914
1627727335,1067,298,3,0,3036,76485592
1627727370,1067,298,3,0,3036,76513806
1627727411,1067,298,3,0,3036,76548101
1627727455,1067,298,3,0,3036,76585188
1627727502,1067,298,3,0,3036,76628060
1627727548,1067,298,3,0,3036,76672994
1627727593,1067,298,3,0,3036,76718529
1627727637,1067,298,3,0,3036,76764233
1627727680,1067,298,3,0,3036,76809565
1627727723,1067,298,3,0,3036,76854442
1627727765,1067,298,3,0,3036,76898811
1627727804,1067,298,3,0,3036,76937978
1627727835,1067,298,3,0,3036,76969088
1627727868,1067,298,3,0,3036,76999644
1627727921,1069,298,3,0,3036,77047260
1627727974,1069,298,3,0,3036,77075621
1627728009,1069,298,3,0,3036,77104309
1627728052,1069,298,3,0,3036,77138832
1627728099,1070,298,4,0,3036,77178522
1627728146,1070,298,4,0,3036,77222100
1627728194,1070,298,4,0,3036,77268176
1627728240,1070,298,4,0,3036,77314855
1627728286,1070,298,4,0,3036,77361564
1627728331,1070,298,4,0,3036,77407900
1627728375,1070,298,4,0,3036,77453795
1627728419,1070,298,4,0,3036,77499184
1627728461,1070,298,4,0,3036,77539382
1627728495,1070,298,4,0,3036,77571002
1627728532,1070,298,4,0,3036,77602093
1627728586,1070,298,4,0,3036,77650733
1627728640,1070,298,4,0,3036,77679632
1627728676,1070,298,4,0,3036,77709477
1627728718,1070,298,4,0,3036,77744039
1627728765,1070,298,4,0,3036,77784234
1627728811,1070,298,4,0,3036,77828338
1627728857,1070,298,4,0,3036,77874399
1627728904,1070,298,4,0,3036,77921079
1627728950,1070,298,4,0,3036,77967779
1627728995,1070,298,4,0,3036,78014175
1627729039,1070,298,4,0,3036,78060073
1627729083,1070,298,4,0,3036,78105456
1627729124,1070,298,4,0,3036,78145660
1627729157,1070,298,4,0,3036,78177280
1627729192,1070,298,4,0,3036,78208359
1627729246,1071,298,4,0,3036,78256999
1627729300,1071,298,4,0,3036,78285907
1627729336,1071,298,4,0,3036,78315716
1627729378,1071,298,4,0,3036,78349791
1627729424,1071,298,4,0,3036,78389540
1627729472,1071,298,4,0,3036,78433214
1627729519,1071,298,4,0,3036,78479366
1627729566,1071,298,4,0,3036,78526520
1627729611,1071,298,4,0,3036,78573642
1627729656,1071,298,4,0,3036,78620476
1627729700,1071,298,4,0,3036,78666872
1627729744,1071,298,4,0,3036,78712768
1627729785,1071,298,4,0,3036,78753464
1627729819,1071,298,4,0,3036,78785594
1627729856,1071,298,4,0,3036,78817199
1627729912,1071,298,4,0,3036,78866351
1627729966,1071,298,4,0,3036,78895778
1627730006,1071,298,4,0,3036,78926914
1627730049,1071,298,4,0,3036,78962493
