1627379753,19,8,0,0,4929,46
1627379771,20,9,0,0,4932,2622
1627379775,22,11,0,0,4934,5675
1627379779,23,12,0,0,4941,8714
1627379784,79,28,0,0,5515,12314
1627379789,95,37,0,0,5674,16115
1627379795,136,55,0,0,6057,20322
1627379801,203,74,0,0,6314,24720
1627379807,271,90,0,0,6468,29238
1627379812,410,140,0,0,7478,33795
1627379817,516,161,0,0,7726,38384
1627379823,524,164,0,0,7733,42974
1627379827,525,165,0,0,7776,47054
1627379831,526,165,0,0,7776,50114
1627379836,626,197,0,0,8055,54722
1627379841,657,210,0,0,8099,59330
1627379847,686,215,0,0,8119,63938
1627379852,703,219,0,0,8149,68546
1627379857,715,221,0,0,8151,73154
1627379863,725,223,0,0,8167,77762
1627379912,731,223,0,0,8167,98384
1627379944,746,225,0,0,8177,120524
1627379983,773,240,0,0,8356,148442
1627380024,786,245,0,0,8439,177801
1627380071,849,259,0,0,8520,210724
1627380120,968,270,0,0,8615,245580
1627380169,1170,288,0,0,8728,280864
1627380216,1264,305,0,0,8909,316552
1627380261,1326,313,0,0,8964,352252
1627380304,1370,317,0,0,8981,387442
1627380343,1379,319,0,0,8983,422122
1627380382,1383,320,0,0,8995,456292
1627380414,1383,320,0,0,8995,483832
1627380416,1383,320,0,0,8995,484852
1627380457,1440,327,0,0,9052,521204
1627380498,1459,328,0,0,9054,557556
1627380539,1484,336,0,0,9131,593908
1627380581,1497,336,0,0,9131,630260
1627380642,1511,337,0,0,9134,656731
1627380677,1520,338,0,0,9135,680791
1627380721,1538,340,0,0,9148,710023
1627380770,1551,343,0,0,9152,743361
1627380824,1600,345,0,0,9163,779923
1627380881,1635,348,0,0,9168,818057
1627380937,1673,351,0,0,9233,856808
1627380991,1705,354,0,0,9238,895568
1627381042,1743,362,0,0,9356,934327
1627381087,1762,365,0,0,9385,972577
1627381131,1769,366,0,0,9387,1010827
1627381174,1771,366,0,0,9387,1048566
1627381211,1784,370,0,0,9486,1081206
1627381213,1784,370,0,0,9486,1082736
1627381259,1803,373,0,0,9491,1122160
1627381305,1824,376,0,0,9499,1161584
1627381351,1839,378,0,0,9504,1201008
1627381413,1844,378,0,0,9504,1226784
1627381451,1844,378,0,0,9504,1252142
1627381498,1844,378,0,0,9504,1283015
1627381552,1855,378,0,0,9504,1318283
1627381610,1860,380,0,0,9508,1356425
1627381671,1873,380,0,0,9508,1396516
1627381731,1892,381,0,0,9510,1436802
1627381790,1924,384,0,0,9533,1477091
1627381847,1962,388,0,0,9555,1517381
1627381900,1975,389,0,0,9575,1557671
1627381947,1981,389,0,0,9575,1597961
1627381991,1981,389,0,0,9575,1637741
1627382031,1981,389,0,0,9575,1672931
1627382033,1981,389,0,0,9575,1674461
1627382082,1994,390,0,0,9576,1715421
1627382130,2004,393,0,0,9581,1756381
1627382192,2007,393,0,0,9581,1781782
1627382232,2007,393,0,0,9581,1808133
1627382283,2007,393,0,0,9581,1841762
1627382341,2008,393,0,0,9581,1879652
1627382403,2008,393,0,0,9581,1920011
1627382466,2012,394,0,0,9583,1961466
1627382528,2029,395,0,0,9584,2003131
1627382590,2044,396,0,0,9586,2044948
1627382648,2050,396,0,0,9586,2086768
1627382704,2060,399,0,0,9624,2128588
1627382753,2063,399,0,0,9624,2170408
1627382800,2063,399,0,0,9624,2211718
1627382842,2064,399,0,0,9624,2248948
1627382845,2064,399,0,0,9624,2250988
1627382895,2071,400,0,0,9625,2293484
1627382945,2081,402,0,0,9627,2335980
1627383005,2082,402,0,0,9627,2360746
1627383042,2082,402,0,0,9627,2385093
1627383088,2084,402,0,0,9627,2415389
1627383141,2085,402,0,0,9627,2450565
1627383200,2089,402,0,0,9627,2489300
1627383261,2093,403,0,0,9629,2529620
1627383322,2095,403,0,0,9629,2570415
1627383382,2102,403,0,0,9629,2611214
1627383438,2107,403,0,0,9629,2652014
1627383490,2113,403,0,0,9629,2692814
1627383539,2113,403,0,0,9629,2733614
1627383584,2113,403,0,0,9629,2773904
1627383625,2113,403,0,0,9629,2809604
1627383629,2113,403,0,0,9629,2812154
1627383678,2128,407,0,0,9647,2853626
1627383728,2133,407,0,0,9647,2895098
1627383777,2139,407,0,0,9647,2936570
1627383841,2139,407,0,0,9647,2963244
1627383882,2139,407,0,0,9647,2990303
1627383932,2140,407,0,0,9647,3022930
1627383989,2140,407,0,0,9647,3060869
1627384051,2141,407,0,0,9647,3101159
1627384114,2146,407,0,0,9647,3143107
1627384176,2149,407,0,0,9647,3185428
1627384237,2155,407,0,0,9647,3227758
1627384295,2166,408,0,0,9648,3270088
1627384349,2170,408,0,0,9648,3312418
1627384399,2170,408,0,0,9648,3354748
1627384446,2170,408,0,0,9648,3396565
1627384489,2170,408,0,0,9648,3433795
1627384492,2170,408,0,0,9648,3436345
1627384543,2172,408,0,0,9648,3479353
1627384607,2172,408,0,0,9648,3505645
1627384645,2172,408,0,0,9648,3530519
1627384693,2172,408,0,0,9648,3562385
1627384745,2172,408,0,0,9648,3597750
1627384806,2172,408,0,0,9648,3637541
1627384866,2174,408,0,0,9648,3678266
1627384926,2176,408,0,0,9648,3719505
1627384984,2177,408,0,0,9648,3760805
1627385041,2183,411,0,0,9681,3802115
1627385094,2184,411,0,0,9681,3843425
1627385141,2184,411,0,0,9681,3884735
1627385188,2184,411,0,0,9681,3925535
1627385229,2184,411,0,0,9681,3961235
1627385232,2184,411,0,0,9681,3963275
1627385281,2189,413,0,0,9705,4005259
1627385331,2193,413,0,0,9705,4047243
1627385381,2197,413,0,0,9705,4089227
1627385444,2198,413,0,0,9705,4115453
1627385485,2198,413,0,0,9705,4141843
1627385533,2198,413,0,0,9705,4173182
1627385588,2198,413,0,0,9705,4209128
1627385647,2198,413,0,0,9705,4248575
1627385708,2204,413,0,0,9705,4289056
1627385767,2208,413,0,0,9705,4329825
1627385825,2210,413,0,0,9705,4370625
1627385881,2214,413,0,0,9705,4411425
1627385932,2219,413,0,0,9705,4452225
1627385979,2220,413,0,0,9705,4493025
1627386024,2220,413,0,0,9705,4533315
1627386066,2220,413,0,0,9705,4569525
1627386069,2220,413,0,0,9705,4571565
1627386118,2225,414,0,0,9715,4613037
1627386168,2231,416,0,0,9729,4654509
1627386228,2231,416,0,0,9729,4678581
1627386266,2231,416,0,0,9729,4703361
1627386309,2231,416,0,0,9729,4731741
1627386360,2231,416,0,0,9729,4764564
1627386415,2231,416,0,0,9729,4800186
1627386472,2233,416,0,0,9729,4837207
1627386527,2235,416,0,0,9729,4874436
1627386581,2238,416,0,0,9729,4911666
1627386633,2244,416,0,0,9729,4948896
1627386680,2248,416,0,0,9729,4986126
1627386722,2249,416,0,0,9729,5023356
1627386764,2249,416,0,0,9729,5060076
1627386801,2249,416,0,0,9729,5092716
1627386803,2249,416,0,0,9729,5094246
1627386848,2254,417,0,0,9739,5132134
1627386892,2257,417,0,0,9739,5170022
1627386955,2257,417,0,0,9739,5194443
1627386995,2257,417,0,0,9739,5220084
1627387041,2257,417,0,0,9739,5250284
1627387093,2257,417,0,0,9739,5284452
1627387149,2258,417,0,0,9739,5320916
1627387207,2258,417,0,0,9739,5358846
1627387264,2258,417,0,0,9739,5397073
1627387321,2259,417,0,0,9739,5435316
1627387375,2268,417,0,0,9739,5473564
1627387424,2272,417,0,0,9739,5511814
1627387469,2274,417,0,0,9739,5550064
1627387512,2274,417,0,0,9739,5587804
1627387550,2274,417,0,0,9739,5621464
1627387553,2274,417,0,0,9739,5623504
1627387599,2278,417,0,0,9739,5662416
1627387658,2278,417,0,0,9739,5686660
1627387696,2278,417,0,0,9739,5711673
1627387737,2278,417,0,0,9739,5738681
1627387786,2278,417,0,0,9739,5771117
1627387837,2278,417,0,0,9739,5804966
1627387891,2279,417,0,0,9739,5840611
1627387945,2279,417,0,0,9739,5876806
1627387999,2286,418,0,0,9743,5913016
1627388050,2289,419,0,0,9744,5949226
1627388096,2292,419,0,0,9744,5985436
1627388139,2294,420,0,0,9749,6021646
1627388179,2294,420,0,0,9749,6057346
1627388216,2294,420,0,0,9749,6088966
1627388217,2294,420,0,0,9749,6089986
1627388261,2295,420,0,0,9749,6126850
1627388323,2295,420,0,0,9749,6152536
1627388360,2295,420,0,0,9749,6176839
1627388403,2295,420,0,0,9749,6205381
1627388453,2295,420,0,0,9749,6239019
1627388506,2296,420,0,0,9749,6274103
1627388560,2298,420,0,0,9749,6310861
1627388616,2298,420,0,0,9749,6348020
1627388670,2298,420,0,0,9749,6385238
1627388722,2301,420,0,0,9749,6422460
1627388769,2306,421,0,0,9750,6459690
1627388812,2308,421,0,0,9750,6496920
1627388854,2308,421,0,0,9750,6533640
1627388890,2308,421,0,0,9750,6565770
1627388893,2308,421,0,0,9750,6567300
1627388937,2315,423,0,0,9752,6605188
1627388981,2321,423,0,0,9752,6643076
1627389026,2323,423,0,0,9752,6680964
1627389084,2323,423,0,0,9752,6704315
1627389120,2323,423,0,0,9752,6727389
1627389164,2325,424,0,0,9754,6756238
1627389213,2325,424,0,0,9754,6788559
1627389266,2325,424,0,0,9754,6822896
1627389321,2325,424,0,0,9754,6859171
1627389376,2326,424,0,0,9754,6895789
1627389430,2327,425,0,0,9757,6932500
1627389481,2327,425,0,0,9757,6969220
1627389528,2330,425,0,0,9757,7005940
1627389570,2333,426,0,0,9758,7042660
1627389610,2333,426,0,0,9758,7078870
1627389646,2333,426,0,0,9758,7110490
1627389648,2333,426,0,0,9758,7111510
1627389692,2339,426,0,0,9758,7148886
1627389750,2339,426,0,0,9758,7172069
1627389788,2339,426,0,0,9758,7196999
1627389834,2339,426,0,0,9758,7227487
1627389886,2339,426,0,0,9758,7261217
1627389941,2341,426,0,0,9758,7297379
1627389996,2341,426,0,0,9758,7333880
1627390053,2341,426,0,0,9758,7370970
1627390108,2341,426,0,0,9758,7408190
1627390161,2343,426,0,0,9758,7445420
1627390209,2345,426,0,0,9758,7482650
1627390252,2346,426,0,0,9758,7519880
1627390294,2346,426,0,0,9758,7556600
1627390331,2346,426,0,0,9758,7588730
1627390334,2346,426,0,0,9758,7590260
1627390378,2348,426,0,0,9758,7628148
1627390435,2348,426,0,0,9758,7651135
1627390474,2348,426,0,0,9758,7676031
1627390518,2348,426,0,0,9758,7704922
1627390569,2349,427,0,0,9773,7738495
1627390623,2349,427,0,0,9773,7773721
1627390678,2349,427,0,0,9773,7810078
1627390733,2349,427,0,0,9773,7847105
1627390788,2349,427,0,0,9773,7884292
1627390840,2350,427,0,0,9773,7921522
1627390889,2352,427,0,0,9773,7958752
1627390932,2352,427,0,0,9773,7995982
1627390973,2352,427,0,0,9773,8032702
1627391011,2352,427,0,0,9773,8064832
1627391012,2352,427,0,0,9773,8065852
1627391058,2354,427,0,0,9773,8103740
1627391118,2354,427,0,0,9773,8127705
1627391156,2354,427,0,0,9773,8152325
1627391201,2354,427,0,0,9773,8181498
1627391251,2354,427,0,0,9773,8214279
1627391305,2355,427,0,0,9773,8249255
1627391361,2355,427,0,0,9773,8285951
1627391416,2356,427,0,0,9773,8323020
1627391470,2356,427,0,0,9773,8360243
1627391522,2360,427,0,0,9773,8397473
1627391571,2366,427,0,0,9773,8434703
1627391614,2366,427,0,0,9773,8471933
1627391656,2366,427,0,0,9773,8508653
1627391692,2366,427,0,0,9773,8540783
1627391694,2366,427,0,0,9773,8542313
1627391739,2370,427,0,0,9773,8580201
1627391798,2370,427,0,0,9773,8604437
1627391836,2370,427,0,0,9773,8629052
1627391882,2370,427,0,0,9773,8658800
1627391932,2373,427,0,0,9773,8691279
1627391986,2374,427,0,0,9773,8726426
1627392041,2374,427,0,0,9773,8762439
1627392096,2377,427,0,0,9773,8799089
1627392151,2380,427,0,0,9773,8835809
1627392204,2381,427,0,0,9773,8872529
1627392253,2383,427,0,0,9773,8909249
1627392298,2384,427,0,0,9773,8945969
1627392338,2385,427,0,0,9773,8982179
1627392375,2385,427,0,0,9773,9014309
1627392378,2385,427,0,0,9773,9016859
1627392423,2388,427,0,0,9773,9054235
1627392481,2388,427,0,0,9773,9077555
1627392516,2388,427,0,0,9773,9100668
1627392561,2388,427,0,0,9773,9129747
1627392611,2388,427,0,0,9773,9162844
1627392664,2388,427,0,0,9773,9197501
1627392718,2388,427,0,0,9773,9233564
1627392773,2388,427,0,0,9773,9270253
1627392826,2390,427,0,0,9773,9306910
1627392879,2392,427,0,0,9773,9343630
1627392927,2393,427,0,0,9773,9380350
1627392972,2396,427,0,0,9773,9417070
1627393012,2396,427,0,0,9773,9453280
1627393049,2396,427,0,0,9773,9485410
1627393052,2396,427,0,0,9773,9487450
1627393097,2399,427,0,0,9773,9524826
1627393159,2399,427,0,0,9773,9550759
1627393198,2399,427,0,0,9773,9575660
1627393243,2399,427,0,0,9773,9605128
1627393295,2399,427,0,0,9773,9639034
1627393347,2400,427,0,0,9773,9674051
1627393401,2400,427,0,0,9773,9710227
1627393456,2401,427,0,0,9773,9746732
1627393510,2402,427,0,0,9773,9783442
1627393562,2404,427,0,0,9773,9820162
1627393610,2406,427,0,0,9773,9856882
1627393655,2410,427,0,0,9773,9893602
1627393695,2410,427,0,0,9773,9929812
1627393732,2411,428,0,0,9786,9962452
1627393735,2411,428,0,0,9786,9965002
1627393779,2413,428,0,0,9786,10002378
1627393836,2413,428,0,0,9786,10025195
1627393872,2413,428,0,0,9786,10048513
1627393914,2413,428,0,0,9786,10076418
1627393962,2413,428,0,0,9786,10107729
1627394014,2413,428,0,0,9786,10141676
1627394068,2414,428,0,0,9786,10176854
1627394121,2414,428,0,0,9786,10212401
1627394174,2417,428,0,0,9786,10248068
1627394225,2421,428,0,0,9786,10283768
1627394273,2427,428,0,0,9786,10319468
1627394316,2427,428,0,0,9786,10355168
1627394355,2427,428,0,0,9786,10390358
1627394390,2432,428,0,0,9786,10421978
1627394394,2432,428,0,0,9786,10425038
1627394437,2434,429,0,0,9810,10461390
1627394479,2434,429,0,0,9810,10497742
1627394537,2434,429,0,0,9810,10521462
1627394572,2434,429,0,0,9810,10545058
1627394613,2434,429,0,0,9810,10571377
1627394660,2434,429,0,0,9810,10602908
1627394712,2434,429,0,0,9810,10637246
1627394766,2434,429,0,0,9810,10672770
1627394820,2434,429,0,0,9810,10708825
1627394874,2434,429,0,0,9810,10745000
1627394925,2435,429,0,0,9810,10781210
1627394974,2437,429,0,0,9810,10817420
1627395019,2441,429,0,0,9810,10853630
1627395059,2441,429,0,0,9810,10889330
1627395096,2441,429,0,0,9810,10921460
1627395100,2441,429,0,0,9810,10924520
1627395144,2444,430,0,0,9828,10961384
1627395188,2449,430,0,0,9828,10998248
1627395246,2450,430,0,0,9828,11021731
1627395281,2450,430,0,0,9828,11044502
1627395328,2450,430,0,0,9828,11074839
1627395376,2451,430,0,0,9828,11106572
1627395429,2451,430,0,0,9828,11141441
1627395483,2451,430,0,0,9828,11177756
1627395538,2452,430,0,0,9828,11214394
1627395593,2453,430,0,0,9828,11251088
1627395645,2455,431,0,0,9830,11287808
1627395695,2456,431,0,0,9830,11324528
1627395738,2457,431,0,0,9830,11361248
1627395778,2457,431,0,0,9830,11396948
1627395815,2460,434,0,0,9861,11429078
1627395818,2460,434,0,0,9861,11431118
1627395862,2464,435,0,0,9866,11468494
1627395906,2464,435,0,0,9866,11505870
1627395961,2464,435,0,0,9866,11526833
1627395993,2464,435,0,0,9866,11547246
1627396033,2464,435,0,0,9866,11573215
1627396080,2464,435,0,0,9866,11603583
1627396130,2464,435,0,0,9866,11635925
1627396182,2465,435,0,0,9866,11669420
1627396234,2465,435,0,0,9866,11703557
1627396284,2465,435,0,0,9866,11737727
1627396333,2465,435,0,0,9866,11771897
1627396379,2466,435,0,0,9866,11806067
1627396420,2467,436,0,0,9867,11840237
1627396458,2467,436,0,0,9867,11873897
1627396493,2468,437,0,0,9870,11903987
1627396495,2468,437,0,0,9870,11906027
1627396536,2470,437,0,0,9870,11940843
1627396594,2470,437,0,0,9870,11963659
1627396629,2470,437,0,0,9870,11986433
1627396671,2470,437,0,0,9870,12013639
1627396719,2470,437,0,0,9870,12044578
1627396769,2470,437,0,0,9870,12077640
1627396822,2470,437,0,0,9870,12112424
1627396875,2470,437,0,0,9870,12147505
1627396928,2470,437,0,0,9870,12182694
1627396979,2471,437,0,0,9870,12217884
1627397028,2471,437,0,0,9870,12253074
1627397071,2472,438,0,0,9871,12288264
1627397110,2472,438,0,0,9871,12322944
1627397146,2472,438,0,0,9871,12354054
1627397148,2472,438,0,0,9871,12356094
1627397192,2473,438,0,0,9871,12391934
1627397267,2473,438,0,0,9871,12414877
1627397301,2473,438,0,0,9871,12437177
1627397341,2473,438,0,0,9871,12463130
1627397387,2473,438,0,0,9871,12493220
1627397438,2473,438,0,0,9871,12526682
1627397490,2473,438,0,0,9871,12561242
1627397543,2474,438,0,0,9871,12596292
1627397595,2474,438,0,0,9871,12631455
1627397644,2475,438,0,0,9871,12666645
1627397692,2475,438,0,0,9871,12701835
1627397735,2475,438,0,0,9871,12737025
1627397774,2475,438,0,0,9871,12771705
1627397810,2475,438,0,0,9871,12802815
1627397812,2475,438,0,0,9871,12804855
1627397855,2475,438,0,0,9871,12840695
1627397912,2475,438,0,0,9871,12863173
1627397946,2475,438,0,0,9871,12885308
1627397988,2475,438,0,0,9871,12912693
1627398035,2475,438,0,0,9871,12942889
1627398085,2475,438,0,0,9871,12976031
1627398138,2476,438,0,0,9871,13010090
1627398191,2476,438,0,0,9871,13044687
1627398242,2476,438,0,0,9871,13079367
1627398291,2476,438,0,0,9871,13114047
1627398337,2476,438,0,0,9871,13148727
1627398378,2476,438,0,0,9871,13182897
1627398416,2476,438,0,0,9871,13216557
1627398450,2476,438,0,0,9871,13246647
1627398454,2476,438,0,0,9871,13249197
1627398495,2477,438,0,0,9871,13284525
1627398552,2477,438,0,0,9871,13307443
1627398587,2477,438,0,0,9871,13330830
1627398630,2477,438,0,0,9871,13358905
1627398676,2477,438,0,0,9871,13389694
1627398727,2477,438,0,0,9871,13423242
1627398780,2478,438,0,0,9871,13458141
1627398833,2478,438,0,0,9871,13493568
1627398884,2478,438,0,0,9871,13529236
1627398933,2478,438,0,0,9871,13564426
1627398977,2479,438,0,0,9871,13599106
1627399017,2479,438,0,0,9871,13633786
1627399056,2479,438,0,0,9871,13667956
1627399091,2479,438,0,0,9871,13698556
1627399095,2479,438,0,0,9871,13701106
1627399138,2482,439,0,0,9873,13737458
1627399182,2483,440,0,0,9874,13773810
1627399238,2483,440,0,0,9874,13796549
1627399272,2483,440,0,0,9874,13818348
1627399315,2483,440,0,0,9874,13846642
1627399362,2483,440,0,0,9874,13878478
1627399412,2483,440,0,0,9874,13911698
1627399464,2483,440,0,0,9874,13946684
1627399516,2483,440,0,0,9874,13982259
1627399566,2483,440,0,0,9874,14017443
1627399613,2483,440,0,0,9874,14052633
1627399657,2483,440,0,0,9874,14087313
1627399697,2483,440,0,0,9874,14121993
1627399735,2483,440,0,0,9874,14156163
1627399770,2483,440,0,0,9874,14186763
1627399773,2483,440,0,0,9874,14188803
1627399816,2484,440,0,0,9874,14225155
1627399874,2484,440,0,0,9874,14248478
1627399908,2484,440,0,0,9874,14270748
1627399950,2484,440,0,0,9874,14297381
1627399996,2484,440,0,0,9874,14327254
1627400046,2484,440,0,0,9874,14359921
1627400099,2484,440,0,0,9874,14394378
1627400151,2484,440,0,0,9874,14429467
1627400202,2485,440,0,0,9874,14464141
1627400250,2486,440,0,0,9874,14498795
1627400294,2487,440,0,0,9874,14532965
1627400334,2487,440,0,0,9874,14567135
1627400372,2487,440,0,0,9874,14600795
1627400406,2488,440,0,0,9874,14630885
1627400409,2488,440,0,0,9874,14632925
1627400451,2489,441,0,0,9875,14668765
1627400493,2489,441,0,0,9875,14704605
1627400550,2489,441,0,0,9875,14727267
1627400583,2489,441,0,0,9875,14749100
1627400623,2489,441,0,0,9875,14775319
1627400669,2489,441,0,0,9875,14804869
1627400717,2489,441,0,0,9875,14837459
1627400769,2489,441,0,0,9875,14871995
1627400820,2490,441,0,0,9875,14906596
1627400869,2490,441,0,0,9875,14940762
1627400917,2493,441,1,0,9875,14974932
1627400960,2493,441,1,0,9875,15008592
1627401000,2493,441,1,0,9875,15042252
1627401038,2493,441,1,0,9875,15075402
1627401072,2493,441,1,0,9875,15104982
1627401074,2493,441,1,0,9875,15106512
1627401116,2494,442,1,0,9877,15142352
1627401159,2495,442,1,0,9877,15178192
1627401215,2495,442,1,0,9877,15200331
1627401248,2495,442,1,0,9877,15221799
1627401291,2495,442,1,0,9877,15249786
1627401338,2495,442,1,0,9877,15280310
1627401387,2495,442,1,0,9877,15313157
1627401438,2496,443,1,0,9879,15347441
1627401487,2496,443,1,0,9879,15381472
1627401535,2497,443,1,0,9879,15415132
1627401581,2498,443,1,0,9879,15448792
1627401624,2500,443,1,0,9879,15481942
1627401663,2500,443,1,0,9879,15515092
1627401700,2500,443,1,0,9879,15547732
1627401733,2500,443,1,0,9879,15576802
1627401735,2500,443,1,0,9879,15578332
1627401777,2501,443,1,0,9879,15613660
1627401833,2501,443,1,0,9879,15635585
1627401866,2501,443,1,0,9879,15657123
1627401904,2501,443,1,0,9879,15681801
1627401948,2501,443,1,0,9879,15710869
1627401998,2501,443,1,0,9879,15743987
1627402050,2501,443,1,0,9879,15777696
1627402099,2501,443,1,0,9879,15811541
1627402147,2501,443,1,0,9879,15845201
1627402193,2501,443,1,0,9879,15878861
1627402238,2502,443,1,0,9879,15912011
1627402277,2502,443,1,0,9879,15945161
1627402314,2502,443,1,0,9879,15977801
1627402347,2502,443,1,0,9879,16006871
1627402350,2502,443,1,0,9879,16008911
1627402391,2503,443,1,0,9879,16044239
1627402446,2503,443,1,0,9879,16066070
1627402477,2503,443,1,0,9879,16086594
1627402514,2503,443,1,0,9879,16111233
1627402558,2504,443,1,0,9879,16140466
1627402605,2504,443,1,0,9879,16172072
1627402654,2505,443,1,0,9879,16204716
1627402701,2505,443,1,0,9879,16237722
1627402747,2505,443,1,0,9879,16270344
1627402793,2506,443,1,0,9879,16302984
1627402834,2508,443,1,0,9879,16335114
1627402872,2508,443,1,0,9879,16367244
1627402908,2508,443,1,0,9879,16398864
1627402940,2508,443,1,0,9879,16426914
1627402942,2508,443,1,0,9879,16428444
1627402983,2508,443,1,0,9879,16462748
1627403039,2508,443,1,0,9879,16484997
1627403073,2508,443,1,0,9879,16507015
1627403114,2508,443,1,0,9879,16533375
1627403159,2508,443,1,0,9879,16563537
1627403209,2508,443,1,0,9879,16596891
1627403260,2508,443,1,0,9879,16631141
1627403310,2508,443,1,0,9879,16665744
1627403359,2508,443,1,0,9879,16699911
1627403407,2508,443,1,0,9879,16734081
1627403449,2508,443,1,0,9879,16767741
1627403489,2508,443,1,0,9879,16801401
1627403526,2508,443,1,0,9879,16834551
1627403560,2508,443,1,0,9879,16864131
1627403562,2508,443,1,0,9879,16866171
1627403604,2509,443,1,0,9879,16902011
1627403662,2509,443,1,0,9879,16925172
1627403695,2509,443,1,0,9879,16947060
1627403737,2509,443,1,0,9879,16974054
1627403782,2509,443,1,0,9879,17004083
1627403832,2509,443,1,0,9879,17037472
1627403882,2509,443,1,0,9879,17071458
1627403932,2509,443,1,0,9879,17105821
1627403980,2509,443,1,0,9879,17139957
1627404029,2510,443,1,0,9879,17174127
1627404073,2511,443,1,0,9879,17207787
1627404113,2511,443,1,0,9879,17241447
1627404150,2511,443,1,0,9879,17274597
1627404184,2511,443,1,0,9879,17304177
1627404186,2511,443,1,0,9879,17305707
1627404229,2512,443,1,0,9879,17341547
1627404287,2512,443,1,0,9879,17364924
1627404320,2512,443,1,0,9879,17386346
1627404360,2512,443,1,0,9879,17412355
1627404407,2512,443,1,0,9879,17443212
1627404455,2512,443,1,0,9879,17475733
1627404504,2512,443,1,0,9879,17509373
1627404553,2512,443,1,0,9879,17543238
1627404600,2512,443,1,0,9879,17576857
1627404647,2512,443,1,0,9879,17610517
1627404690,2512,443,1,0,9879,17643667
1627404729,2512,443,1,0,9879,17676817
1627404767,2513,443,1,0,9879,17709457
1627404800,2513,443,1,0,9879,17738527
1627404802,2513,443,1,0,9879,17740567
1627404844,2515,443,1,0,9879,17775895
1627404900,2515,443,1,0,9879,17798166
1627404933,2515,443,1,0,9879,17819990
1627404975,2515,443,1,0,9879,17847468
1627405020,2515,443,1,0,9879,17877258
1627405071,2515,443,1,0,9879,17911530
1627405123,2515,443,1,0,9879,17946861
1627405175,2515,443,1,0,9879,17982548
1627405225,2516,443,1,0,9879,18017736
1627405274,2516,443,1,0,9879,18052926
1627405319,2516,443,1,0,9879,18087606
1627405360,2516,443,1,0,9879,18122286
1627405399,2516,443,1,0,9879,18156456
1627405434,2516,443,1,0,9879,18187056
1627405437,2516,443,1,0,9879,18189096
1627405480,2516,443,1,0,9879,18225960
1627405537,2516,443,1,0,9879,18249443
1627405570,2516,443,1,0,9879,18271277
1627405612,2516,443,1,0,9879,18299249
1627405660,2516,443,1,0,9879,18330807
1627405711,2516,443,1,0,9879,18365264
1627405763,2516,443,1,0,9879,18400528
1627405814,2516,443,1,0,9879,18436181
1627405864,2516,443,1,0,9879,18471365
1627405912,2516,443,1,0,9879,18506552
1627405957,2516,443,1,0,9879,18541232
1627406000,2516,443,1,0,9879,18575912
1627406039,2516,443,1,0,9879,18610082
1627406074,2516,443,1,0,9879,18640682
1627406077,2516,443,1,0,9879,18643232
1627406121,2517,443,1,0,9879,18680096
1627406178,2517,443,1,0,9879,18703065
1627406211,2517,443,1,0,9879,18724639
1627406251,2517,443,1,0,9879,18750420
1627406297,2517,443,1,0,9879,18781047
1627406349,2517,443,1,0,9879,18815097
1627406401,2517,443,1,0,9879,18850583
1627406453,2517,443,1,0,9879,18886175
1627406502,2517,443,1,0,9879,18921361
1627406550,2517,443,1,0,9879,18956551
1627406594,2517,443,1,0,9879,18991231
1627406635,2518,443,1,0,9879,19025911
1627406674,2518,443,1,0,9879,19060081
1627406709,2519,443,1,0,9879,19090681
1627406711,2519,443,1,0,9879,19092721
1627406755,2519,443,1,0,9879,19129585
1627406813,2519,443,1,0,9879,19153205
1627406847,2519,443,1,0,9879,19175199
1627406889,2519,443,1,0,9879,19202783
1627406937,2519,443,1,0,9879,19234007
1627406989,2519,443,1,0,9879,19268385
1627407040,2519,443,1,0,9879,19303736
1627407093,2520,443,1,0,9879,19339357
1627407143,2521,443,1,0,9879,19374547
1627407193,2521,443,1,0,9879,19409734
1627407238,2521,443,1,0,9879,19444414
1627407280,2521,443,1,0,9879,19479094
1627407319,2521,443,1,0,9879,19513264
1627407355,2521,443,1,0,9879,19543864
1627407358,2521,443,1,0,9879,19546414
1627407402,2523,443,1,0,9879,19583278
1627407460,2523,443,1,0,9879,19606393
1627407494,2523,443,1,0,9879,19628696
1627407532,2523,443,1,0,9879,19654166
1627407578,2523,443,1,0,9879,19684456
1627407628,2524,443,1,0,9879,19718321
1627407679,2524,443,1,0,9879,19753041
1627407730,2524,443,1,0,9879,19788170
1627407780,2524,443,1,0,9879,19822819
1627407827,2524,443,1,0,9879,19857499
1627407871,2524,443,1,0,9879,19891669
1627407911,2524,443,1,0,9879,19925839
1627407949,2524,443,1,0,9879,19959499
1627407983,2524,443,1,0,9879,19989589
1627407987,2524,443,1,0,9879,19992139
1627408030,2526,443,1,0,9879,20028491
1627408089,2526,443,1,0,9879,20052438
1627408123,2526,443,1,0,9879,20074847
1627408163,2526,443,1,0,9879,20100963
1627408211,2527,443,1,0,9879,20131916
1627408263,2527,443,1,0,9879,20166397
1627408316,2527,443,1,0,9879,20201689
1627408369,2527,443,1,0,9879,20237386
1627408420,2527,443,1,0,9879,20272574
1627408469,2527,443,1,0,9879,20307764
1627408514,2527,443,1,0,9879,20342444
1627408556,2527,443,1,0,9879,20377124
1627408594,2527,443,1,0,9879,20411294
1627408628,2527,443,1,0,9879,20441894
1627408633,2528,443,1,0,9879,20444954
1627408676,2529,443,1,0,9879,20481818
1627408733,2529,443,1,0,9879,20504617
1627408766,2529,443,1,0,9879,20526623
1627408806,2529,443,1,0,9879,20553465
1627408853,2529,443,1,0,9879,20584406
1627408905,2529,443,1,0,9879,20619110
1627408956,2529,443,1,0,9879,20654157
1627409008,2529,443,1,0,9879,20689529
1627409057,2529,443,1,0,9879,20724716
1627409107,2529,443,1,0,9879,20759902
1627409151,2530,443,1,0,9879,20794582
1627409193,2530,443,1,0,9879,20829262
1627409232,2530,443,1,0,9879,20863432
1627409267,2530,443,1,0,9879,20894032
1627409272,2530,443,1,0,9879,20897602
1627409316,2535,443,1,0,9879,20934466
1627409374,2535,443,1,0,9879,20957446
1627409409,2535,443,1,0,9879,20980540
1627409450,2535,443,1,0,9879,21007104
1627409498,2535,443,1,0,9879,21038665
1627409548,2535,443,1,0,9879,21073058
1627409601,2536,443,1,0,9879,21108915
1627409652,2536,443,1,0,9879,21144967
1627409702,2536,443,1,0,9879,21180637
1627409752,2539,443,1,0,9879,21216337
1627409798,2539,443,1,0,9879,21251527
1627409841,2539,443,1,0,9879,21286717
1627409880,2539,443,1,0,9879,21321397
1627409916,2539,443,1,0,9879,21352507
1627409919,2539,443,1,0,9879,21355567
1627409964,2539,443,1,0,9879,21392943
1627410022,2539,443,1,0,9879,21416855
1627410057,2539,443,1,0,9879,21439925
1627410098,2539,443,1,0,9879,21467361
1627410146,2539,443,1,0,9879,21498514
1627410197,2539,443,1,0,9879,21532592
1627410249,2539,443,1,0,9879,21567272
1627410300,2539,443,1,0,9879,21602207
1627410350,2540,443,1,0,9879,21637396
1627410398,2540,443,1,0,9879,21672586
1627410442,2540,443,1,0,9879,21707266
1627410483,2540,443,1,0,9879,21741946
1627410521,2541,443,1,0,9879,21776116
1627410556,2541,443,1,0,9879,21806716
1627410559,2541,443,1,0,9879,21809266
1627410603,2543,443,1,0,9879,21846130
1627410660,2543,443,1,0,9879,21868957
1627410695,2543,443,1,0,9879,21891828
1627410734,2543,443,1,0,9879,21917582
1627410781,2543,443,1,0,9879,21948780
1627410833,2543,443,1,0,9879,21983402
1627410885,2543,443,1,0,9879,22018839
1627410938,2543,443,1,0,9879,22055015
1627410990,2543,443,1,0,9879,22090714
1627411039,2544,443,1,0,9879,22126414
1627411083,2544,443,1,0,9879,22161604
1627411125,2544,443,1,0,9879,22196794
1627411165,2544,443,1,0,9879,22231474
1627411201,2544,443,1,0,9879,22262584
1627411204,2544,443,1,0,9879,22265134
1627411249,2544,443,1,0,9879,22302510
1627411308,2544,443,1,0,9879,22325542
1627411342,2544,443,1,0,9879,22348169
1627411383,2544,443,1,0,9879,22374498
1627411430,2544,443,1,0,9879,22406042
1627411481,2544,443,1,0,9879,22440385
1627411533,2544,443,1,0,9879,22475677
1627411586,2544,443,1,0,9879,22511850
1627411636,2544,443,1,0,9879,22547550
1627411685,2544,443,1,0,9879,22583250
1627411730,2544,443,1,0,9879,22618440
1627411772,2544,443,1,0,9879,22653630
1627411812,2544,443,1,0,9879,22688310
1627411849,2544,443,1,0,9879,22719420
1627411853,2544,443,1,0,9879,22722480
1627411899,2544,443,1,0,9879,22759856
1627411958,2544,443,1,0,9879,22782698
1627411993,2544,443,1,0,9879,22804502
1627412035,2544,443,1,0,9879,22831348
1627412083,2544,443,1,0,9879,22862394
1627412134,2544,443,1,0,9879,22896815
1627412187,2544,443,1,0,9879,22932041
1627412240,2544,443,1,0,9879,22967703
1627412291,2544,443,1,0,9879,23002889
1627412340,2544,443,1,0,9879,23038079
1627412386,2544,443,1,0,9879,23072759
1627412428,2544,443,1,0,9879,23107439
1627412467,2544,443,1,0,9879,23141609
1627412501,2544,443,1,0,9879,23172209
1627412506,2544,443,1,0,9879,23175779
1627412550,2545,443,1,0,9879,23212643
1627412609,2545,443,1,0,9879,23236880
1627412647,2545,443,1,0,9879,23261085
1627412689,2546,443,1,0,9879,23289028
1627412739,2546,443,1,0,9879,23321032
1627412790,2546,443,1,0,9879,23355383
1627412844,2546,443,1,0,9879,23391454
1627412898,2546,443,1,0,9879,23427523
1627412950,2546,443,1,0,9879,23463223
1627412998,2546,443,1,0,9879,23498923
1627413044,2547,443,1,0,9879,23534113
1627413086,2547,443,1,0,9879,23569303
1627413126,2547,443,1,0,9879,23603983
1627413161,2547,443,1,0,9879,23635093
1627413166,2547,443,1,0,9879,23638153
1627413210,2549,443,1,0,9879,23675529
1627413269,2549,443,1,0,9879,23699193
1627413304,2549,443,1,0,9879,23721691
1627413347,2549,443,1,0,9879,23749402
1627413395,2550,443,1,0,9879,23780738
1627413446,2550,443,1,0,9879,23814190
1627413496,2550,443,1,0,9879,23848926
1627413547,2550,443,1,0,9879,23884199
1627413598,2551,443,1,0,9879,23919389
1627413647,2551,443,1,0,9879,23954579
1627413693,2551,443,1,0,9879,23989259
1627413734,2551,443,1,0,9879,24023939
1627413773,2551,443,1,0,9879,24058109
1627413808,2551,443,1,0,9879,24088709
1627413812,2551,443,1,0,9879,24091769
1627413856,2553,443,1,0,9879,24128633
1627413915,2553,443,1,0,9879,24152747
1627413948,2553,443,1,0,9879,24174538
1627413988,2553,443,1,0,9879,24201353
1627414036,2553,443,1,0,9879,24232560
1627414087,2553,443,1,0,9879,24265958
1627414138,2553,443,1,0,9879,24300715
1627414189,2553,443,1,0,9879,24335857
1627414239,2553,443,1,0,9879,24370537
1627414288,2553,443,1,0,9879,24405217
1627414333,2553,443,1,0,9879,24439387
1627414373,2553,443,1,0,9879,24473557
1627414412,2553,443,1,0,9879,24507217
1627414446,2553,443,1,0,9879,24537307
1627414449,2553,443,1,0,9879,24539347
1627414492,2554,443,1,0,9879,24575699
1627414549,2554,443,1,0,9879,24598877
1627414584,2554,443,1,0,9879,24621860
1627414625,2554,443,1,0,9879,24648812
1627414671,2554,443,1,0,9879,24679075
1627414719,2554,443,1,0,9879,24712323
1627414770,2554,443,1,0,9879,24747102
1627414821,2554,443,1,0,9879,24782221
1627414871,2554,443,1,0,9879,24816899
1627414918,2554,443,1,0,9879,24851579
1627414962,2555,443,1,0,9879,24885749
1627415003,2555,443,1,0,9879,24919919
1627415040,2555,443,1,0,9879,24953579
1627415075,2555,443,1,0,9879,24983669
1627415078,2555,443,1,0,9879,24986219
1627415121,2555,443,1,0,9879,25022571
1627415178,2555,443,1,0,9879,25045703
1627415212,2555,443,1,0,9879,25067603
1627415251,2555,443,1,0,9879,25093372
1627415299,2555,443,1,0,9879,25124153
1627415349,2555,443,1,0,9879,25157882
1627415401,2555,443,1,0,9879,25193169
1627415451,2556,443,1,0,9879,25228763
1627415501,2557,443,1,0,9879,25263947
1627415550,2557,443,1,0,9879,25299137
1627415594,2557,443,1,0,9879,25333817
1627415635,2558,443,1,0,9879,25368497
1627415673,2558,443,1,0,9879,25402667
1627415708,2558,443,1,0,9879,25433267
1627415711,2558,443,1,0,9879,25435307
1627415755,2561,443,1,0,9879,25472171
1627415812,2561,443,1,0,9879,25494770
1627415847,2561,443,1,0,9879,25517460
1627415887,2561,443,1,0,9879,25544278
1627415933,2561,443,1,0,9879,25575358
1627415983,2561,443,1,0,9879,25609385
1627416036,2561,443,1,0,9879,25644598
1627416087,2561,443,1,0,9879,25680186
1627416139,2561,443,1,0,9879,25715376
1627416187,2561,443,1,0,9879,25750566
1627416231,2561,443,1,0,9879,25785246
1627416273,2561,443,1,0,9879,25819926
1627416312,2561,443,1,0,9879,25854096
1627416347,2561,443,1,0,9879,25884696
1627416349,2561,443,1,0,9879,25886736
1627416394,2561,443,1,0,9879,25924112
1627416451,2561,443,1,0,9879,25947556
1627416484,2561,443,1,0,9879,25969652
1627416525,2561,443,1,0,9879,25997028
1627416572,2561,443,1,0,9879,26028672
1627416622,2561,443,1,0,9879,26062247
1627416672,2561,443,1,0,9879,26096751
1627416723,2562,443,1,0,9879,26131760
1627416773,2562,443,1,0,9879,26166430
1627416821,2563,443,1,0,9879,26201110
1627416864,2564,443,1,0,9879,26235280
1627416904,2564,443,1,0,9879,26269450
1627416942,2564,443,1,0,9879,26303110
1627416977,2564,443,1,0,9879,26333200
1627416980,2564,443,1,0,9879,26335750
1627417024,2565,443,1,0,9879,26372614
1627417082,2565,443,1,0,9879,26395662
1627417115,2565,443,1,0,9879,26417639
1627417156,2565,443,1,0,9879,26444388
1627417202,2565,443,1,0,9879,26475234
1627417251,2565,443,1,0,9879,26508798
1627417303,2565,443,1,0,9879,26543553
1627417354,2565,443,1,0,9879,26578292
1627417403,2565,443,1,0,9879,26612969
1627417451,2566,443,1,0,9879,26647649
1627417495,2567,443,1,0,9879,26681819
1627417535,2567,443,1,0,9879,26715989
1627417573,2567,443,1,0,9879,26749649
1627417607,2567,443,1,0,9879,26779739
1627417610,2567,443,1,0,9879,26782289
1627417654,2567,443,1,0,9879,26819153
1627417712,2567,443,1,0,9879,26842110
1627417746,2567,443,1,0,9879,26864909
1627417788,2567,443,1,0,9879,26892430
1627417836,2567,443,1,0,9879,26924620
1627417886,2567,443,1,0,9879,26959177
1627417937,2567,443,1,0,9879,26994360
1627417990,2567,443,1,0,9879,27029822
1627418040,2567,443,1,0,9879,27065008
1627418088,2567,443,1,0,9879,27100197
1627418133,2567,443,1,0,9879,27134877
1627418174,2567,443,1,0,9879,27169557
1627418213,2567,443,1,0,9879,27203727
1627418248,2567,443,1,0,9879,27234327
1627418251,2567,443,1,0,9879,27236877
1627418296,2568,443,1,0,9879,27274253
1627418355,2568,443,1,0,9879,27297555
1627418390,2568,443,1,0,9879,27320578
1627418431,2568,443,1,0,9879,27347591
1627418478,2568,443,1,0,9879,27378254
1627418527,2568,443,1,0,9879,27411782
1627418577,2568,443,1,0,9879,27446107
1627418627,2573,443,1,0,9879,27480673
1627418677,2574,443,1,0,9879,27514840
1627418724,2574,443,1,0,9879,27549010
1627418768,2574,443,1,0,9879,27582670
1627418808,2574,443,1,0,9879,27616330
1627418846,2574,443,1,0,9879,27649480
1627418880,2574,443,1,0,9879,27679060
1627418883,2574,443,1,0,9879,27681610
1627418926,2575,443,1,0,9879,27717962
1627418985,2575,443,1,0,9879,27742154
1627419020,2575,443,1,0,9879,27765090
1627419062,2575,443,1,0,9879,27792490
1627419109,2575,443,1,0,9879,27823270
1627419160,2575,443,1,0,9879,27856602
1627419209,2575,443,1,0,9879,27890758
1627419260,2575,443,1,0,9879,27925339
1627419309,2575,443,1,0,9879,27959509
1627419357,2576,443,1,0,9879,27993679
1627419401,2576,443,1,0,9879,28027339
1627419441,2576,443,1,0,9879,28060999
1627419478,2576,443,1,0,9879,28094149
1627419512,2576,443,1,0,9879,28123729
1627419515,2576,443,1,0,9879,28126279
1627419558,2576,443,1,0,9879,28162631
1627419616,2576,443,1,0,9879,28186406
1627419649,2576,443,1,0,9879,28208097
1627419691,2576,443,1,0,9879,28235536
1627419737,2576,443,1,0,9879,28266047
1627419785,2576,443,1,0,9879,28298917
1627419834,2576,443,1,0,9879,28333170
1627419884,2576,443,1,0,9879,28367595
1627419932,2576,443,1,0,9879,28401750
1627419980,2576,443,1,0,9879,28435920
1627420023,2576,443,1,0,9879,28469580
1627420063,2576,443,1,0,9879,28503240
1627420101,2576,443,1,0,9879,28536390
1627420135,2576,443,1,0,9879,28565970
1627420139,2576,443,1,0,9879,28568520
1627420182,2577,443,1,0,9879,28604872
1627420240,2577,443,1,0,9879,28628886
1627420274,2577,443,1,0,9879,28651398
1627420316,2577,443,1,0,9879,28678727
1627420361,2577,443,1,0,9879,28708955
1627420411,2577,443,1,0,9879,28742305
1627420460,2577,443,1,0,9879,28776206
1627420510,2577,443,1,0,9879,28810779
1627420558,2578,443,1,0,9879,28844948
1627420604,2578,443,1,0,9879,28879117
1627420647,2578,443,1,0,9879,28912777
1627420687,2578,443,1,0,9879,28946437
1627420724,2578,443,1,0,9879,28979587
1627420758,2578,443,1,0,9879,29009167
1627420761,2578,443,1,0,9879,29011717
1627420805,2580,443,1,0,9879,29048069
1627420863,2580,443,1,0,9879,29071765
1627420898,2580,443,1,0,9879,29094447
1627420940,2580,443,1,0,9879,29122294
1627420986,2580,443,1,0,9879,29153155
1627421036,2580,443,1,0,9879,29187030
1627421087,2580,443,1,0,9879,29221874
1627421139,2580,443,1,0,9879,29256772
1627421189,2580,443,1,0,9879,29291423
1627421237,2580,443,1,0,9879,29326103
1627421282,2580,443,1,0,9879,29360273
1627421322,2582,443,1,0,9879,29394443
1627421360,2582,443,1,0,9879,29428103
1627421394,2582,443,1,0,9879,29458193
1627421398,2582,443,1,0,9879,29460743
1627421442,2584,443,1,0,9879,29497607
1627421500,2584,443,1,0,9879,29521367
1627421535,2584,443,1,0,9879,29544866
1627421577,2584,443,1,0,9879,29572676
1627421623,2584,443,1,0,9879,29603092
1627421673,2584,443,1,0,9879,29636988
1627421724,2584,443,1,0,9879,29671739
1627421776,2584,443,1,0,9879,29706825
1627421825,2584,443,1,0,9879,29741487
1627421872,2584,443,1,0,9879,29776167
1627421917,2585,443,1,0,9879,29810337
1627421958,2585,443,1,0,9879,29844507
1627421996,2585,443,1,0,9879,29878167
1627422031,2585,443,1,0,9879,29908257
1627422034,2585,443,1,0,9879,29910807
1627422078,2586,444,1,0,9880,29947671
1627422122,2587,444,1,0,9880,29984535
1627422178,2587,444,1,0,9880,30006924
1627422212,2587,444,1,0,9880,30029035
1627422256,2587,444,1,0,9880,30058029
1627422303,2587,444,1,0,9880,30089243
1627422353,2587,444,1,0,9880,30123708
1627422406,2587,444,1,0,9880,30159192
1627422458,2587,444,1,0,9880,30194606
1627422508,2588,444,1,0,9880,30229793
1627422556,2589,444,2,0,9880,30264983
1627422600,2589,444,2,0,9880,30299663
1627422642,2589,444,2,0,9880,30334343
1627422680,2589,444,2,0,9880,30368513
1627422715,2589,444,2,0,9880,30399113
1627422718,2589,444,2,0,9880,30401663
1627422762,2589,444,2,0,9880,30439039
1627422821,2589,444,2,0,9880,30463069
1627422857,2589,444,2,0,9880,30486227
1627422899,2589,444,2,0,9880,30514737
1627422948,2589,444,2,0,9880,30546978
1627422999,2589,444,2,0,9880,30581228
1627423051,2589,444,2,0,9880,30616131
1627423103,2589,444,2,0,9880,30651197
1627423153,2589,444,2,0,9880,30685877
1627423200,2589,444,2,0,9880,30720557
1627423245,2589,444,2,0,9880,30754727
1627423286,2591,444,2,0,9880,30788897
1627423324,2591,444,2,0,9880,30822557
1627423359,2591,444,2,0,9880,30852647
1627423362,2591,444,2,0,9880,30855197
1627423407,2592,444,2,0,9880,30892061
1627423465,2592,444,2,0,9880,30915486
1627423500,2592,444,2,0,9880,30938372
1627423541,2592,444,2,0,9880,30965801
1627423589,2592,444,2,0,9880,30998029
1627423639,2592,444,2,0,9880,31032720
1627423692,2592,444,2,0,9880,31068210
1627423744,2592,444,2,0,9880,31103566
1627423793,2592,444,2,0,9880,31138723
1627423841,2592,444,2,0,9880,31173913
1627423885,2595,444,2,0,9880,31208593
1627423926,2595,444,2,0,9880,31243273
1627423965,2595,444,2,0,9880,31277443
1627423999,2595,444,2,0,9880,31308043
1627424002,2595,444,2,0,9880,31310083
1627424046,2595,444,2,0,9880,31347459
1627424105,2595,444,2,0,9880,31371713
1627424140,2595,444,2,0,9880,31394537
1627424184,2596,444,3,0,9880,31423315
1627424233,2596,444,3,0,9880,31455427
1627424284,2596,444,3,0,9880,31489710
1627424336,2596,444,3,0,9880,31524661
1627424387,2596,444,3,0,9880,31559768
1627424437,2596,444,3,0,9880,31594445
1627424485,2597,444,3,0,9880,31629125
1627424529,2597,444,3,0,9880,31663295
1627424569,2597,444,3,0,9880,31697465
1627424607,2597,444,3,0,9880,31731125
1627424641,2597,444,3,0,9880,31761215
1627424644,2597,444,3,0,9880,31763765
1627424688,2597,444,3,0,9880,31800629
1627424746,2597,444,3,0,9880,31824619
1627424781,2597,444,3,0,9880,31847271
1627424824,2597,444,3,0,9880,31875394
1627424871,2597,444,3,0,9880,31906256
1627424920,2597,444,3,0,9880,31939780
1627424971,2597,444,3,0,9880,31974110
1627425022,2597,444,3,0,9880,32008679
1627425071,2597,444,3,0,9880,32042849
1627425119,2597,444,3,0,9880,32077019
1627425161,2597,444,3,0,9880,32110679
1627425202,2598,445,3,0,9886,32144339
1627425240,2598,445,3,0,9886,32177489
1627425274,2598,445,3,0,9886,32207069
1627425277,2598,445,3,0,9886,32209619
1627425321,2598,445,3,0,9886,32245971
1627425379,2598,445,3,0,9886,32269399
1627425414,2598,445,3,0,9886,32292020
1627425458,2598,445,3,0,9886,32320612
1627425506,2598,445,3,0,9886,32352124
1627425557,2598,445,3,0,9886,32386183
1627425608,2598,445,3,0,9886,32420967
1627425658,2598,445,3,0,9886,32456082
1627425708,2598,445,3,0,9886,32490761
1627425757,2598,445,3,0,9886,32525440
1627425801,2598,445,3,0,9886,32559610
1627425842,2598,445,3,0,9886,32593780
1627425880,2598,445,3,0,9886,32627440
1627425914,2598,445,3,0,9886,32657530
1627425918,2598,445,3,0,9886,32660080
1627425961,2599,445,3,0,9886,32696944
1627426018,2599,445,3,0,9886,32720322
1627426053,2599,445,3,0,9886,32743360
1627426095,2599,445,3,0,9886,32771345
1627426143,2599,445,3,0,9886,32802538
1627426194,2599,445,3,0,9886,32836639
1627426245,2599,445,3,0,9886,32871430
1627426297,2599,445,3,0,9886,32906508
1627426347,2599,445,3,0,9886,32941151
1627426394,2599,445,3,0,9886,32975831
1627426439,2600,445,3,0,9886,33010001
1627426479,2600,445,3,0,9886,33044171
1627426518,2600,445,3,0,9886,33077831
1627426552,2600,445,3,0,9886,33107921
1627426555,2600,445,3,0,9886,33110471
1627426599,2600,445,3,0,9886,33147335
1627426657,2600,445,3,0,9886,33171478
1627426690,2600,445,3,0,9886,33193361
1627426731,2600,445,3,0,9886,33220714
1627426776,2600,445,3,0,9886,33251240
1627426825,2600,445,3,0,9886,33284818
1627426874,2600,445,3,0,9886,33318964
1627426925,2600,445,3,0,9886,33353521
1627426974,2600,445,3,0,9886,33387691
1627427021,2600,445,3,0,9886,33421861
1627427065,2600,445,3,0,9886,33455521
1627427104,2600,445,3,0,9886,33489181
1627427142,2600,445,3,0,9886,33522331
1627427175,2600,445,3,0,9886,33551911
1627427178,2600,445,3,0,9886,33553951
1627427221,2601,445,3,0,9886,33590303
1627427279,2601,445,3,0,9886,33613919
1627427312,2601,445,3,0,9886,33635790
1627427355,2601,445,3,0,9886,33663517
1627427402,2601,445,3,0,9886,33694353
1627427452,2601,445,3,0,9886,33727943
1627427502,2601,445,3,0,9886,33762095
1627427554,2601,445,3,0,9886,33796761
1627427602,2601,445,3,0,9886,33830928
1627427648,2601,445,3,0,9886,33865098
1627427691,2601,445,3,0,9886,33898758
1627427731,2601,445,3,0,9886,33932418
1627427768,2601,445,3,0,9886,33965568
1627427802,2601,445,3,0,9886,33995148
1627427805,2601,445,3,0,9886,33997698
1627427849,2602,445,3,0,9886,34034050
1627427906,2602,445,3,0,9886,34056855
1627427939,2602,445,3,0,9886,34078788
1627427983,2602,445,3,0,9886,34107226
1627428031,2602,445,3,0,9886,34138809
1627428082,2602,445,3,0,9886,34172991
1627428133,2602,445,3,0,9886,34207996
1627428185,2602,445,3,0,9886,34243141
1627428236,2602,445,3,0,9886,34277821
1627428283,2602,445,3,0,9886,34312501
1627428326,2602,445,3,0,9886,34346671
1627428368,2602,445,3,0,9886,34380841
1627428407,2602,445,3,0,9886,34414501
1627428442,2602,445,3,0,9886,34444591
1627428445,2602,445,3,0,9886,34447141
1627428489,2602,445,3,0,9886,34484005
1627428547,2602,445,3,0,9886,34507681
1627428581,2602,445,3,0,9886,34530611
1627428623,2602,445,3,0,9886,34558390
1627428670,2602,445,3,0,9886,34589144
1627428720,2602,445,3,0,9886,34623190
1627428772,2602,445,3,0,9886,34658129
1627428823,2602,445,3,0,9886,34693055
1627428873,2602,445,3,0,9886,34727685
1627428920,2602,445,3,0,9886,34762365
1627428964,2602,445,3,0,9886,34796535
1627429004,2602,445,3,0,9886,34830705
1627429043,2602,445,3,0,9886,34864365
1627429077,2602,445,3,0,9886,34894455
1627429080,2602,445,3,0,9886,34896495
1627429124,2602,445,3,0,9886,34933359
1627429183,2602,445,3,0,9886,34957286
1627429218,2602,445,3,0,9886,34979881
1627429261,2602,445,3,0,9886,35007600
1627429308,2602,445,3,0,9886,35038397
1627429358,2602,445,3,0,9886,35072008
1627429410,2602,445,3,0,9886,35106872
1627429462,2602,445,3,0,9886,35142008
1627429512,2602,445,3,0,9886,35176685
1627429560,2602,445,3,0,9886,35211365
1627429603,2602,445,3,0,9886,35245535
1627429644,2602,445,3,0,9886,35279705
1627429682,2602,445,3,0,9886,35313365
1627429716,2602,445,3,0,9886,35343455
1627429720,2602,445,3,0,9886,35346005
1627429763,2603,445,3,0,9886,35382869
1627429822,2603,445,3,0,9886,35406655
1627429855,2603,445,3,0,9886,35428470
1627429899,2603,445,3,0,9886,35457236
1627429947,2603,445,3,0,9886,35488425
1627429997,2603,445,3,0,9886,35521999
1627430048,2603,445,3,0,9886,35556244
1627430099,2603,445,3,0,9886,35590924
1627430148,2603,445,3,0,9886,35625090
1627430195,2603,445,3,0,9886,35659260
1627430239,2603,445,3,0,9886,35692920
1627430278,2603,445,3,0,9886,35726580
1627430316,2603,445,3,0,9886,35759730
1627430350,2603,445,3,0,9886,35789310
1627430354,2603,445,3,0,9886,35791860
1627430397,2603,445,3,0,9886,35828212
1627430454,2603,445,3,0,9886,35851329
1627430488,2603,445,3,0,9886,35873414
1627430531,2603,445,3,0,9886,35901373
1627430577,2603,445,3,0,9886,35932074
1627430627,2603,445,3,0,9886,35965761
1627430678,2603,445,3,0,9886,36000459
1627430729,2603,445,3,0,9886,36035618
1627430780,2603,445,3,0,9886,36070295
1627430828,2603,445,3,0,9886,36104975
1627430872,2603,445,3,0,9886,36139145
1627430912,2603,445,3,0,9886,36173315
1627430951,2603,445,3,0,9886,36206975
1627430985,2603,445,3,0,9886,36237065
1627430989,2603,445,3,0,9886,36240125
1627431033,2603,445,3,0,9886,36276989
1627431091,2603,445,3,0,9886,36300493
1627431126,2603,445,3,0,9886,36323266
1627431169,2603,445,3,0,9886,36350935
1627431217,2603,445,3,0,9886,36382231
1627431267,2603,445,3,0,9886,36415728
1627431318,2603,445,3,0,9886,36450487
1627431371,2603,445,3,0,9886,36485382
1627431420,2603,445,3,0,9886,36520059
1627431468,2603,445,3,0,9886,36554739
1627431511,2603,445,3,0,9886,36588909
1627431551,2604,445,3,0,9886,36623079
1627431589,2604,445,3,0,9886,36656739
1627431624,2604,445,3,0,9886,36686829
1627431628,2604,445,3,0,9886,36689889
1627431671,2605,446,3,0,9901,36726753
1627431714,2606,446,3,0,9901,36763617
1627431774,2606,446,3,0,9901,36787731
1627431807,2606,446,3,0,9901,36809748
1627431849,2606,446,3,0,9901,36837045
1627431896,2606,446,3,0,9901,36868327
1627431946,2606,446,3,0,9901,36901989
1627431998,2606,446,3,0,9901,36936963
1627432049,2606,446,3,0,9901,36972122
1627432100,2606,446,3,0,9901,37006799
1627432148,2606,446,3,0,9901,37041479
1627432193,2606,446,3,0,9901,37075649
1627432234,2606,446,3,0,9901,37109819
1627432273,2606,446,3,0,9901,37143479
1627432307,2606,446,3,0,9901,37173569
1627432310,2606,446,3,0,9901,37176119
1627432354,2606,446,3,0,9901,37212983
1627432413,2606,446,3,0,9901,37237260
1627432447,2607,446,4,0,9901,37260077
1627432489,2607,446,4,0,9901,37288299
1627432537,2607,446,4,0,9901,37320207
1627432587,2607,446,4,0,9901,37353823
1627432637,2607,446,4,0,9901,37388037
1627432688,2607,446,4,0,9901,37422657
1627432735,2607,446,4,0,9901,37456827
1627432782,2607,446,4,0,9901,37490997
1627432826,2607,446,4,0,9901,37524657
1627432866,2607,446,4,0,9901,37558317
1627432904,2607,446,4,0,9901,37591467
1627432938,2607,446,4,0,9901,37621047
1627432941,2607,446,4,0,9901,37623597
1627432984,2607,446,4,0,9901,37659949
1627433043,2607,446,4,0,9901,37683919
1627433078,2607,446,4,0,9901,37707217
1627433122,2607,446,4,0,9901,37735843
1627433170,2607,446,4,0,9901,37767460
1627433220,2607,446,4,0,9901,37801360
1627433272,2607,446,4,0,9901,37835849
1627433323,2607,446,4,0,9901,37870468
1627433371,2607,446,4,0,9901,37904638
1627433418,2607,446,4,0,9901,37938808
1627433462,2608,446,4,0,9901,37972468
1627433501,2608,446,4,0,9901,38006128
1627433538,2608,446,4,0,9901,38039278
1627433571,2608,446,4,0,9901,38068858
1627433575,2608,446,4,0,9901,38071408
1627433617,2609,447,4,0,9915,38107760
1627433660,2609,447,4,0,9915,38144112
1627433717,2609,447,4,0,9915,38167049
1627433751,2609,447,4,0,9915,38189384
1627433793,2609,447,4,0,9915,38216532
1627433839,2609,447,4,0,9915,38247428
1627433888,2609,447,4,0,9915,38280171
1627433937,2609,447,4,0,9915,38314165
1627433988,2609,447,4,0,9915,38348287
1627434036,2609,447,4,0,9915,38381945
1627434081,2609,447,4,0,9915,38415605
1627434125,2609,447,4,0,9915,38448755
1627434164,2609,447,4,0,9915,38481905
1627434201,2609,447,4,0,9915,38514545
1627434235,2609,447,4,0,9915,38543615
1627434238,2609,447,4,0,9915,38546165
1627434281,2610,447,4,0,9915,38582005
1627434337,2610,447,4,0,9915,38604235
1627434369,2610,447,4,0,9915,38625682
1627434408,2610,447,4,0,9915,38651906
1627434454,2610,447,4,0,9915,38682416
1627434502,2610,447,4,0,9915,38715566
1627434551,2610,447,4,0,9915,38749235
1627434600,2610,447,4,0,9915,38783058
1627434647,2610,447,4,0,9915,38816715
1627434694,2610,447,4,0,9915,38850375
1627434736,2610,447,4,0,9915,38883525
1627434776,2610,447,4,0,9915,38916675
1627434813,2610,447,4,0,9915,38949315
1627434846,2610,447,4,0,9915,38978385
1627434849,2610,447,4,0,9915,38980425
1627434892,2610,447,4,0,9915,39016265
1627434949,2610,447,4,0,9915,39038885
1627434983,2610,447,4,0,9915,39061311
1627435024,2610,447,4,0,9915,39088332
1627435072,2610,447,4,0,9915,39119677
1627435122,2610,447,4,0,9915,39153030
1627435173,2610,447,4,0,9915,39187377
1627435224,2610,447,4,0,9915,39222037
1627435273,2610,447,4,0,9915,39256204
1627435320,2610,447,4,0,9915,39290374
1627435364,2610,447,4,0,9915,39324034
1627435404,2610,447,4,0,9915,39357694
1627435441,2610,447,4,0,9915,39390844
1627435474,2610,447,4,0,9915,39420424
1627435478,2610,447,4,0,9915,39422974
1627435520,2610,447,4,0,9915,39459326
1627435577,2610,447,4,0,9915,39481819
1627435610,2610,447,4,0,9915,39504270
1627435651,2610,447,4,0,9915,39531460
1627435698,2610,447,4,0,9915,39562570
1627435748,2610,447,4,0,9915,39596397
1627435797,2610,447,4,0,9915,39630767
1627435849,2610,447,4,0,9915,39665370
1627435898,2610,447,4,0,9915,39699540
1627435944,2610,447,4,0,9915,39733710
1627435989,2610,447,4,0,9915,39767370
1627436029,2611,447,4,0,9915,39801030
1627436067,2611,447,4,0,9915,39834180
1627436100,2611,447,4,0,9915,39863760
1627436104,2611,447,4,0,9915,39865800
1627436147,2611,447,4,0,9915,39902152
1627436205,2611,447,4,0,9915,39925316
1627436239,2611,447,4,0,9915,39947719
1627436281,2611,447,4,0,9915,39975265
1627436328,2611,447,4,0,9915,40006326
1627436376,2611,447,4,0,9915,40039627
1627436426,2611,447,4,0,9915,40074154
1627436478,2611,447,4,0,9915,40108807
1627436526,2611,447,4,0,9915,40142968
1627436573,2611,447,4,0,9915,40177138
1627436616,2611,447,4,0,9915,40210798
1627436656,2611,447,4,0,9915,40244458
1627436693,2611,447,4,0,9915,40277608
1627436727,2611,447,4,0,9915,40307188
1627436731,2611,447,4,0,9915,40309738
1627436774,2611,447,4,0,9915,40346090
1627436833,2611,447,4,0,9915,40370208
1627436867,2611,447,4,0,9915,40392373
1627436910,2611,447,4,0,9915,40420769
1627436957,2611,447,4,0,9915,40451619
1627437007,2611,447,4,0,9915,40484874
1627437057,2611,447,4,0,9915,40518451
1627437106,2611,447,4,0,9915,40552540
1627437154,2611,447,4,0,9915,40586197
1627437202,2611,447,4,0,9915,40619857
1627437244,2612,447,5,0,9915,40653007
1627437283,2612,447,5,0,9915,40686157
1627437320,2612,447,5,0,9915,40718797
1627437353,2612,447,5,0,9915,40747867
1627437356,2612,447,5,0,9915,40750417
1627437399,2613,447,5,0,9915,40786257
1627437456,2613,447,5,0,9915,40809636
1627437491,2613,447,5,0,9915,40833223
1627437534,2613,447,5,0,9915,40861206
1627437581,2613,447,5,0,9915,40892466
1627437631,2613,447,5,0,9915,40926175
1627437681,2613,447,5,0,9915,40960635
1627437731,2613,447,5,0,9915,40995184
1627437781,2613,447,5,0,9915,41029354
1627437827,2613,447,5,0,9915,41063524
1627437871,2613,447,5,0,9915,41097184
1627437910,2613,447,5,0,9915,41130844
1627437948,2613,447,5,0,9915,41163994
1627437982,2613,447,5,0,9915,41193574
1627437985,2613,447,5,0,9915,41195614
1627438028,2614,447,5,0,9915,41231966
1627438088,2614,447,5,0,9915,41256373
1627438122,2614,447,5,0,9915,41278959
1627438165,2614,447,5,0,9915,41306267
1627438213,2614,447,5,0,9915,41337489
1627438263,2614,447,5,0,9915,41371372
1627438312,2614,447,5,0,9915,41405615
1627438361,2614,447,5,0,9915,41440170
1627438411,2614,447,5,0,9915,41474337
1627438457,2615,447,6,0,9915,41508507
1627438499,2615,447,6,0,9915,41542167
1627438538,2615,447,6,0,9915,41575827
1627438576,2615,447,6,0,9915,41608977
1627438609,2615,447,6,0,9915,41638557
1627438613,2615,447,6,0,9915,41641107
1627438655,2615,447,6,0,9915,41677459
1627438712,2615,447,6,0,9915,41700437
1627438745,2615,447,6,0,9915,41721544
1627438786,2615,447,6,0,9915,41748700
1627438832,2615,447,6,0,9915,41779237
1627438880,2615,447,6,0,9915,41812117
1627438930,2615,447,6,0,9915,41845471
1627438978,2615,447,6,0,9915,41879129
1627439024,2615,447,6,0,9915,41912279
1627439070,2615,447,6,0,9915,41945429
1627439112,2615,447,6,0,9915,41978069
1627439151,2615,447,6,0,9915,42010709
1627439189,2615,447,6,0,9915,42043349
1627439222,2615,447,6,0,9915,42072419
1627439225,2615,447,6,0,9915,42074459
1627439267,2616,447,6,0,9915,42109787
1627439323,2616,447,6,0,9915,42132458
1627439357,2616,447,6,0,9915,42155391
1627439398,2616,447,6,0,9915,42182333
1627439443,2616,447,6,0,9915,42212774
1627439492,2616,447,6,0,9915,42245747
1627439541,2616,447,6,0,9915,42279840
1627439591,2616,447,6,0,9915,42313945
1627439641,2616,447,6,0,9915,42347600
1627439687,2617,447,6,0,9915,42381260
1627439731,2617,447,6,0,9915,42414410
1627439769,2617,447,6,0,9915,42447560
1627439807,2617,447,6,0,9915,42480710
1627439840,2617,447,6,0,9915,42510290
1627439844,2617,447,6,0,9915,42512840
1627439886,2618,447,6,0,9915,42548680
1627439942,2618,447,6,0,9915,42571115
1627439975,2619,447,7,0,9915,42592580
1627440016,2619,447,7,0,9915,42619763
1627440061,2619,447,7,0,9915,42649541
1627440110,2619,447,7,0,9915,42682510
1627440161,2619,447,7,0,9915,42716449
1627440211,2619,447,7,0,9915,42750587
1627440258,2619,447,7,0,9915,42784247
1627440304,2619,447,7,0,9915,42817907
1627440346,2619,447,7,0,9915,42851057
1627440384,2619,447,7,0,9915,42884207
1627440422,2619,447,7,0,9915,42917357
1627440456,2619,447,7,0,9915,42946937
1627440459,2619,447,7,0,9915,42949487
1627440502,2619,447,7,0,9915,42985327
1627440558,2619,447,7,0,9915,43007923
1627440590,2619,447,7,0,9915,43028513
1627440630,2619,447,7,0,9915,43055376
1627440676,2619,447,7,0,9915,43085854
1627440724,2619,447,7,0,9915,43118849
1627440774,2619,447,7,0,9915,43152556
1627440824,2619,447,7,0,9915,43186626
1627440873,2619,447,7,0,9915,43220286
1627440919,2619,447,7,0,9915,43253946
1627440963,2619,447,7,0,9915,43287096
1627441002,2619,447,7,0,9915,43320246
1627441041,2619,447,7,0,9915,43353396
1627441075,2619,447,7,0,9915,43382976
1627441078,2619,447,7,0,9915,43385526
1627441121,2620,447,7,0,9915,43421366
1627441177,2620,447,7,0,9915,43443678
1627441211,2620,447,7,0,9915,43466172
1627441253,2620,447,7,0,9915,43493892
1627441298,2620,447,7,0,9915,43524460
1627441347,2620,447,7,0,9915,43557409
1627441396,2620,447,7,0,9915,43590822
1627441445,2620,447,7,0,9915,43624370
1627441492,2620,447,7,0,9915,43657520
1627441538,2620,447,7,0,9915,43690670
1627441580,2620,447,7,0,9915,43723310
1627441619,2620,447,7,0,9915,43755950
1627441656,2620,447,7,0,9915,43788590
1627441689,2620,447,7,0,9915,43817660
1627441692,2620,447,7,0,9915,43820210
1627441735,2620,447,7,0,9915,43855538
1627441793,2620,447,7,0,9915,43878833
1627441827,2620,447,7,0,9915,43900939
1627441867,2620,447,7,0,9915,43927291
1627441914,2620,447,7,0,9915,43957516
1627441962,2620,447,7,0,9915,43989781
1627442012,2620,447,7,0,9915,44023337
1627442061,2620,447,7,0,9915,44056996
1627442108,2620,447,7,0,9915,44090146
1627442154,2620,447,7,0,9915,44123296
1627442195,2620,447,7,0,9915,44155936
1627442233,2620,447,7,0,9915,44188576
1627442270,2620,447,7,0,9915,44221216
1627442303,2620,447,7,0,9915,44250286
1627442306,2620,447,7,0,9915,44252836
1627442348,2620,447,7,0,9915,44288164
1627442406,2620,447,7,0,9915,44311703
1627442440,2620,447,7,0,9915,44334056
1627442481,2620,447,7,0,9915,44360719
1627442527,2620,447,7,0,9915,44390923
1627442578,2620,447,7,0,9915,44424063
1627442626,2620,447,7,0,9915,44457994
1627442678,2620,447,7,0,9915,44492157
1627442726,2620,447,7,0,9915,44525814
1627442772,2620,447,7,0,9915,44559474
1627442815,2620,447,7,0,9915,44592624
1627442854,2620,447,7,0,9915,44625774
1627442892,2620,447,7,0,9915,44658924
1627442926,2620,447,7,0,9915,44688504
1627442929,2620,447,7,0,9915,44691054
1627442972,2620,447,7,0,9915,44726894
1627443053,2620,447,7,0,9915,44750609
1627443087,2620,447,7,0,9915,44772825
1627443129,2620,447,7,0,9915,44800210
1627443175,2620,447,7,0,9915,44830935
1627443224,2620,447,7,0,9915,44863833
1627443271,2620,447,7,0,9915,44897227
1627443321,2620,447,7,0,9915,44930854
1627443368,2620,447,7,0,9915,44964004
1627443414,2620,447,7,0,9915,44997154
1627443456,2620,447,7,0,9915,45029794
1627443494,2620,447,7,0,9915,45062434
1627443532,2620,447,7,0,9915,45095074
1627443565,2620,447,7,0,9915,45124144
1627443569,2620,447,7,0,9915,45126694
1627443611,2620,447,7,0,9915,45162022
1627443668,2620,447,7,0,9915,45184664
1627443704,2620,447,7,0,9915,45207313
1627443745,2620,447,7,0,9915,45234203
1627443790,2620,447,7,0,9915,45263688
1627443840,2620,447,7,0,9915,45297066
1627443890,2620,447,7,0,9915,45330790
1627443940,2620,447,7,0,9915,45364677
1627443989,2620,447,7,0,9915,45398337
1627444035,2620,447,7,0,9915,45431997
1627444078,2620,447,7,0,9915,45465147
1627444118,2620,447,7,0,9915,45498297
1627444155,2620,447,7,0,9915,45531447
1627444189,2620,447,7,0,9915,45561027
1627444192,2620,447,7,0,9915,45563577
1627444234,2620,447,7,0,9915,45599417
1627444291,2620,447,7,0,9915,45621863
1627444325,2620,447,7,0,9915,45644138
1627444364,2620,447,7,0,9915,45670213
1627444410,2620,447,7,0,9915,45700573
1627444459,2620,447,7,0,9915,45733858
1627444508,2620,447,7,0,9915,45767676
1627444558,2620,447,7,0,9915,45801839
1627444607,2620,447,7,0,9915,45835499
1627444654,2620,447,7,0,9915,45869159
1627444697,2620,447,7,0,9915,45902309
1627444737,2620,447,7,0,9915,45935459
1627444775,2620,447,7,0,9915,45968609
1627444809,2620,447,7,0,9915,45998189
1627444812,2620,447,7,0,9915,46000739
1627444855,2622,448,7,0,9917,46036579
1627444898,2622,448,7,0,9917,46072419
1627444956,2622,448,7,0,9917,46095708
1627444989,2622,448,7,0,9917,46117814
1627445031,2622,448,7,0,9917,46145464
1627445076,2622,448,7,0,9917,46175794
1627445125,2622,448,7,0,9917,46209350
1627445175,2622,448,7,0,9917,46243588
1627445226,2622,448,7,0,9917,46278259
1627445275,2622,448,7,0,9917,46312429
1627445322,2622,448,7,0,9917,46346599
1627445365,2622,448,7,0,9917,46380259
1627445404,2622,448,7,0,9917,46413919
1627445441,2622,448,7,0,9917,46447579
1627445475,2623,448,8,0,9917,46477669
1627445479,2623,448,8,0,9917,46480219
1627445521,2624,448,8,0,9917,46516571
1627445578,2624,448,8,0,9917,46539097
1627445612,2624,448,8,0,9917,46561267
1627445652,2624,448,8,0,9917,46587794
1627445700,2624,448,8,0,9917,46618748
1627445748,2624,448,8,0,9917,46651995
1627445797,2624,448,8,0,9917,46685728
1627445847,2624,448,8,0,9917,46719596
1627445896,2624,448,8,0,9917,46753256
1627445942,2624,448,8,0,9917,46786916
1627445985,2624,448,8,0,9917,46820066
1627446025,2628,451,8,0,9936,46853216
1627446062,2628,451,8,0,9936,46886366
1627446096,2628,451,8,0,9936,46915946
1627446099,2628,451,8,0,9936,46918496
1627446141,2629,451,8,0,9936,46954336
1627446198,2629,451,8,0,9936,46977827
1627446232,2629,451,8,0,9936,47000495
1627446274,2629,451,8,0,9936,47028625
1627446321,2629,451,8,0,9936,47059569
1627446371,2629,451,8,0,9936,47093280
1627446421,2629,451,8,0,9936,47127679
1627446473,2629,451,8,0,9936,47162309
1627446523,2629,451,8,0,9936,47196479
1627446571,2631,451,8,0,9936,47230649
1627446613,2631,451,8,0,9936,47264309
1627446653,2631,451,8,0,9936,47297969
1627446691,2631,451,8,0,9936,47331629
1627446726,2631,451,8,0,9936,47361719
1627446729,2631,451,8,0,9936,47364269
1627446772,2632,452,8,0,9938,47400621
1627446816,2633,452,8,0,9938,47436973
1627446872,2633,452,8,0,9938,47459200
1627446906,2633,452,8,0,9938,47481896
1627446948,2633,452,8,0,9938,47509080
1627446995,2633,452,8,0,9938,47540352
1627447044,2633,452,8,0,9938,47573645
1627447093,2633,452,8,0,9938,47607578
1627447142,2633,452,8,0,9938,47641700
1627447190,2633,452,8,0,9938,47675360
1627447237,2633,452,8,0,9938,47709020
1627447279,2633,452,8,0,9938,47742170
1627447317,2633,452,8,0,9938,47775320
1627447355,2633,452,8,0,9938,47808470
1627447389,2633,452,8,0,9938,47838050
1627447392,2633,452,8,0,9938,47840600
1627447435,2635,452,8,0,9938,47876440
1627447491,2635,452,8,0,9938,47899211
1627447526,2635,452,8,0,9938,47921725
1627447568,2635,452,8,0,9938,47949542
1627447612,2635,452,8,0,9938,47978735
1627447660,2635,452,8,0,9938,48011102
1627447710,2635,452,8,0,9938,48044398
1627447759,2635,452,8,0,9938,48077764
1627447808,2635,452,8,0,9938,48110913
1627447855,2635,452,8,0,9938,48144063
1627447897,2635,452,8,0,9938,48176703
1627447934,2635,452,8,0,9938,48209343
1627447970,2635,452,8,0,9938,48241983
1627448003,2635,452,8,0,9938,48271053
1627448007,2635,452,8,0,9938,48273603
1627448048,2635,452,8,0,9938,48308931
1627448105,2635,452,8,0,9938,48331601
1627448140,2635,452,8,0,9938,48354913
1627448181,2635,452,8,0,9938,48382244
1627448227,2635,452,8,0,9938,48412549
1627448275,2635,452,8,0,9938,48445596
1627448326,2635,452,8,0,9938,48479513
1627448375,2635,452,8,0,9938,48513513
1627448423,2635,452,8,0,9938,48547173
1627448470,2635,452,8,0,9938,48580833
1627448511,2635,452,8,0,9938,48613983
1627448550,2636,452,8,0,9938,48647133
1627448588,2636,452,8,0,9938,48680283
1627448622,2636,452,8,0,9938,48709863
1627448625,2636,452,8,0,9938,48711903
1627448667,2636,452,8,0,9938,48747743
1627448725,2636,452,8,0,9938,48770941
1627448760,2636,452,8,0,9938,48793311
1627448804,2636,452,8,0,9938,48822234
1627448851,2636,452,8,0,9938,48852863
1627448900,2636,452,8,0,9938,48885521
1627448949,2636,452,8,0,9938,48918923
1627448997,2636,452,8,0,9938,48952417
1627449045,2636,452,8,0,9938,48985566
1627449091,2636,452,8,0,9938,49018716
1627449132,2636,452,8,0,9938,49051356
1627449171,2636,452,8,0,9938,49083996
1627449207,2636,452,8,0,9938,49116636
1627449241,2636,452,8,0,9938,49145706
1627449244,2636,452,8,0,9938,49148256
1627449286,2637,452,8,0,9938,49183584
1627449343,2637,452,8,0,9938,49206907
1627449377,2637,452,8,0,9938,49228735
1627449418,2637,452,8,0,9938,49255981
1627449466,2637,452,8,0,9938,49287156
1627449515,2637,452,8,0,9938,49320137
1627449564,2637,452,8,0,9938,49353640
1627449614,2637,452,8,0,9938,49387267
1627449662,2637,452,8,0,9938,49420416
1627449708,2637,452,8,0,9938,49453566
1627449750,2637,452,8,0,9938,49486206
1627449789,2637,452,8,0,9938,49518846
1627449826,2637,452,8,0,9938,49551486
1627449859,2637,452,8,0,9938,49580556
1627449863,2637,452,8,0,9938,49583106
1627449905,2637,452,8,0,9938,49618434
1627449962,2637,452,8,0,9938,49641760
1627449995,2637,452,8,0,9938,49663652
1627450036,2637,452,8,0,9938,49690356
1627450082,2637,452,8,0,9938,49721108
1627450130,2637,452,8,0,9938,49753675
1627450181,2637,452,8,0,9938,49787567
1627450230,2637,452,8,0,9938,49821465
1627450279,2637,452,8,0,9938,49855117
1627450326,2638,452,8,0,9938,49888777
1627450369,2638,452,8,0,9938,49921927
1627450408,2638,452,8,0,9938,49955077
1627450446,2638,452,8,0,9938,49988227
1627450480,2638,452,8,0,9938,50017807
1627450483,2638,452,8,0,9938,50020357
1627450526,2639,452,8,0,9938,50056197
1627450584,2639,452,8,0,9938,50079485
1627450618,2639,452,8,0,9938,50101816
1627450661,2639,452,8,0,9938,50129390
1627450708,2639,452,8,0,9938,50160208
1627450756,2639,452,8,0,9938,50192830
1627450806,2639,452,8,0,9938,50226370
1627450854,2639,452,8,0,9938,50259708
1627450901,2639,452,8,0,9938,50292857
1627450947,2639,452,8,0,9938,50326007
1627450989,2639,452,8,0,9938,50358647
1627451028,2639,452,8,0,9938,50391287
1627451065,2639,452,8,0,9938,50423927
1627451098,2639,452,8,0,9938,50452997
1627451102,2639,452,8,0,9938,50455547
1627451143,2640,452,8,0,9938,50490875
1627451202,2640,452,8,0,9938,50514249
1627451235,2640,452,8,0,9938,50535975
1627451274,2640,452,8,0,9938,50562458
1627451320,2641,452,8,0,9938,50593209
1627451368,2641,452,8,0,9938,50625703
1627451417,2641,452,8,0,9938,50659095
1627451466,2641,452,8,0,9938,50692691
1627451514,2641,452,8,0,9938,50725841
1627451560,2641,452,8,0,9938,50758991
1627451602,2641,452,8,0,9938,50791631
1627451642,2641,452,8,0,9938,50824271
1627451679,2641,452,8,0,9938,50856911
1627451712,2641,452,8,0,9938,50885981
1627451715,2641,452,8,0,9938,50888021
1627451756,2641,452,8,0,9938,50923349
1627451813,2641,452,8,0,9938,50946375
1627451846,2641,452,8,0,9938,50968767
1627451886,2641,452,8,0,9938,50995484
1627451932,2641,452,8,0,9938,51025875
1627451980,2641,452,8,0,9938,51058459
1627452028,2641,452,8,0,9938,51091666
1627452077,2641,452,8,0,9938,51125175
1627452124,2641,452,8,0,9938,51158322
1627452169,2641,452,8,0,9938,51191471
1627452211,2641,452,8,0,9938,51224111
1627452250,2641,452,8,0,9938,51256751
1627452288,2641,452,8,0,9938,51289391
1627452321,2641,452,8,0,9938,51318461
1627452324,2641,452,8,0,9938,51320501
1627452366,2642,452,8,0,9938,51355829
1627452422,2642,452,8,0,9938,51378378
1627452455,2642,452,8,0,9938,51400072
1627452494,2642,452,8,0,9938,51425625
1627452537,2642,452,8,0,9938,51454557
1627452584,2642,452,8,0,9938,51486571
1627452633,2642,452,8,0,9938,51519500
1627452683,2642,452,8,0,9938,51552548
1627452731,2642,452,8,0,9938,51585156
1627452775,2642,452,8,0,9938,51617796
1627452816,2642,452,8,0,9938,51649926
1627452853,2642,452,8,0,9938,51682056
1627452889,2642,452,8,0,9938,51714186
1627452922,2642,452,8,0,9938,51742746
1627452925,2642,452,8,0,9938,51745296
1627452966,2642,452,8,0,9938,51780112
1627453022,2642,452,8,0,9938,51802238
1627453054,2642,452,8,0,9938,51823881
1627453096,2642,452,8,0,9938,51851337
1627453141,2642,452,8,0,9938,51881025
1627453189,2642,452,8,0,9938,51913327
1627453238,2642,452,8,0,9938,51946102
1627453286,2642,452,8,0,9938,51979216
1627453333,2642,452,8,0,9938,52011855
1627453378,2642,452,8,0,9938,52044495
1627453419,2642,452,8,0,9938,52076625
1627453457,2642,452,8,0,9938,52108755
1627453493,2642,452,8,0,9938,52140885
1627453526,2642,452,8,0,9938,52169445
1627453530,2642,452,8,0,9938,52171995
1627453572,2643,453,8,0,9944,52206811
1627453613,2644,453,8,0,9944,52241627
1627453669,2644,453,8,0,9944,52264047
1627453704,2644,453,8,0,9944,52286842
1627453744,2644,453,8,0,9944,52313833
1627453789,2644,453,8,0,9944,52344164
1627453838,2644,453,8,0,9944,52377429
1627453888,2644,453,8,0,9944,52411358
1627453937,2644,453,8,0,9944,52445474
1627453986,2644,453,8,0,9944,52479134
1627454032,2644,453,8,0,9944,52512794
1627454074,2644,453,8,0,9944,52545944
1627454114,2644,453,8,0,9944,52579094
1627454152,2644,453,8,0,9944,52612244
1627454186,2644,453,8,0,9944,52641824
1627454189,2644,453,8,0,9944,52643864
1627454231,2644,453,8,0,9944,52679704
1627454288,2644,453,8,0,9944,52702352
1627454320,2644,453,8,0,9944,52723866
1627454363,2644,453,8,0,9944,52751803
1627454409,2644,453,8,0,9944,52782125
1627454458,2644,453,8,0,9944,52815120
1627454510,2644,453,8,0,9944,52848961
1627454561,2644,453,8,0,9944,52883101
1627454609,2644,453,8,0,9944,52916760
1627454655,2644,453,8,0,9944,52950420
1627454698,2644,453,8,0,9944,52983570
1627454737,2644,453,8,0,9944,53016720
1627454774,2644,453,8,0,9944,53049870
1627454808,2644,453,8,0,9944,53079450
1627454811,2644,453,8,0,9944,53082000
1627454853,2644,453,8,0,9944,53117840
1627454911,2644,453,8,0,9944,53141056
1627454942,2644,453,8,0,9944,53162230
1627454985,2644,453,8,0,9944,53190161
1627455031,2644,453,8,0,9944,53220580
1627455080,2644,453,8,0,9944,53253799
1627455130,2644,453,8,0,9944,53287854
1627455180,2644,453,8,0,9944,53322005
1627455229,2644,453,8,0,9944,53355664
1627455275,2644,453,8,0,9944,53389324
1627455317,2644,453,8,0,9944,53422474
1627455357,2644,453,8,0,9944,53455624
1627455394,2644,453,8,0,9944,53488774
1627455428,2644,453,8,0,9944,53518354
1627455431,2644,453,8,0,9944,53520904
1627455474,2645,453,8,0,9944,53556744
1627455530,2645,453,8,0,9944,53578400
1627455562,2645,453,8,0,9944,53599629
1627455603,2645,453,8,0,9944,53626715
1627455649,2645,453,8,0,9944,53656731
1627455697,2645,453,8,0,9944,53689627
1627455746,2645,453,8,0,9944,53722685
1627455794,2645,453,8,0,9944,53756329
1627455841,2645,453,8,0,9944,53789479
1627455886,2645,453,8,0,9944,53822629
1627455928,2646,454,8,0,9945,53855269
1627455967,2646,454,8,0,9945,53887909
1627456004,2646,454,8,0,9945,53920549
1627456037,2646,454,8,0,9945,53949619
1627456040,2646,454,8,0,9945,53951659
1627456081,2647,454,8,0,9945,53986987
1627456138,2647,454,8,0,9945,54009120
1627456171,2647,454,8,0,9945,54031269
1627456213,2647,454,8,0,9945,54059403
1627456259,2647,454,8,0,9945,54089667
1627456310,2647,454,8,0,9945,54122881
1627456360,2647,454,8,0,9945,54156696
1627456410,2647,454,8,0,9945,54190791
1627456458,2647,454,8,0,9945,54224451
1627456504,2647,454,8,0,9945,54258111
1627456548,2647,454,8,0,9945,54291261
1627456587,2647,454,8,0,9945,54324411
1627456625,2647,454,8,0,9945,54357561
1627456659,2647,454,8,0,9945,54387141
1627456662,2647,454,8,0,9945,54389181
1627456704,2647,454,8,0,9945,54425021
1627456781,2647,454,8,0,9945,54446984
1627456812,2647,454,8,0,9945,54468004
1627456853,2647,454,8,0,9945,54494661
1627456898,2647,454,8,0,9945,54524683
1627456947,2647,454,8,0,9945,54557809
1627456997,2647,454,8,0,9945,54591618
1627457046,2647,454,8,0,9945,54625461
1627457095,2647,454,8,0,9945,54659121
1627457141,2647,454,8,0,9945,54692781
1627457184,2647,454,8,0,9945,54725931
1627457223,2647,454,8,0,9945,54759081
1627457261,2647,454,8,0,9945,54792231
1627457295,2647,454,8,0,9945,54821811
1627457298,2647,454,8,0,9945,54824361
1627457341,2649,454,8,0,9945,54860201
1627457398,2649,454,8,0,9945,54882763
1627457429,2649,454,8,0,9945,54903295
1627457468,2649,454,8,0,9945,54929373
1627457513,2649,454,8,0,9945,54958879
1627457562,2649,454,8,0,9945,54991918
1627457612,2650,454,9,0,9945,55025867
1627457661,2650,454,9,0,9945,55059959
1627457710,2650,454,9,0,9945,55093618
1627457754,2650,454,9,0,9945,55127278
1627457796,2650,454,9,0,9945,55160428
1627457835,2650,454,9,0,9945,55193578
1627457872,2650,454,9,0,9945,55226728
1627457906,2650,454,9,0,9945,55256308
1627457909,2651,454,9,0,9945,55258348
1627457951,2651,454,9,0,9945,55294188
1627458008,2651,454,9,0,9945,55316951
1627458041,2651,454,9,0,9945,55338803
1627458079,2652,454,10,0,9945,55364573
1627458125,2652,454,10,0,9945,55394759
1627458172,2652,454,10,0,9945,55426797
1627458221,2652,454,10,0,9945,55460169
1627458270,2652,454,10,0,9945,55493738
1627458319,2652,454,10,0,9945,55526871
1627458364,2652,454,10,0,9945,55560021
1627458407,2652,454,10,0,9945,55592661
1627458446,2653,455,10,0,9948,55625301
1627458483,2653,455,10,0,9948,55657941
1627458516,2653,455,10,0,9948,55687011
1627458519,2653,455,10,0,9948,55689051
1627458560,2653,455,10,0,9948,55724379
1627458616,2653,455,10,0,9948,55746353
1627458648,2653,455,10,0,9948,55767796
1627458690,2653,455,10,0,9948,55795115
1627458733,2653,455,10,0,9948,55824557
1627458782,2653,455,10,0,9948,55857763
1627458832,2653,455,10,0,9948,55891602
1627458882,2653,455,10,0,9948,55925514
1627458930,2653,455,10,0,9948,55959173
1627458974,2653,455,10,0,9948,55992831
1627459016,2653,455,10,0,9948,56025981
1627459055,2653,455,10,0,9948,56059131
1627459092,2653,455,10,0,9948,56092281
1627459126,2653,455,10,0,9948,56121861
1627459129,2653,455,10,0,9948,56124411
1627459171,2655,455,10,0,9948,56160251
1627459227,2655,455,10,0,9948,56181988
1627459259,2655,455,10,0,9948,56203494
1627459300,2655,455,10,0,9948,56230699
1627459346,2655,455,10,0,9948,56260596
1627459395,2655,455,10,0,9948,56293618
1627459445,2655,455,10,0,9948,56327365
1627459496,2655,455,10,0,9948,56361419
1627459544,2655,455,10,0,9948,56395079
1627459590,2655,455,10,0,9948,56428739
1627459634,2656,455,10,0,9948,56461889
1627459674,2656,455,10,0,9948,56495039
1627459711,2657,455,10,0,9948,56528189
1627459744,2657,455,10,0,9948,56557769
1627459748,2657,455,10,0,9948,56560319
1627459790,2658,455,10,0,9948,56596159
1627459844,2658,455,10,0,9948,56617757
1627459875,2658,455,10,0,9948,56638472
1627459916,2658,455,10,0,9948,56665082
1627459960,2658,455,10,0,9948,56694866
1627460009,2658,455,10,0,9948,56727558
1627460057,2658,455,10,0,9948,56760822
1627460107,2658,455,10,0,9948,56794459
1627460155,2658,455,10,0,9948,56827609
1627460199,2658,455,10,0,9948,56860759
1627460241,2658,455,10,0,9948,56893399
1627460280,2658,455,10,0,9948,56926039
1627460317,2658,455,10,0,9948,56958679
1627460350,2658,455,10,0,9948,56987749
1627460353,2658,455,10,0,9948,56989789
1627460396,2659,456,10,0,9949,57025117
1627460438,2660,456,10,0,9949,57060445
1627460495,2660,456,10,0,9949,57082864
1627460528,2660,456,10,0,9949,57104787
1627460570,2660,456,10,0,9949,57131953
1627460616,2660,456,10,0,9949,57162332
1627460666,2660,456,10,0,9949,57195524
1627460715,2660,456,10,0,9949,57229174
1627460765,2660,456,10,0,9949,57263312
1627460813,2660,456,10,0,9949,57296972
1627460858,2660,456,10,0,9949,57330632
1627460901,2660,456,10,0,9949,57363782
1627460941,2660,456,10,0,9949,57396932
1627460978,2660,456,10,0,9949,57430082
1627461012,2660,456,10,0,9949,57459662
1627461016,2660,456,10,0,9949,57462212
1627461058,2660,456,10,0,9949,57498052
1627461114,2660,456,10,0,9949,57519696
1627461149,2660,456,10,0,9949,57542770
1627461190,2660,456,10,0,9949,57570088
1627461235,2660,456,10,0,9949,57599536
1627461286,2660,456,10,0,9949,57632944
1627461336,2660,456,10,0,9949,57666828
1627461386,2660,456,10,0,9949,57700977
1627461435,2660,456,10,0,9949,57734637
1627461481,2660,456,10,0,9949,57768297
1627461525,2660,456,10,0,9949,57801447
1627461565,2660,456,10,0,9949,57834597
1627461603,2660,456,10,0,9949,57867747
1627461637,2660,456,10,0,9949,57897327
1627461640,2660,456,10,0,9949,57899877
1627461683,2661,456,10,0,9949,57935717
1627461737,2661,456,10,0,9949,57957112
1627461769,2661,456,10,0,9949,57978200
1627461808,2661,456,10,0,9949,58004697
1627461853,2661,456,10,0,9949,58034848
1627461903,2661,456,10,0,9949,58067778
1627461951,2661,456,10,0,9949,58100782
1627462000,2661,456,10,0,9949,58134324
1627462048,2661,456,10,0,9949,58167474
1627462093,2661,456,10,0,9949,58200624
1627462136,2661,456,10,0,9949,58233264
1627462175,2661,456,10,0,9949,58265904
1627462212,2661,456,10,0,9949,58298544
1627462245,2661,456,10,0,9949,58327614
1627462249,2661,456,10,0,9949,58330164
1627462291,2661,456,10,0,9949,58365492
1627462348,2661,456,10,0,9949,58388339
1627462383,2661,456,10,0,9949,58411112
1627462424,2661,456,10,0,9949,58437710
1627462470,2661,456,10,0,9949,58467544
1627462519,2661,456,10,0,9949,58500530
1627462570,2661,456,10,0,9949,58534290
1627462620,2661,456,10,0,9949,58568399
1627462669,2661,456,10,0,9949,58602059
1627462714,2661,456,10,0,9949,58635719
1627462758,2661,456,10,0,9949,58668869
1627462796,2661,456,10,0,9949,58702019
1627462833,2661,456,10,0,9949,58735169
1627462867,2661,456,10,0,9949,58764749
1627462870,2661,456,10,0,9949,58767299
1627462912,2663,457,10,0,9951,58803139
1627462955,2665,457,10,0,9951,58838979
1627463011,2665,457,10,0,9951,58861353
1627463044,2665,457,10,0,9951,58883214
1627463086,2665,457,10,0,9951,58910579
1627463131,2665,457,10,0,9951,58940792
1627463181,2665,457,10,0,9951,58973916
1627463231,2665,457,10,0,9951,59007695
1627463281,2665,457,10,0,9951,59041792
1627463330,2665,457,10,0,9951,59075452
1627463376,2665,457,10,0,9951,59109112
1627463420,2665,457,10,0,9951,59142262
1627463459,2665,457,10,0,9951,59175412
1627463497,2665,457,10,0,9951,59208562
1627463531,2665,457,10,0,9951,59238142
1627463534,2665,457,10,0,9951,59240692
1627463577,2666,457,10,0,9951,59276532
1627463631,2666,457,10,0,9951,59297467
1627463665,2666,457,10,0,9951,59319564
1627463705,2666,457,10,0,9951,59346627
1627463750,2666,457,10,0,9951,59376369
1627463798,2666,457,10,0,9951,59408791
1627463846,2666,457,10,0,9951,59442038
1627463895,2666,457,10,0,9951,59475576
1627463943,2666,457,10,0,9951,59508725
1627463988,2666,457,10,0,9951,59541875
1627464029,2666,457,10,0,9951,59574515
1627464068,2666,457,10,0,9951,59607155
1627464105,2666,457,10,0,9951,59639795
1627464138,2666,457,10,0,9951,59668865
1627464140,2666,457,10,0,9951,59670905
1627464182,2666,457,10,0,9951,59706233
1627464236,2666,457,10,0,9951,59727274
1627464271,2666,457,10,0,9951,59750103
1627464312,2666,457,10,0,9951,59776933
1627464357,2666,457,10,0,9951,59806638
1627464405,2666,457,10,0,9951,59839178
1627464454,2666,457,10,0,9951,59872330
1627464503,2666,457,10,0,9951,59905716
1627464550,2666,457,10,0,9951,59938834
1627464596,2666,457,10,0,9951,59971984
1627464637,2666,457,10,0,9951,60004624
1627464675,2666,457,10,0,9951,60037264
1627464712,2666,457,10,0,9951,60069904
1627464745,2666,457,10,0,9951,60098974
1627464748,2666,457,10,0,9951,60101014
1627464789,2666,457,10,0,9951,60136342
1627464845,2666,457,10,0,9951,60159159
1627464876,2666,457,10,0,9951,60180311
1627464917,2666,457,10,0,9951,60207485
1627464963,2666,457,10,0,9951,60237699
1627465011,2666,457,10,0,9951,60270140
1627465061,2666,457,10,0,9951,60303483
1627465109,2666,457,10,0,9951,60336859
1627465157,2666,457,10,0,9951,60370008
1627465202,2666,457,10,0,9951,60403158
1627465244,2666,457,10,0,9951,60435798
1627465282,2666,457,10,0,9951,60468438
1627465319,2666,457,10,0,9951,60501078
1627465352,2666,457,10,0,9951,60530148
1627465356,2666,457,10,0,9951,60532698
1627465398,2666,457,10,0,9951,60568026
1627465455,2666,457,10,0,9951,60590265
1627465489,2666,457,10,0,9951,60612147
1627465530,2666,457,10,0,9951,60638740
1627465573,2666,457,10,0,9951,60667370
1627465621,2666,457,10,0,9951,60699776
1627465669,2666,457,10,0,9951,60733147
1627465717,2666,457,10,0,9951,60766750
1627465764,2666,457,10,0,9951,60799870
1627465808,2666,457,10,0,9951,60833020
1627465849,2666,457,10,0,9951,60865660
1627465888,2666,457,10,0,9951,60898300
1627465925,2666,457,10,0,9951,60930940
1627465958,2666,457,10,0,9951,60960010
1627465961,2666,457,10,0,9951,60962560
1627466003,2666,457,10,0,9951,60997888
1627466061,2666,457,10,0,9951,61021226
1627466094,2666,457,10,0,9951,61043378
1627466135,2666,457,10,0,9951,61070106
