1627737045,49,39,0,0,7638,50
1627737084,416,231,0,0,8906,11983
1627737103,571,285,0,0,9099,23465
1627737126,772,344,0,0,9246,36572
1627737152,918,399,0,0,9370,51545
1627737180,1072,426,0,0,9455,67572
1627737209,1195,450,0,0,9561,84578
1627737236,1276,467,0,0,9611,100334
1627737258,1341,485,0,0,9704,113190
1627737273,1383,492,0,0,9717,121726
1627737283,1419,494,0,0,9722,127386
1627737289,1425,496,0,0,9724,131187
1627737295,1447,501,0,0,9781,134528
1627737298,1453,502,0,0,9782,136370
1627737299,1457,502,0,0,9782,136784
1627737333,1985,639,0,0,10266,157264
1627737367,2179,681,0,0,10444,177744
1627737402,2302,706,0,0,10502,198224
1627737436,2389,722,0,0,10540,218704
1627737471,2473,734,0,0,10573,239184
1627737505,2540,743,0,0,10607,259664
1627737539,2584,750,0,0,10653,280144
1627737574,2628,753,0,0,10663,300624
1627737920,2703,784,0,0,10754,425481
1627738154,2742,797,1,0,10802,556407
1627738429,2792,805,1,0,10825,712952
1627738727,2842,816,1,0,10874,885086
1627739033,2897,825,1,0,10898,1064567
1627739347,2929,840,1,0,10927,1249710
1627739656,2946,844,1,0,10938,1432907
1627739943,2957,846,1,0,10943,1603404
1627740164,2969,849,1,0,10957,1734449
1627740294,2985,850,1,0,10958,1810914
1627740378,2990,850,1,0,10958,1860345
1627740440,2993,850,1,0,10958,1896281
1627740492,2997,851,1,0,10959,1926255
1627740509,2997,851,1,0,10959,1935702
1627740857,3346,887,1,0,11097,2143062
1627741207,3505,919,1,0,11268,2350422
1627741557,3625,941,1,0,11520,2557782
1627741907,3717,951,1,0,11567,2765142
1627742258,3773,966,1,0,11629,2972502
1627742607,3832,973,1,0,11654,3179862
1627742989,3855,977,1,0,11662,3320385
1627743249,3885,989,1,0,11727,3463922
1627743549,3918,991,1,0,11732,3634375
1627743874,3942,1003,1,0,11755,3823243
1627744208,3952,1003,1,0,11755,4019505
1627744546,3967,1004,1,0,11757,4219991
1627744886,3968,1004,1,0,11757,4421311
1627745208,3972,1004,1,0,11757,4612712
1627745472,3973,1005,1,0,11758,4769198
1627745641,3978,1006,1,0,11759,4868475
1627745736,3982,1006,1,0,11759,4924267
1627745804,3986,1006,1,0,11759,4963414
1627745863,3992,1006,2,0,11759,4997374
1627745882,3993,1006,2,0,11759,5008145
1627746269,4169,1021,6,0,11815,5234449
1627746653,4242,1032,6,0,11837,5460753
1627747038,4307,1034,6,0,11843,5687057
1627747422,4353,1038,6,0,11849,5913361
1627747806,4410,1043,6,0,11860,6139665
1627748213,4425,1048,6,0,11873,6285991
1627748487,4433,1049,6,0,11875,6434411
1627748808,4445,1050,6,0,11876,6614195
1627749145,4459,1050,6,0,11876,6806666
1627749489,4475,1050,6,0,11876,7007161
1627749837,4488,1052,6,0,11879,7212970
1627750185,4490,1052,6,0,11879,7419731
1627750522,4494,1052,6,0,11879,7620214
1627750810,4495,1052,6,0,11879,7791724
1627751010,4495,1052,6,0,11879,7909598
1627751127,4498,1052,6,0,11879,7977515
1627751202,4498,1052,6,0,11879,8021144
1627751265,4500,1052,6,0,11879,8058020
1627751284,4500,1052,6,0,11879,8068397
1627751683,4620,1062,6,0,11984,8299309
1627752086,4712,1072,7,0,12020,8530221
1627752488,4755,1079,7,0,12053,8761133
1627752888,4806,1089,7,0,12080,8992045
1627753319,4810,1090,7,0,12081,9148686
1627753609,4819,1090,7,0,12081,9309448
1627753939,4825,1091,7,0,12086,9496446
1627754296,4835,1091,7,0,12086,9702939
1627754664,4842,1091,7,0,12086,9917678
1627755035,4850,1091,7,0,12086,10137816
1627755406,4857,1091,7,0,12086,10358118
1627755767,4863,1092,7,0,12094,10573173
1627756084,4865,1092,7,0,12094,10761454
1627756305,4866,1092,7,0,12094,10891544
1627756438,4867,1092,7,0,12094,10968254
1627756514,4867,1092,7,0,12094,11012949
1627756583,4867,1092,7,0,12094,11051981
1627756605,4868,1092,7,0,12094,11063792
1627757032,4952,1099,7,0,12111,11310576
1627757460,5008,1109,7,0,12139,11557360
1627757888,5047,1115,7,0,12166,11804144
1627758317,5077,1119,7,0,12176,12050928
1627758745,5078,1119,7,0,12176,12203830
1627759034,5079,1119,7,0,12176,12361960
1627759370,5083,1121,7,0,12183,12552291
1627759728,5086,1121,7,0,12183,12758436
1627760094,5094,1123,7,0,12201,12972728
1627760465,5096,1123,7,0,12201,13192484
1627760838,5098,1124,7,0,12203,13413985
1627761201,5101,1124,7,0,12203,13630800
1627761522,5102,1124,7,0,12203,13821745
1627761749,5103,1124,7,0,12203,13955369
1627761886,5103,1124,7,0,12203,14035493
1627761967,5104,1124,7,0,12203,14082749
1627762037,5106,1126,7,0,12206,14122468
1627762058,5106,1126,7,0,12206,14133766
1627762488,5150,1130,7,0,12222,14380038
1627762918,5188,1136,7,0,12234,14626310
1627763349,5215,1137,7,0,12238,14872582
1627763770,5216,1137,7,0,12238,15027209
1627764056,5234,1142,7,0,12261,15183951
1627764392,5240,1143,7,0,12263,15371978
1627764748,5243,1144,7,0,12264,15578076
1627765111,5252,1144,7,0,12264,15790344
1627765481,5256,1144,7,0,12264,16009274
1627765851,5261,1144,7,0,12264,16228709
1627766213,5263,1144,7,0,12264,16444216
1627766533,5264,1144,7,0,12264,16634312
1627766763,5265,1144,8,0,12264,16770197
1627766912,5266,1144,8,0,12264,16857179
1627766994,5274,1144,8,0,12264,16904961
1627767064,5274,1144,8,0,12264,16945176
1627767085,5278,1145,8,0,12268,16956478
1627767512,5329,1149,8,0,12275,17201726
1627767939,5348,1152,8,0,12286,17446974
1627768369,5367,1153,8,0,12288,17692222
1627768803,5368,1153,8,0,12288,17847079
1627769093,5369,1153,8,0,12288,18004820
1627769425,5371,1153,8,0,12288,18192222
1627769777,5377,1157,8,0,12294,18397181
1627770143,5391,1157,8,0,12294,18611252
1627770513,5393,1157,8,0,12294,18830197
1627770883,5394,1157,8,0,12294,19050562
1627771246,5395,1157,8,0,12294,19266510
1627771570,5395,1157,8,0,12294,19458768
1627771810,5397,1159,8,0,12300,19601184
1627771968,5397,1159,8,0,12300,19693326
1627772051,5397,1159,8,0,12300,19741653
1627772118,5398,1159,8,0,12300,19780010
1627772138,5398,1159,8,0,12300,19791232
1627772566,5445,1161,8,0,12305,20037504
1627772991,5478,1163,8,0,12311,20283776
1627773418,5502,1164,8,0,12315,20530048
1627773842,5503,1164,8,0,12315,20683640
1627774131,5506,1164,8,0,12315,20842181
1627774462,5506,1164,8,0,12315,21028007
1627774813,5506,1164,8,0,12315,21230970
1627775177,5506,1164,8,0,12315,21443918
1627775546,5507,1164,8,0,12315,21661949
1627775914,5507,1164,8,0,12315,21880767
1627776276,5507,1164,8,0,12315,22095857
1627776602,5507,1164,8,0,12315,22288876
1627776840,5508,1164,8,0,12315,22431431
1627776995,5509,1164,8,0,12315,22523187
1627777083,5510,1164,8,0,12315,22573984
1627777152,5511,1164,8,0,12315,22613288
1627777172,5511,1164,8,0,12315,22624517
1627777599,5552,1167,8,0,12334,22869765
1627778025,5581,1168,8,0,12335,23115013
1627778452,5605,1171,8,0,12352,23360261
1627778873,5607,1171,8,0,12352,23512064
1627779153,5608,1171,8,0,12352,23664136
1627779475,5609,1172,8,0,12353,23845500
1627779824,5611,1172,8,0,12353,24045921
1627780182,5611,1172,8,0,12353,24254818
1627780549,5613,1172,8,0,12353,24470172
1627780913,5613,1172,8,0,12353,24686441
1627781271,5614,1172,8,0,12353,24899262
1627781593,5614,1172,8,0,12353,25090874
1627781836,5614,1172,8,0,12353,25234781
1627781987,5614,1172,8,0,12353,25323547
1627782074,5615,1172,8,0,12353,25375478
1627782140,5615,1172,8,0,12353,25413869
1627782161,5615,1172,8,0,12353,25425659
1627782580,5646,1172,8,0,12353,25666811
1627783007,5646,1172,8,0,12353,25822275
1627783304,5646,1172,8,0,12353,25982514
1627783639,5646,1172,8,0,12353,26170315
1627783993,5646,1172,8,0,12353,26375294
1627784354,5646,1172,8,0,12353,26586766
1627784724,5662,1172,8,0,12353,26804633
1627785096,5663,1172,8,0,12353,27024576
1627785458,5663,1172,8,0,12353,27240372
1627785783,5663,1172,8,0,12353,27434084
1627786028,5663,1172,8,0,12353,27580256
1627786178,5663,1172,8,0,12353,27670441
1627786270,5663,1172,8,0,12353,27724232
1627786339,5664,1172,8,0,12353,27763164
1627786362,5664,1172,8,0,12353,27775478
1627786789,5689,1175,8,0,12360,28020214
1627787215,5709,1178,8,0,12368,28264950
1627787642,5740,1182,8,0,12378,28509686
1627788078,5740,1182,8,0,12378,28665803
1627788371,5742,1182,8,0,12378,28825180
1627788707,5743,1182,8,0,12378,29013989
1627789065,5743,1182,8,0,12378,29220168
1627789430,5744,1182,8,0,12378,29432736
1627789804,5744,1182,8,0,12378,29652628
1627790174,5744,1182,8,0,12378,29874663
1627790540,5744,1182,8,0,12378,30092753
1627790869,5744,1182,8,0,12378,30288725
1627791123,5745,1182,8,0,12378,30439097
1627791284,5745,1182,8,0,12378,30533554
1627791376,5745,1182,8,0,12378,30587330
1627791444,5745,1182,8,0,12378,30626248
1627791469,5746,1182,8,0,12378,30639391
1627791900,5778,1184,8,0,12399,30886175
1627792333,5814,1188,8,0,12414,31132959
1627792763,5842,1191,8,0,12427,31379743
1627793183,5844,1191,8,0,12427,31530545
1627793469,5848,1191,8,0,12427,31684754
1627793798,5848,1191,8,0,12427,31868486
1627794142,5851,1192,8,0,12445,32067784
1627794501,5852,1192,8,0,12445,32277324
1627794866,5855,1194,8,0,12450,32491877
1627795230,5855,1194,8,0,12450,32708243
1627795588,5856,1194,8,0,12450,32920958
1627795908,5856,1194,8,0,12450,33111311
1627796154,5858,1194,8,0,12450,33256839
1627796310,5858,1194,8,0,12450,33348268
1627796402,5860,1194,8,0,12450,33401739
1627796465,5860,1194,8,0,12450,33438137
1627796490,5860,1194,8,0,12450,33451157
1627796910,5886,1194,8,0,12450,33692309
1627797327,5886,1194,8,0,12450,33842125
1627797617,5886,1194,8,0,12450,33997407
1627797946,5887,1194,8,0,12450,34179918
1627798296,5888,1194,8,0,12450,34380079
1627798656,5890,1194,8,0,12450,34589401
1627799023,5890,1194,8,0,12450,34804021
1627799388,5894,1194,8,0,12450,35020729
1627799745,5894,1194,8,0,12450,35233995
1627800068,5894,1194,8,0,12450,35425395
1627800315,5895,1194,8,0,12450,35572076
1627800473,5895,1194,8,0,12450,35664358
1627800565,5895,1194,8,0,12450,35718253
1627800629,5895,1194,8,0,12450,35754555
1627800652,5895,1194,8,0,12450,35767134
1627801074,5927,1195,8,0,12460,36008286
1627801494,5943,1197,8,0,12464,36249438
1627801922,5943,1197,8,0,12464,36405103
1627802218,5943,1197,8,0,12464,36563803
1627802553,5946,1197,8,0,12464,36749062
1627802914,5948,1197,8,0,12464,36953745
1627803283,5948,1197,8,0,12464,37167027
1627803657,5948,1197,8,0,12464,37386241
1627804025,5948,1197,8,0,12464,37607508
1627804389,5948,1197,8,0,12464,37824449
1627804718,5948,1197,8,0,12464,38020407
1627804974,5948,1197,8,0,12464,38171581
1627805138,5949,1197,8,0,12464,38267800
1627805235,5949,1197,8,0,12464,38323820
1627805300,5949,1197,8,0,12464,38361275
1627805325,5949,1197,8,0,12464,38374919
1627805753,5976,1201,8,0,12471,38620167
1627806181,6006,1204,8,0,12486,38865415
1627806610,6018,1204,8,0,12486,39110663
1627807041,6018,1204,8,0,12486,39263984
1627807340,6019,1204,8,0,12486,39423699
1627807676,6020,1204,8,0,12486,39611763
1627808033,6022,1204,8,0,12486,39818558
1627808399,6023,1204,8,0,12486,40033674
1627808774,6030,1204,8,0,12486,40255366
1627809147,6031,1204,8,0,12486,40478218
1627809515,6031,1204,8,0,12486,40697417
1627809847,6031,1204,8,0,12486,40895705
1627810109,6031,1204,8,0,12486,41050606
1627810284,6031,1204,8,0,12486,41152960
1627810387,6031,1204,8,0,12486,41212451
1627810457,6032,1204,8,0,12486,41252407
1627810484,6032,1204,8,0,12486,41267065
1627810918,6061,1206,8,0,12491,41514361
1627811351,6093,1207,8,0,12492,41761657
1627811785,6117,1209,8,0,12498,42008953
1627812203,6118,1209,8,0,12498,42159323
1627812496,6119,1209,8,0,12498,42317731
1627812827,6123,1209,8,0,12498,42502308
1627813177,6124,1209,8,0,12498,42706170
1627813540,6127,1209,8,0,12498,42918781
1627813910,6131,1209,8,0,12498,43137430
1627814279,6131,1209,8,0,12498,43357181
1627814641,6132,1209,8,0,12498,43573156
1627814970,6132,1209,8,0,12498,43768717
1627815231,6133,1209,8,0,12498,43923251
1627815410,6137,1209,8,0,12498,44028723
1627815515,6139,1209,8,0,12498,44089980
1627815586,6141,1209,8,0,12498,44130360
1627815613,6141,1209,8,0,12498,44145175
1627816042,6190,1212,9,0,12503,44388887
1627816469,6213,1215,10,0,12507,44632599
1627816901,6243,1221,10,0,12515,44876311
1627817332,6243,1221,10,0,12515,45027586
1627817628,6244,1221,10,0,12515,45186071
1627817966,6245,1221,10,0,12515,45374750
1627818324,6247,1222,10,0,12516,45580784
1627818693,6251,1222,10,0,12516,45797050
1627819068,6253,1223,10,0,12518,46019700
1627819445,6253,1223,10,0,12518,46243347
1627819812,6255,1223,10,0,12518,46463229
1627820150,6255,1223,10,0,12518,46663812
1627820419,6255,1223,10,0,12518,46823057
1627820607,6255,1223,10,0,12518,46933331
1627820722,6255,1223,10,0,12518,47000243
1627820796,6255,1223,10,0,12518,47042577
1627820824,6255,1223,10,0,12518,47058278
1627821262,6272,1223,11,0,12518,47306086
1627821691,6272,1223,11,0,12518,47456126
1627821986,6275,1224,11,0,12520,47614379
1627822318,6275,1224,11,0,12520,47800832
1627822678,6276,1224,11,0,12520,48007001
1627823041,6277,1224,11,0,12520,48221486
1627823414,6277,1224,11,0,12520,48442243
