1617771509,35,20,0,0,2036,50
1617771532,169,62,0,0,2234,7436
1617771545,213,66,0,0,2252,14911
1617771560,254,71,1,0,2267,23279
1617771576,280,78,1,0,2291,32702
1617771594,311,86,1,0,2310,43610
1617771613,328,90,2,0,2319,54725
1617771631,345,96,2,0,2331,66422
1617771647,353,100,2,0,2345,77356
1617771660,363,106,2,0,2360,85467
1617771671,364,106,2,0,2360,93097
1617771681,368,108,2,0,2364,99722
1617771686,374,114,2,0,2374,102782
1617771686,374,114,2,0,2374,103292
1617771687,378,114,2,0,2374,103802
1617771705,481,154,2,0,2484,116090
1617771723,524,171,2,0,2536,128378
1617771742,553,180,2,0,2552,140666
1617771760,570,186,2,0,2561,152954
1617771778,587,188,3,0,2564,165242
1617771796,596,191,3,0,2571,177530
1617771862,600,192,3,0,2573,201820
1617771900,602,192,4,0,2573,224590
1617771945,603,193,4,0,2580,251011
1617771997,604,193,5,0,2580,283275
1617772052,605,193,5,0,2580,319696
1617772109,609,193,5,0,2580,357917
1617772164,610,193,5,0,2580,396938
1617772216,619,194,6,0,2584,432916
1617772265,619,194,6,0,2584,463505
1617772311,628,196,6,0,2587,492571
1617772361,631,198,6,0,2591,521131
1617772402,633,198,6,0,2591,542862
1617772430,634,198,6,0,2591,558162
1617772457,640,198,6,0,2591,571930
1617772532,664,206,6,0,2606,612378
1617772605,677,210,6,0,2617,652826
1617772680,685,211,6,0,2619,693274
1617772754,691,213,6,0,2623,733722
1617772819,692,213,6,0,2623,755535
1617772865,692,213,6,0,2623,778144
1617772919,697,213,8,0,2623,806036
1617772980,702,213,9,0,2623,839800
1617773047,702,213,9,0,2623,876804
1617773115,707,213,9,0,2623,914279
1617773183,708,214,9,0,2630,952619
1617773244,708,214,9,0,2630,986553
1617773298,708,214,9,0,2630,1017057
1617773348,708,214,9,0,2630,1046630
1617773410,708,214,9,0,2630,1076210
1617773463,708,214,9,0,2630,1101124
1617773507,708,214,9,0,2630,1122544
1617773547,709,214,10,0,2630,1141396
1617773622,718,217,12,0,2642,1181332
1617773696,724,222,12,0,2654,1221268
1617773770,726,224,12,0,2658,1261204
1617773840,726,224,12,0,2658,1284778
1617773887,726,224,12,0,2658,1308832
1617773940,729,224,14,0,2658,1336984
1617774002,731,224,14,0,2658,1370632
1617774077,734,225,15,0,2659,1408908
1617774153,734,225,15,0,2659,1449272
1617774226,735,225,15,0,2659,1490220
1617774290,735,225,15,0,2659,1526313
1617774348,736,226,15,0,2661,1559941
1617774404,736,226,15,0,2661,1593072
1617774461,736,226,15,0,2661,1626220
1617774512,736,226,15,0,2661,1654716
1617774555,736,226,15,0,2661,1678686
1617774598,737,226,15,0,2661,1699575
1617774680,744,227,15,0,2664,1742071
1617774762,752,229,15,0,2677,1784567
1617774827,752,229,15,0,2677,1806496
1617774874,752,229,15,0,2677,1830488
1617774931,766,230,15,0,2678,1860109
1617774992,767,231,15,0,2679,1892563
1617775062,768,232,15,0,2680,1929092
1617775129,768,232,15,0,2680,1966222
1617775195,768,232,15,0,2680,2003896
1617775260,768,232,15,0,2680,2038473
1617775317,768,232,15,0,2680,2071064
1617775375,769,232,16,0,2680,2102672
1617775428,769,232,16,0,2680,2134291
1617775477,769,232,16,0,2680,2162705
1617775520,769,232,16,0,2680,2187185
1617775563,769,232,16,0,2680,2208596
1617775639,775,233,16,0,2681,2248020
1617775715,782,236,16,0,2688,2287444
1617775780,782,236,16,0,2688,2309536
1617775827,782,236,16,0,2688,2333528
1617775880,782,236,16,0,2688,2360036
1617775940,782,236,16,0,2688,2391807
1617776002,782,236,16,0,2688,2426739
1617776067,782,236,16,0,2688,2463544
1617776135,782,236,16,0,2688,2500809
1617776198,782,236,16,0,2688,2534802
1617776258,782,236,16,0,2688,2566893
1617776312,783,236,16,0,2688,2598498
1617776367,783,236,16,0,2688,2630118
1617776415,784,237,16,0,2726,2657947
1617776461,784,237,16,0,2726,2682937
1617776503,785,237,16,0,2726,2704850
1617776582,785,237,16,0,2726,2743762
1617776647,785,237,16,0,2726,2765763
1617776691,785,237,16,0,2726,2788459
1617776740,786,238,16,0,2727,2813837
1617776797,786,238,16,0,2727,2844781
1617776862,786,238,16,0,2727,2880349
1617776927,786,238,16,0,2727,2917457
1617776995,787,238,17,0,2727,2954991
1617777054,789,239,17,0,2746,2988917
1617777113,789,239,17,0,2746,3020990
1617777168,789,239,17,0,2746,3052089
1617777223,796,242,17,0,2753,3083197
1617777272,796,242,17,0,2753,3111213
1617777316,796,242,17,0,2753,3136203
1617777360,796,242,17,0,2753,3158636
1617777436,797,242,17,0,2753,3197548
1617777507,797,242,17,0,2753,3221524
1617777555,797,242,17,0,2753,3245663
1617777608,797,242,17,0,2753,3273134
1617777668,798,242,17,0,2753,3304449
1617777739,798,242,17,0,2753,3341225
1617777809,798,242,17,0,2753,3382039
1617777879,798,242,17,0,2753,3423078
1617777948,798,242,17,0,2753,3460116
1617778011,799,242,17,0,2753,3495255
1617778072,799,242,17,0,2753,3529926
1617778131,799,242,17,0,2753,3564606
1617778184,800,243,17,0,2759,3595138
1617778235,812,248,17,0,2769,3623188
1617778286,813,248,17,0,2769,3648148
1617778367,816,249,17,0,2774,3690644
1617778447,819,251,17,0,2778,3733140
1617778518,819,251,17,0,2778,3758056
1617778567,819,251,17,0,2778,3783327
1617778619,819,251,17,0,2778,3810897
1617778689,819,251,17,0,2778,3845201
1617778763,819,251,17,0,2778,3886189
1617778836,819,251,17,0,2778,3928253
1617778912,819,251,17,0,2778,3970658
1617778981,819,251,17,0,2778,4009218
1617779044,819,251,17,0,2778,4045921
1617779106,819,251,17,0,2778,4082129
1617779167,819,251,17,0,2778,4118331
1617779224,819,251,17,0,2778,4150405
1617779280,820,252,17,0,2779,4179985
1617779330,820,252,17,0,2779,4206484
1617779414,826,255,17,0,2783,4250516
1617779495,830,257,17,0,2792,4294548
1617779578,830,257,17,0,2792,4338580
1617779650,830,257,17,0,2792,4363359
1617779702,830,257,17,0,2792,4388912
1617779754,830,257,17,0,2792,4416212
1617779814,830,257,17,0,2792,4447493
1617779889,830,257,17,0,2792,4487120
1617779963,830,257,17,0,2792,4529152
1617780034,830,257,17,0,2792,4571394
1617780105,830,257,17,0,2792,4609827
1617780170,830,257,17,0,2792,4646980
1617780233,830,257,17,0,2792,4683696
1617780296,830,257,17,0,2792,4720416
1617780352,830,257,17,0,2792,4752517
1617780405,830,257,17,0,2792,4782097
1617780455,830,257,17,0,2792,4807575
1617780539,832,258,17,0,2809,4851607
1617780623,833,259,17,0,2811,4895639
1617780693,833,259,17,0,2811,4920609
1617780742,833,259,17,0,2811,4945612
1617780794,833,259,17,0,2811,4972671
1617780854,833,259,17,0,2811,5003937
1617780927,833,259,17,0,2811,5043864
1617781002,833,259,17,0,2811,5085809
1617781077,833,259,17,0,2811,5128309
1617781145,833,259,17,0,2811,5167378
1617781211,833,259,17,0,2811,5204579
1617781274,833,259,17,0,2811,5241288
1617781336,833,259,17,0,2811,5278008
1617781393,834,259,17,0,2811,5310066
1617781447,834,259,17,0,2811,5339646
1617781493,835,259,17,0,2811,5364600
1617781579,837,260,17,0,2816,5408632
1617781664,838,260,17,0,2816,5452664
1617781731,838,260,17,0,2816,5476625
1617781779,838,260,17,0,2816,5501177
1617781834,838,260,17,0,2816,5528914
1617781896,838,260,17,0,2816,5561809
1617781968,838,260,17,0,2816,5599804
1617782039,838,260,17,0,2816,5639834
1617782111,846,262,17,0,2860,5680568
1617782180,848,262,17,0,2860,5718986
1617782245,848,262,17,0,2860,5755560
1617782306,848,262,17,0,2860,5791763
1617782366,848,262,17,0,2860,5827970
1617782422,848,262,17,0,2860,5859512
1617782475,848,262,17,0,2860,5888582
1617782522,848,262,17,0,2860,5913550
1617782605,852,262,17,0,2860,5956046
1617782676,852,262,17,0,2860,5981023
1617782727,852,262,17,0,2860,6006034
1617782790,852,262,17,0,2860,6036753
1617782862,852,262,17,0,2860,6072605
1617782936,852,262,17,0,2860,6112166
1617783006,852,262,17,0,2860,6152585
1617783079,852,262,17,0,2860,6193968
1617783150,852,262,17,0,2860,6233025
1617783213,852,262,17,0,2860,6270147
1617783274,853,262,18,0,2860,6306859
1617783336,854,263,18,0,2862,6343579
1617783392,854,263,18,0,2862,6375133
1617783445,854,263,18,0,2862,6404203
1617783493,854,263,18,0,2862,6429189
1617783574,866,263,19,0,2862,6472197
1617783645,866,263,19,0,2862,6497207
1617783699,866,263,19,0,2862,6523833
1617783775,866,263,19,0,2862,6554636
1617783858,866,263,19,0,2862,6590484
1617783933,867,263,20,0,2862,6631213
1617784006,867,263,20,0,2862,6672570
1617784080,867,263,20,0,2862,6714934
1617784151,867,263,20,0,2862,6754999
1617784216,867,263,20,0,2862,6793215
1617784279,867,263,20,0,2862,6830949
1617784344,867,263,20,0,2862,6868689
1617784403,868,264,20,0,2864,6901209
1617784458,868,264,20,0,2864,6931299
1617784507,868,264,20,0,2864,6956795
1617784593,870,264,20,0,2864,7000827
1617784669,870,264,20,0,2864,7026665
1617784721,870,264,20,0,2864,7052699
1617784784,870,264,20,0,2864,7083354
1617784854,870,264,20,0,2864,7119649
1617784927,870,264,20,0,2864,7159519
1617785001,870,264,20,0,2864,7200946
1617785074,870,264,20,0,2864,7243251
1617785144,870,264,20,0,2864,7283357
1617785209,870,264,20,0,2864,7321026
1617785273,870,264,20,0,2864,7358256
1617785335,870,264,20,0,2864,7395486
1617785392,870,264,20,0,2864,7427523
1617785446,870,264,20,0,2864,7457103
1617785492,870,264,20,0,2864,7482077
1617785579,873,264,20,0,2864,7526109
1617785651,873,264,20,0,2864,7551361
1617785702,873,264,20,0,2864,7577210
1617785761,873,264,20,0,2864,7607017
1617785833,873,264,20,0,2864,7641808
1617785909,873,264,20,0,2864,7682181
1617785981,873,264,20,0,2864,7723691
1617786057,873,264,20,0,2864,7766379
1617786127,873,264,20,0,2864,7806923
1617786196,873,264,20,0,2864,7845586
1617786260,873,264,20,0,2864,7883833
1617786325,873,264,20,0,2864,7922083
1617786386,873,264,20,0,2864,7955155
1617786444,873,264,20,0,2864,7985755
1617786497,873,264,20,0,2864,8012267
1617786582,877,264,20,0,2864,8056811
1617786654,877,264,20,0,2864,8082542
1617786708,877,264,20,0,2864,8109178
1617786771,877,264,20,0,2864,8139762
1617786844,877,264,20,0,2864,8175788
1617786924,877,264,20,0,2864,8217127
1617786995,877,264,20,0,2864,8258906
1617787072,877,264,20,0,2864,8301636
1617787143,877,264,20,0,2864,8342161
1617787210,877,264,20,0,2864,8380878
1617787276,877,264,20,0,2864,8419114
1617787343,877,264,20,0,2864,8457364
1617787403,877,264,20,0,2864,8490415
1617787460,877,264,20,0,2864,8521015
1617787509,877,264,20,0,2864,8547480
1617787596,881,264,20,0,2864,8592024
1617787667,881,264,20,0,2864,8617644
1617787720,881,264,20,0,2864,8643637
1617787782,881,264,20,0,2864,8673737
1617787855,881,264,20,0,2864,8710362
1617787934,881,264,20,0,2864,8751171
1617788006,881,264,20,0,2864,8792139
1617788079,881,264,20,0,2864,8834293
1617788150,881,264,20,0,2864,8874941
1617788215,881,264,20,0,2864,8913583
1617788285,881,264,20,0,2864,8951822
1617788351,881,264,20,0,2864,8990071
1617788412,881,264,20,0,2864,9023675
1617788469,881,264,20,0,2864,9054275
1617788522,881,264,20,0,2864,9080791
1617788606,885,265,20,0,2866,9124823
1617788689,888,265,20,0,2866,9168855
1617788761,888,265,20,0,2866,9194503
1617788813,888,265,20,0,2866,9221136
1617788873,888,265,20,0,2866,9250437
1617788940,888,265,20,0,2866,9285293
1617789020,888,265,20,0,2866,9325934
1617789093,888,265,20,0,2866,9368142
1617789168,888,265,20,0,2866,9410912
1617789242,888,265,20,0,2866,9451861
1617789312,888,265,20,0,2866,9491538
1617789378,888,265,20,0,2866,9530788
1617789448,888,265,20,0,2866,9570057
1617789513,888,265,20,0,2866,9605166
1617789571,888,265,20,0,2866,9636276
1617789623,888,265,20,0,2866,9663295
1617789712,893,265,20,0,2866,9707839
1617789784,893,265,20,0,2866,9733159
1617789842,893,265,20,0,2866,9761692
1617789908,893,265,20,0,2866,9792727
1617789981,893,265,20,0,2866,9828189
1617790057,893,265,20,0,2866,9869067
1617790130,895,265,20,0,2866,9911126
1617790206,895,265,20,0,2866,9953967
1617790279,895,265,20,0,2866,9995177
1617790348,896,265,20,0,2866,10034861
1617790416,896,265,20,0,2866,10074120
1617790487,896,265,20,0,2866,10113390
1617790552,896,265,20,0,2866,10148461
1617790610,896,265,20,0,2866,10179571
1617790665,896,265,20,0,2866,10206596
1617790751,899,266,20,0,2869,10251140
1617790834,901,266,20,0,2869,10295684
1617790906,901,266,20,0,2869,10323379
1617790954,901,266,20,0,2869,10350143
1617791015,901,266,20,0,2869,10384932
1617791084,903,266,20,0,2869,10424606
1617791155,903,266,20,0,2869,10467095
1617791219,903,266,20,0,2869,10509980
1617791287,904,266,20,0,2869,10553817
1617791351,904,266,20,0,2869,10595833
1617791414,904,266,20,0,2869,10636534
1617791472,904,266,20,0,2869,10676821
1617791531,904,266,20,0,2869,10717111
1617791601,904,266,20,0,2869,10752745
1617791662,904,266,20,0,2869,10784875
1617791717,904,266,20,0,2869,10812412
1617791809,906,266,20,0,2869,10857980
1617791889,906,266,20,0,2869,10885385
1617791952,906,266,20,0,2869,10913986
1617792027,906,266,20,0,2869,10947961
1617792108,906,266,20,0,2869,10985562
1617792194,907,266,20,0,2869,11027532
1617792277,907,266,20,0,2869,11070031
1617792371,907,266,20,0,2869,11113710
1617792466,908,266,20,0,2869,11156167
1617792542,908,266,20,0,2869,11197413
1617792615,908,266,20,0,2869,11238208
1617792690,908,266,20,0,2869,11279007
1617792759,908,266,20,0,2869,11315174
1617792822,908,266,20,0,2869,11347814
1617792880,908,266,20,0,2869,11375845
1617792973,915,266,20,0,2869,11421413
1617793052,915,266,20,0,2869,11448451
1617793115,915,266,20,0,2869,11477654
1617793189,915,266,20,0,2869,11511043
1617793270,915,266,20,0,2869,11548587
1617793353,915,266,20,0,2869,11589687
1617793435,916,266,20,0,2869,11632079
1617793515,916,266,20,0,2869,11675213
1617793593,917,266,20,0,2869,11717163
1617793668,917,266,20,0,2869,11757903
1617793740,917,266,20,0,2869,11798189
1617793813,917,266,20,0,2869,11838479
1617793881,917,266,20,0,2869,11874129
1617793945,917,266,20,0,2869,11906259
1617794002,917,266,20,0,2869,11934306
1617794094,917,266,20,0,2869,11979362
1617794170,917,266,20,0,2869,12005521
1617794232,917,266,20,0,2869,12033990
1617794309,917,266,20,0,2869,12067974
1617794387,918,267,20,0,2871,12105213
1617794471,918,267,20,0,2871,12146079
1617794550,918,267,20,0,2871,12188529
1617794630,918,267,20,0,2871,12231783
1617794708,918,267,20,0,2871,12273806
1617794782,918,267,20,0,2871,12314559
1617794858,918,267,20,0,2871,12354847
1617794930,918,267,20,0,2871,12395137
1617794996,918,267,20,0,2871,12430771
1617795058,918,267,20,0,2871,12462901
1617795114,918,267,20,0,2871,12490949
1617795207,920,267,20,0,2871,12536005
1617795283,920,267,20,0,2871,12562301
1617795340,920,267,20,0,2871,12589734
1617795413,921,267,21,0,2871,12622958
1617795494,921,267,21,0,2871,12661742
1617795577,921,267,21,0,2871,12702936
1617795659,921,267,21,0,2871,12745405
1617795744,921,267,21,0,2871,12789148
1617795823,921,267,21,0,2871,12831752
1617795898,921,267,21,0,2871,12873013
1617795973,921,267,21,0,2871,12913808
1617796047,921,267,21,0,2871,12954607
1617796115,921,267,21,0,2871,12990766
1617796177,921,267,21,0,2871,13023406
1617796232,921,267,21,0,2871,13051447
1617796325,923,268,21,0,2878,13097015
1617796418,925,268,21,0,2878,13142583
1617796496,925,268,21,0,2878,13170080
1617796552,925,268,21,0,2878,13198509
1617796620,925,268,21,0,2878,13233794
1617796695,925,268,21,0,2878,13272926
1617796768,925,268,21,0,2878,13315538
1617796836,925,268,21,0,2878,13358325
1617796904,925,268,21,0,2878,13402324
1617796972,925,268,21,0,2878,13445416
1617797037,925,268,21,0,2878,13487146
1617797098,925,268,21,0,2878,13528445
1617797160,925,268,21,0,2878,13569755
1617797216,925,268,21,0,2878,13606410
1617797276,925,268,21,0,2878,13640580
1617797330,925,268,21,0,2878,13670147
1617797415,927,268,21,0,2878,13716227
1617797486,927,268,21,0,2878,13743347
1617797533,927,268,21,0,2878,13769969
1617797595,927,268,21,0,2878,13804918
1617797665,927,268,21,0,2878,13844295
1617797736,927,268,21,0,2878,13886091
1617797802,927,268,21,0,2878,13929387
1617797872,927,268,21,0,2878,13973578
1617797942,927,268,21,0,2878,14016619
1617798010,927,268,21,0,2878,14058362
1617798077,927,268,21,0,2878,14099669
1617798153,927,268,21,0,2878,14140979
1617798219,927,268,21,0,2878,14177663
1617798282,927,268,21,0,2878,14211833
1617798343,927,268,21,0,2878,14241395
1617798435,928,268,21,0,2878,14287475
1617798512,928,268,21,0,2878,14314368
1617798567,928,268,21,0,2878,14341135
1617798638,928,268,21,0,2878,14375606
1617798721,928,268,21,0,2878,14414906
1617798804,928,268,21,0,2878,14456199
1617798873,928,268,21,0,2878,14499490
1617798944,928,268,21,0,2878,14543480
1617799010,929,268,22,0,2878,14586627
1617799077,930,268,22,0,2878,14628799
1617799138,930,268,22,0,2878,14670615
1617799200,930,268,22,0,2878,14712435
1617799257,930,268,22,0,2878,14749636
1617799318,930,268,22,0,2878,14784316
1617799379,930,268,22,0,2878,14814892
1617799473,935,269,22,0,2879,14860972
1617799553,937,269,22,0,2879,14907052
1617799612,937,269,22,0,2879,14933635
1617799656,937,269,22,0,2879,14962713
1617799713,938,269,22,0,2879,14997830
1617799781,938,269,22,0,2879,15037034
1617799848,938,269,22,0,2879,15078543
1617799921,938,269,22,0,2879,15121738
1617799997,938,269,22,0,2879,15165522
1617800068,938,269,22,0,2879,15208685
1617800137,938,269,22,0,2879,15250921
1617800204,939,270,22,0,2886,15292735
1617800276,940,270,22,0,2886,15334555
1617800336,940,270,22,0,2886,15371760
1617800392,940,270,22,0,2886,15406440
1617800445,940,270,22,0,2886,15436997
1617800527,943,270,22,0,2886,15482565
1617800598,943,270,22,0,2886,15510288
1617800651,943,270,22,0,2886,15539172
1617800716,943,270,22,0,2886,15573682
1617800787,943,270,22,0,2886,15613100
1617800869,943,270,22,0,2886,15656077
1617800938,943,270,22,0,2886,15699133
1617801013,943,270,22,0,2886,15743514
1617801086,944,270,22,0,2886,15787187
1617801158,944,270,22,0,2886,15830445
1617801226,944,270,22,0,2886,15873271
1617801295,944,270,22,0,2886,15916111
1617801355,944,270,22,0,2886,15954327
1617801415,944,270,22,0,2886,15990027
1617801476,944,270,22,0,2886,16021633
1617801559,945,270,22,0,2886,16067713
1617801630,945,270,22,0,2886,16094419
1617801689,945,270,22,0,2886,16124241
1617801765,946,270,22,0,2886,16159391
1617801839,946,270,22,0,2886,16198875
1617801915,946,270,22,0,2886,16241006
1617801990,946,270,22,0,2886,16284514
1617802070,946,270,22,0,2886,16328521
1617802142,946,270,22,0,2886,16371938
1617802213,952,271,22,0,2888,16415225
1617802282,952,271,22,0,2888,16458059
1617802352,952,271,22,0,2888,16500899
1617802414,952,271,22,0,2888,16538594
1617802473,952,271,22,0,2888,16573784
1617802528,952,271,22,0,2888,16604887
1617802613,956,271,22,0,2888,16650967
1617802688,956,271,22,0,2888,16678034
1617802744,956,271,22,0,2888,16707564
1617802811,956,271,22,0,2888,16742654
1617802885,956,271,22,0,2888,16781623
1617802966,957,272,22,0,2894,16823451
1617803043,957,272,22,0,2894,16866844
1617803117,957,272,22,0,2894,16910924
1617803190,957,272,22,0,2894,16954458
1617803264,957,272,22,0,2894,16997712
1617803334,957,272,22,0,2894,17040547
1617803403,957,272,22,0,2894,17083387
1617803466,957,272,22,0,2894,17121029
1617803524,957,272,22,0,2894,17156219
1617803579,957,272,22,0,2894,17186809
1617803665,957,272,22,0,2894,17232889
1617803740,957,272,22,0,2894,17261281
1617803801,957,272,22,0,2894,17291561
1617803874,957,272,22,0,2894,17328242
1617803950,957,272,22,0,2894,17368985
1617804029,957,272,22,0,2894,17411288
1617804108,957,272,22,0,2894,17454928
1617804186,957,272,22,0,2894,17499273
1617804262,957,272,22,0,2894,17542942
1617804335,957,272,22,0,2894,17586244
1617804407,957,272,22,0,2894,17629081
1617804483,957,272,22,0,2894,17671920
1617804545,957,272,22,0,2894,17709645
1617804605,957,272,22,0,2894,17744835
1617804663,957,272,22,0,2894,17775915
1617804751,960,274,22,0,2939,17821995
1617804836,964,275,22,0,2941,17868075
1617804922,965,275,22,0,2941,17914155
1617804993,965,275,22,0,2941,17941665
1617805060,965,275,22,0,2941,17974940
1617805131,965,275,22,0,2941,18011348
1617805209,966,275,22,0,2941,18052657
1617805292,967,275,22,0,2941,18096838
1617805370,967,275,22,0,2941,18141739
1617805449,967,275,22,0,2941,18187600
1617805534,967,275,22,0,2941,18232749
1617805611,968,275,22,0,2941,18277586
1617805688,968,275,22,0,2941,18321953
1617805762,968,275,22,0,2941,18366320
1617805825,968,275,22,0,2941,18405009
1617805885,968,275,22,0,2941,18440709
1617805946,968,275,22,0,2941,18472837
1617806034,972,277,22,0,2950,18520453
1617806122,974,278,22,0,2952,18568069
1617806208,975,278,22,0,2952,18615685
1617806288,975,278,22,0,2952,18645287
1617806354,975,278,22,0,2952,18677323
1617806433,975,278,22,0,2952,18716147
1617806514,975,278,22,0,2952,18759579
1617806601,975,278,22,0,2952,18805946
1617806681,975,278,22,0,2952,18852206
1617806760,975,278,22,0,2952,18899492
1617806839,976,278,22,0,2952,18946228
1617806922,976,278,22,0,2952,18992593
1617806997,976,278,22,0,2952,19038479
1617807075,976,278,22,0,2952,19084368
1617807145,976,278,22,0,2952,19124130
1617807206,976,278,22,0,2952,19160340
1617807265,976,278,22,0,2952,19192973
1617807356,978,278,22,0,2952,19242125
1617807431,978,278,22,0,2952,19271066
1617807499,978,278,22,0,2952,19303870
1617807572,978,278,22,0,2952,19341431
1617807654,978,278,22,0,2952,19384167
1617807736,978,278,22,0,2952,19429663
1617807819,978,278,22,0,2952,19476344
1617807898,978,278,22,0,2952,19523249
1617807975,978,278,22,0,2952,19569366
1617808057,978,278,22,0,2952,19615225
1617808133,978,278,22,0,2952,19660610
1617808207,978,278,22,0,2952,19705472
1617808274,978,278,22,0,2952,19745220
1617808336,978,278,22,0,2952,19781940
1617808401,978,278,22,0,2952,19815068
1617808491,978,278,22,0,2952,19863708
1617808572,978,278,22,0,2952,19892813
1617808627,978,278,22,0,2952,19921752
1617808701,978,278,22,0,2952,19959359
1617808781,978,278,22,0,2952,20001198
1617808865,978,278,22,0,2952,20045698
1617808948,978,278,22,0,2952,20092588
1617809028,978,278,22,0,2952,20140544
1617809109,978,278,22,0,2952,20187598
1617809186,978,278,22,0,2952,20234413
1617809265,978,278,22,0,2952,20280805
1617809339,978,278,22,0,2952,20327210
1617809409,978,278,22,0,2952,20368420
1617809473,978,278,22,0,2952,20406160
1617809535,978,278,22,0,2952,20439777
1617809626,979,279,22,0,2962,20489441
1617809717,979,279,22,0,2962,20539105
1617809793,979,279,22,0,2962,20568532
1617809863,979,279,22,0,2962,20601881
1617809939,979,279,22,0,2962,20640173
1617810020,979,279,22,0,2962,20683314
1617810103,979,279,22,0,2962,20728359
1617810186,979,279,22,0,2962,20774872
1617810267,979,279,22,0,2962,20822096
1617810345,979,279,22,0,2962,20868801
1617810435,979,279,22,0,2962,20915136
1617810514,980,280,22,0,2965,20961014
1617810592,980,280,22,0,2965,21006913
1617810661,980,280,22,0,2965,21047157
1617810723,980,280,22,0,2965,21083877
1617810785,980,280,22,0,2965,21117012
1617810876,981,280,22,0,2965,21166164
1617810953,981,280,22,0,2965,21196051
1617811019,981,280,22,0,2965,21229071
1617811094,981,280,22,0,2965,21266979
1617811172,982,280,22,0,2965,21309088
1617811255,982,280,22,0,2965,21354064
1617811339,982,280,22,0,2965,21400215
1617811422,982,280,22,0,2965,21447144
1617811500,982,280,22,0,2965,21493290
1617811577,982,280,22,0,2965,21539081
1617811653,982,280,22,0,2965,21584451
1617811730,982,280,22,0,2965,21629836
1617811795,982,280,22,0,2965,21669570
1617811855,982,280,22,0,2965,21706290
1617811916,982,280,22,0,2965,21738928
1617812007,983,280,23,0,2965,21787568
1617812082,983,280,23,0,2965,21816075
1617812142,983,280,23,0,2965,21847923
1617812211,983,280,23,0,2965,21884484
1617812292,983,280,23,0,2965,21926203
1617812372,983,280,23,0,2965,21969597
1617812450,983,280,23,0,2965,22015315
1617812529,983,280,23,0,2965,22061304
1617812610,983,280,23,0,2965,22106915
1617812685,983,280,23,0,2965,22152197
1617812758,983,280,23,0,2965,22197073
1617812830,984,281,23,0,2966,22241949
1617812899,984,281,23,0,2966,22281167
1617812958,984,281,23,0,2966,22316867
1617813015,984,281,23,0,2966,22348476
1617813104,985,281,23,0,2966,22396604
1617813182,985,281,23,0,2966,22425291
1617813244,985,281,23,0,2966,22457794
1617813313,985,281,23,0,2966,22493839
1617813391,985,281,23,0,2966,22535381
1617813474,985,281,23,0,2966,22578801
1617813555,985,281,23,0,2966,22624490
1617813633,985,281,23,0,2966,22670772
1617813709,985,281,23,0,2966,22716339
1617813788,985,281,23,0,2966,22761644
1617813862,985,281,23,0,2966,22806519
1617813936,986,282,23,0,2968,22851398
1617814000,986,282,23,0,2968,22890589
1617814066,986,282,23,0,2968,22926289
1617814121,986,282,23,0,2968,22957896
1617814210,986,282,23,0,2968,23006024
1617814285,986,282,23,0,2968,23034683
1617814351,986,282,23,0,2968,23067580
1617814421,986,282,23,0,2968,23103995
1617814498,986,282,23,0,2968,23145347
1617814580,986,282,23,0,2968,23189161
1617814661,986,282,23,0,2968,23234629
1617814742,986,282,23,0,2968,23280885
1617814820,986,282,23,0,2968,23326641
1617814896,986,282,23,0,2968,23372001
1617814973,986,282,23,0,2968,23416858
1617815045,986,282,23,0,2968,23461736
1617815108,986,282,23,0,2968,23500974
1617815167,986,282,23,0,2968,23537184
1617815226,986,282,23,0,2968,23569819
1617815316,986,282,23,0,2968,23617947
1617815391,986,282,23,0,2968,23647258
1617815456,986,282,23,0,2968,23679174
1617815529,986,282,23,0,2968,23716280
1617815614,986,282,23,0,2968,23759862
1617815701,986,282,23,0,2968,23805369
1617815786,986,282,23,0,2968,23851326
1617815871,986,282,23,0,2968,23898285
1617815951,986,282,23,0,2968,23944398
1617816029,986,282,23,0,2968,23990242
1617816103,986,282,23,0,2968,24035619
1617816178,986,282,23,0,2968,24081008
1617816244,986,282,23,0,2968,24121259
1617816305,986,282,23,0,2968,24157979
1617816363,986,282,23,0,2968,24190607
1617816454,986,282,23,0,2968,24239247
1617816528,986,282,23,0,2968,24267786
1617816590,986,282,23,0,2968,24300262
1617816662,986,282,23,0,2968,24337567
1617816744,986,282,23,0,2968,24380063
1617816827,986,282,23,0,2968,24423953
1617816903,986,282,23,0,2968,24469780
1617816982,986,282,23,0,2968,24516480
1617817064,986,282,23,0,2968,24562569
1617817142,986,282,23,0,2968,24608349
1617817215,986,282,23,0,2968,24653725
1617817289,987,283,23,0,2973,24699115
1617817359,987,283,23,0,2973,24739345
1617817421,987,283,23,0,2973,24776575
1617817483,987,283,23,0,2973,24810231
1617817573,988,283,23,0,2973,24858871
1617817650,988,283,23,0,2973,24886812
1617817716,988,283,23,0,2973,24919835
1617817788,988,283,23,0,2973,24957641
1617817866,988,283,23,0,2973,24999504
1617817956,988,283,23,0,2973,25043326
1617818032,988,283,23,0,2973,25088367
1617818111,988,283,23,0,2973,25134569
1617818190,988,283,23,0,2973,25180112
1617818279,988,283,23,0,2973,25225407
1617818353,988,283,23,0,2973,25270277
1617818426,988,283,23,0,2973,25315157
1617818490,988,283,23,0,2973,25354888
1617818561,988,283,23,0,2973,25392118
1617818621,988,283,23,0,2973,25425243
1617818711,989,283,23,0,2973,25473371
1617818786,989,283,23,0,2973,25501724
1617818855,989,283,23,0,2973,25532327
1617818926,989,283,23,0,2973,25569484
1617819004,989,283,23,0,2973,25610817
1617819087,989,283,23,0,2973,25654446
1617819165,989,283,23,0,2973,25699246
1617819244,989,283,23,0,2973,25745567
1617819322,989,283,23,0,2973,25791108
1617819399,989,283,23,0,2973,25836327
1617819479,990,283,23,0,2973,25881199
1617819552,990,283,23,0,2973,25926077
1617819616,990,283,23,0,2973,25965815
1617819680,990,283,23,0,2973,26003045
1617819742,990,283,23,0,2973,26036190
1617819833,990,283,23,0,2973,26084318
1617819906,990,283,23,0,2973,26113007
1617819972,990,283,23,0,2973,26146481
1617820043,990,283,23,0,2973,26183255
1617820123,990,283,23,0,2973,26225862
1617820204,990,283,23,0,2973,26270234
1617820284,990,283,23,0,2973,26315951
1617820367,990,283,23,0,2973,26363195
1617820445,990,283,23,0,2973,26409705
1617820523,990,283,23,0,2973,26455977
1617820599,990,283,23,0,2973,26501838
1617820674,990,283,23,0,2973,26547738
1617820740,990,283,23,0,2973,26588512
1617820805,990,283,23,0,2973,26626762
1617820866,991,283,23,0,2973,26660911
1617820956,992,284,23,0,2974,26710063
1617821046,992,284,23,0,2974,26759215
1617821121,992,284,23,0,2974,26788594
1617821189,992,284,23,0,2974,26820274
1617821266,992,284,23,0,2974,26858065
1617821344,992,284,23,0,2974,26899565
1617821425,992,284,23,0,2974,26943531
1617821500,992,284,23,0,2974,26988478
1617821582,992,284,23,0,2974,27034973
1617821658,992,284,23,0,2974,27081085
1617821734,992,284,23,0,2974,27126832
1617821809,992,284,23,0,2974,27172192
1617821883,992,284,23,0,2974,27217582
1617821949,992,284,23,0,2974,27257787
1617822012,992,284,23,0,2974,27295527
1617822069,992,284,23,0,2974,27328660
1617822158,994,285,23,0,2976,27377300
1617822247,995,286,23,0,2978,27425940
1617822322,995,286,23,0,2978,27455063
1617822384,995,286,23,0,2978,27486409
1617822457,995,286,23,0,2978,27523685
1617822536,995,286,23,0,2978,27565364
1617822616,995,286,23,0,2978,27608952
1617822694,995,286,23,0,2978,27654286
1617822774,995,286,23,0,2978,27700358
1617822850,995,286,23,0,2978,27746078
1617822925,995,286,23,0,2978,27791343
1617822999,995,286,23,0,2978,27836201
1617823078,995,286,23,0,2978,27881081
1617823144,995,286,23,0,2978,27921318
1617823207,995,286,23,0,2978,27959058
1617823269,995,286,23,0,2978,27992698
1617823359,995,286,23,0,2978,28040826
1617823436,995,286,23,0,2978,28071127
1617823502,995,286,23,0,2978,28103334
1617823573,995,286,23,0,2978,28139998
1617823651,995,286,23,0,2978,28181498
1617823732,995,286,23,0,2978,28225940
1617823808,995,286,23,0,2978,28271429
1617823887,995,286,23,0,2978,28317598
1617823967,995,286,23,0,2978,28363222
1617824042,995,286,23,0,2978,28408485
1617824116,995,286,23,0,2978,28453332
1617824189,995,286,23,0,2978,28498212
1617824262,995,286,23,0,2978,28538439
1617824323,995,286,23,0,2978,28575669
1617824385,995,286,23,0,2978,28609316
1617824472,995,286,23,0,2978,28657444
1617824550,995,286,23,0,2978,28686710
1617824610,995,286,23,0,2978,28717238
1617824682,995,286,23,0,2978,28754291
1617824760,995,286,23,0,2978,28795561
1617824844,995,286,23,0,2978,28838759
1617824918,995,286,23,0,2978,28883534
1617824997,995,286,23,0,2978,28929237
1617825075,995,286,23,0,2978,28974107
1617825154,995,286,23,0,2978,29018802
1617825229,995,286,23,0,2978,29063140
1617825302,995,286,23,0,2978,29107509
1617825367,995,286,23,0,2978,29147262
1617825428,995,286,23,0,2978,29183982
1617825490,995,286,23,0,2978,29216616
1617825577,995,286,23,0,2978,29264232
1617825651,995,286,23,0,2978,29293159
1617825712,995,286,23,0,2978,29323607
1617825787,995,286,23,0,2978,29361015
1617825863,995,286,23,0,2978,29402476
1617825943,995,286,23,0,2978,29445731
1617826016,995,286,23,0,2978,29489982
1617826096,995,286,23,0,2978,29535502
1617826171,995,286,23,0,2978,29580531
1617826247,995,286,23,0,2978,29625274
1617826318,995,286,23,0,2978,29669627
1617826391,995,286,23,0,2978,29713994
1617826455,995,286,23,0,2978,29753753
1617826517,995,286,23,0,2978,29790473
1617826583,995,286,23,0,2978,29823108
1617826671,996,286,23,0,2978,29870724
1617826747,996,286,23,0,2978,29900877
1617826811,996,286,23,0,2978,29933310
1617826885,996,286,23,0,2978,29970941
1617826966,996,286,23,0,2978,30012962
1617827046,996,286,23,0,2978,30057504
1617827122,996,286,23,0,2978,30102681
1617827201,996,286,23,0,2978,30148618
1617827281,996,286,23,0,2978,30194228
1617827356,996,286,23,0,2978,30239527
1617827430,996,286,23,0,2978,30284383
1617827503,996,286,23,0,2978,30329263
1617827571,996,286,23,0,2978,30369547
1617827632,996,286,23,0,2978,30406777
1617827692,996,286,23,0,2978,30440427
1617827779,996,286,23,0,2978,30488555
1617827858,996,286,23,0,2978,30518679
1617827922,996,286,23,0,2978,30550766
1617827995,996,286,23,0,2978,30588817
1617828071,996,286,23,0,2978,30630451
1617828153,996,286,23,0,2978,30674759
1617828230,996,286,23,0,2978,30720677
1617828308,996,286,23,0,2978,30766762
1617828384,996,286,23,0,2978,30812387
1617828462,996,286,23,0,2978,30857611
1617828534,996,286,23,0,2978,30902483
1617828607,996,286,23,0,2978,30947363
1617828673,996,286,23,0,2978,30987620
1617828734,996,286,23,0,2978,31024850
1617828798,996,286,23,0,2978,31058469
1617828885,999,287,23,0,2980,31106597
1617828972,1000,287,23,0,2980,31154725
1617829054,1000,287,23,0,2980,31184655
1617829119,1000,287,23,0,2980,31217896
1617829193,1000,287,23,0,2980,31255298
1617829269,1000,287,23,0,2980,31296618
1617829352,1000,287,23,0,2980,31339932
1617829431,1000,287,23,0,2980,31384519
1617829507,1000,287,23,0,2980,31430987
1617829586,1000,287,23,0,2980,31476576
1617829666,1000,287,23,0,2980,31521348
1617829743,1000,287,23,0,2980,31566190
1617829816,1000,287,23,0,2980,31611069
1617829880,1000,287,23,0,2980,31651331
1617829943,1000,287,23,0,2980,31689071
1617830003,1000,287,23,0,2980,31722192
1617830092,1001,288,23,0,2985,31770320
1617830181,1003,288,23,0,2985,31818448
1617830258,1003,288,23,0,2985,31846349
1617830326,1003,288,23,0,2985,31880243
1617830398,1003,288,23,0,2985,31915931
1617830475,1003,288,23,0,2985,31957025
1617830556,1003,288,23,0,2985,31998772
1617830636,1003,288,23,0,2985,32042916
1617830712,1003,288,23,0,2985,32087973
1617830788,1003,288,23,0,2985,32132559
1617830867,1003,288,23,0,2985,32176317
1617830942,1003,288,23,0,2985,32220167
1617831015,1003,288,23,0,2985,32264027
1617831079,1003,288,23,0,2985,32303279
1617831139,1003,288,23,0,2985,32339999
1617831197,1003,288,23,0,2985,32372115
1617831285,1003,288,23,0,2985,32419219
1617831361,1003,288,23,0,2985,32448570
1617831425,1003,288,23,0,2985,32481515
1617831499,1003,288,23,0,2985,32518864
1617831577,1003,288,23,0,2985,32560058
1617831659,1003,288,23,0,2985,32603875
1617831740,1003,288,23,0,2985,32648623
1617831819,1003,288,23,0,2985,32694458
1617831897,1003,288,23,0,2985,32739413
1617831971,1003,288,23,0,2985,32783601
1617832051,1003,288,23,0,2985,32827961
1617832125,1003,288,23,0,2985,32872327
1617832190,1003,288,23,0,2985,32912060
1617832251,1003,288,23,0,2985,32948780
1617832311,1003,288,23,0,2985,32981408
1617832400,1003,288,23,0,2985,33029024
1617832474,1003,288,23,0,2985,33057175
1617832540,1003,288,23,0,2985,33090213
1617832623,1003,288,23,0,2985,33126726
1617832707,1003,288,23,0,2985,33166929
1617832786,1003,288,23,0,2985,33209320
1617832864,1003,288,23,0,2985,33253574
1617832940,1003,288,23,0,2985,33298709
1617833019,1003,288,23,0,2985,33343245
1617833092,1003,288,23,0,2985,33386996
1617833167,1003,288,23,0,2985,33430850
1617833244,1003,288,23,0,2985,33474710
1617833310,1003,288,23,0,2985,33513866
1617833372,1003,288,23,0,2985,33550586
1617833428,1003,288,23,0,2985,33582710
1617833516,1004,288,23,0,2985,33629814
1617833595,1004,288,23,0,2985,33659125
1617833660,1004,288,23,0,2985,33690635
1617833737,1004,288,23,0,2985,33727538
1617833813,1004,288,23,0,2985,33768197
1617833894,1004,288,23,0,2985,33810312
1617833973,1004,288,23,0,2985,33854148
1617834049,1004,288,23,0,2985,33899212
1617834126,1004,288,23,0,2985,33943793
1617834202,1004,288,23,0,2985,33987532
1617834275,1004,288,23,0,2985,34031370
1617834347,1004,288,23,0,2985,34075224
1617834410,1004,288,23,0,2985,34114444
1617834472,1004,288,23,0,2985,34151164
1617834529,1004,288,23,0,2985,34183287
1617834616,1004,288,23,0,2985,34230391
1617834692,1004,288,23,0,2985,34259419
1617834757,1004,288,23,0,2985,34289531
1617834833,1004,288,23,0,2985,34326994
1617834911,1004,288,23,0,2985,34368119
1617834990,1004,288,23,0,2985,34410042
1617835070,1004,288,23,0,2985,34453693
1617835146,1004,288,23,0,2985,34499045
1617835222,1004,288,23,0,2985,34543647
1617835295,1004,288,23,0,2985,34587385
1617835377,1004,288,23,0,2985,34631235
1617835449,1004,288,23,0,2985,34675094
1617835513,1004,288,23,0,2985,34714344
1617835574,1004,288,23,0,2985,34751064
1617835631,1004,288,23,0,2985,34783184
1617835721,1005,288,23,0,2985,34830288
1617835798,1005,288,23,0,2985,34860060
1617835863,1005,288,23,0,2985,34892514
1617835941,1005,288,23,0,2985,34930664
1617836022,1005,288,23,0,2985,34972087
1617836103,1005,288,23,0,2985,35015234
1617836181,1005,288,23,0,2985,35059684
1617836261,1005,288,23,0,2985,35105354
1617836339,1005,288,23,0,2985,35150525
1617836415,1005,288,23,0,2985,35194750
1617836489,1006,289,23,0,2990,35239109
1617836563,1006,289,23,0,2990,35283479
1617836627,1006,289,23,0,2990,35323239
1617836690,1006,289,23,0,2990,35360469
1617836748,1006,289,23,0,2990,35393609
1617836836,1009,291,23,0,2998,35441225
1617836924,1010,291,23,0,2998,35488841
1617837012,1010,291,23,0,2998,35536457
1617837086,1010,291,23,0,2998,35565190
1617837152,1010,291,23,0,2998,35598490
1617837222,1010,291,23,0,2998,35634268
1617837297,1010,291,23,0,2998,35674027
1617837376,1010,291,23,0,2998,35715675
1617837456,1010,291,23,0,2998,35759422
1617837531,1010,291,23,0,2998,35804093
1617837606,1011,291,23,0,2998,35848064
1617837680,1011,291,23,0,2998,35891313
1617837754,1011,291,23,0,2998,35934642
1617837825,1011,291,23,0,2998,35977991
1617837888,1011,291,23,0,2998,36017195
1617837948,1011,291,23,0,2998,36053915
1617838007,1011,291,23,0,2998,36086549
1617838104,1012,291,23,0,2998,36133141
1617838179,1012,291,23,0,2998,36162381
1617838245,1012,291,23,0,2998,36194168
1617838318,1012,291,23,0,2998,36230773
1617838399,1012,291,23,0,2998,36271330
1617838478,1012,291,23,0,2998,36314305
1617838555,1012,291,23,0,2998,36358230
1617838632,1012,291,23,0,2998,36403195
1617838713,1012,291,23,0,2998,36447220
1617838786,1012,291,23,0,2998,36490467
1617838858,1012,291,23,0,2998,36533804
1617838931,1012,291,23,0,2998,36577154
1617838999,1012,291,23,0,2998,36615893
1617839059,1012,291,23,0,2998,36652103
1617839118,1013,291,23,0,2998,36684198
1617839204,1013,291,23,0,2998,36730790
1617839279,1013,291,23,0,2998,36759106
1617839340,1013,291,23,0,2998,36789928
1617839410,1013,291,23,0,2998,36825065
1617839486,1013,291,23,0,2998,36865000
1617839565,1013,291,23,0,2998,36906635
1617839643,1013,291,23,0,2998,36949914
1617839717,1013,291,23,0,2998,36994114
1617839790,1013,291,23,0,2998,37037610
1617839863,1013,291,23,0,2998,37080421
1617839934,1013,291,23,0,2998,37123241
1617840004,1013,291,23,0,2998,37166080
1617840066,1013,291,23,0,2998,37204768
1617840128,1013,291,23,0,2998,37240978
1617840185,1013,291,23,0,2998,37272594
1617840270,1014,291,23,0,2998,37318674
1617840344,1014,291,23,0,2998,37346434
1617840407,1014,291,23,0,2998,37376662
1617840483,1014,291,23,0,2998,37412030
1617840558,1014,291,23,0,2998,37452346
1617840636,1014,291,23,0,2998,37494130
1617840713,1014,291,23,0,2998,37537808
1617840790,1014,291,23,0,2998,37582212
1617840866,1014,291,23,0,2998,37625736
1617840939,1014,291,23,0,2998,37668541
1617841010,1014,291,23,0,2998,37711368
1617841083,1014,291,23,0,2998,37754208
1617841144,1014,291,23,0,2998,37792908
1617841203,1014,291,23,0,2998,37829118
1617841259,1014,291,23,0,2998,37861244
1617841346,1014,291,23,0,2998,37907324
1617841421,1014,291,23,0,2998,37935533
1617841488,1014,291,23,0,2998,37969419
1617841563,1014,291,23,0,2998,38006914
1617841640,1014,291,23,0,2998,38046945
1617841720,1014,291,23,0,2998,38089210
1617841797,1014,291,23,0,2998,38132969
1617841873,1014,291,23,0,2998,38177744
1617841949,1014,291,23,0,2998,38221768
1617842021,1014,291,23,0,2998,38265075
1617842093,1014,291,23,0,2998,38308395
1617842165,1014,291,23,0,2998,38351745
1617842229,1014,291,23,0,2998,38390976
1617842293,1014,291,23,0,2998,38427696
1617842352,1014,291,23,0,2998,38459817
1617842438,1014,291,23,0,2998,38506409
1617842514,1014,291,23,0,2998,38534858
1617842582,1014,291,23,0,2998,38568140
1617842657,1014,291,23,0,2998,38606412
1617842732,1014,291,23,0,2998,38646398
1617842812,1014,291,23,0,2998,38688237
1617842894,1014,291,23,0,2998,38731992
1617842969,1014,291,23,0,2998,38776856
1617843043,1014,291,23,0,2998,38820887
1617843119,1014,291,23,0,2998,38864168
1617843193,1014,291,23,0,2998,38907514
1617843265,1014,291,23,0,2998,38950864
1617843330,1014,291,23,0,2998,38990097
1617843392,1014,291,23,0,2998,39026817
1617843450,1014,291,23,0,2998,39058920
1617843540,1015,291,23,0,2998,39105512
1617843615,1015,291,23,0,2998,39134301
1617843677,1015,291,23,0,2998,39165129
1617843752,1015,291,23,0,2998,39200738
1617843830,1015,291,23,0,2998,39242242
1617843910,1015,291,23,0,2998,39283882
1617843984,1015,291,23,0,2998,39327331
1617844061,1015,291,23,0,2998,39372127
1617844138,1015,291,23,0,2998,39416125
1617844211,1015,291,23,0,2998,39459334
1617844293,1015,291,23,0,2998,39502669
1617844370,1015,291,23,0,2998,39546018
1617844433,1015,291,23,0,2998,39585276
1617844493,1015,291,23,0,2998,39621996
1617844554,1015,291,23,0,2998,39654626
1617844642,1016,291,23,0,2998,39701218
1617844716,1016,291,23,0,2998,39729478
1617844778,1016,291,23,0,2998,39760497
1617844849,1016,291,23,0,2998,39797072
1617844925,1016,291,23,0,2998,39835980
1617845006,1016,291,23,0,2998,39877721
1617845084,1016,291,23,0,2998,39921059
1617845158,1016,291,23,0,2998,39965340
1617845233,1016,291,23,0,2998,40008798
1617845311,1016,291,23,0,2998,40051604
1617845383,1016,291,23,0,2998,40094434
1617845454,1016,291,23,0,2998,40137274
1617845516,1016,291,23,0,2998,40175981
1617845578,1016,291,23,0,2998,40212191
1617845634,1017,291,23,0,2998,40243805
1617845719,1018,292,23,0,2999,40289885
1617845804,1018,292,23,0,2999,40335965
1617845883,1018,292,23,0,2999,40364432
1617845944,1018,292,23,0,2999,40395605
1617846013,1018,292,23,0,2999,40431235
1617846087,1018,292,23,0,2999,40470296
1617846167,1018,292,23,0,2999,40512843
1617846242,1018,292,23,0,2999,40556333
1617846319,1018,292,23,0,2999,40600623
1617846392,1018,292,23,0,2999,40644271
1617846468,1018,292,23,0,2999,40687013
1617846540,1018,292,23,0,2999,40729843
1617846611,1018,292,23,0,2999,40772683
1617846673,1018,292,23,0,2999,40811426
1617846732,1018,292,23,0,2999,40847636
1617846792,1018,292,23,0,2999,40879244
1617846878,1018,292,23,0,2999,40925324
1617846954,1018,292,23,0,2999,40954129
1617847015,1018,292,23,0,2999,40984777
1617847090,1018,292,23,0,2999,41020921
1617847164,1018,292,23,0,2999,41060074
1617847244,1018,292,23,0,2999,41102427
1617847320,1018,292,23,0,2999,41146130
1617847398,1018,292,23,0,2999,41190588
1617847472,1018,292,23,0,2999,41234145
1617847543,1018,292,23,0,2999,41276870
1617847615,1018,292,23,0,2999,41319706
1617847688,1018,292,23,0,2999,41362543
1617847751,1018,292,23,0,2999,41401232
1617847811,1018,292,23,0,2999,41437442
1617847867,1018,292,23,0,2999,41469053
1617847954,1018,292,23,0,2999,41515133
1617848028,1018,292,23,0,2999,41543693
1617848092,1018,292,23,0,2999,41573988
1617848167,1018,292,23,0,2999,41609808
1617848242,1018,292,23,0,2999,41648920
1617848320,1018,292,23,0,2999,41690690
1617848396,1018,292,23,0,2999,41733957
1617848472,1018,292,23,0,2999,41778247
1617848549,1018,292,23,0,2999,41821771
1617848624,1018,292,23,0,2999,41864527
1617848696,1018,292,23,0,2999,41907359
1617848765,1018,292,23,0,2999,41950195
1617848829,1018,292,23,0,2999,41988897
1617848892,1018,292,23,0,2999,42025107
1617848948,1018,292,23,0,2999,42056710
1617849032,1021,292,23,0,2999,42102790
1617849107,1021,292,23,0,2999,42131437
1617849170,1021,292,23,0,2999,42160930
1617849239,1021,292,23,0,2999,42196253
1617849316,1021,292,23,0,2999,42235886
1617849394,1021,292,23,0,2999,42278091
1617849472,1021,292,23,0,2999,42321446
1617849548,1021,292,23,0,2999,42365662
1617849622,1021,292,23,0,2999,42409230
1617849694,1021,292,23,0,2999,42452016
1617849767,1021,292,23,0,2999,42494855
1617849838,1021,292,23,0,2999,42537693
1617849899,1021,292,23,0,2999,42576429
1617849957,1021,292,23,0,2999,42612639
1617850014,1021,292,23,0,2999,42644766
1617850101,1022,293,23,0,3002,42690846
1617850186,1023,294,23,0,3007,42736926
1617850262,1023,294,23,0,3007,42765455
1617850324,1023,294,23,0,3007,42795649
1617850396,1023,294,23,0,3007,42831698
1617850475,1023,294,23,0,3007,42872632
1617850558,1023,294,23,0,3007,42914125
1617850639,1023,294,23,0,3007,42957347
1617850718,1023,294,23,0,3007,43001612
1617850792,1023,294,23,0,3007,43045136
1617850864,1023,294,23,0,3007,43087892
1617850936,1023,294,23,0,3007,43130721
1617851012,1023,294,23,0,3007,43173561
1617851076,1023,294,23,0,3007,43212280
1617851136,1023,294,23,0,3007,43248490
1617851193,1023,294,23,0,3007,43280094
1617851281,1023,294,23,0,3007,43326174
1617851357,1023,294,23,0,3007,43354494
1617851417,1023,294,23,0,3007,43384367
1617851489,1023,294,23,0,3007,43419865
1617851569,1023,294,23,0,3007,43460350
1617851647,1023,294,23,0,3007,43502497
1617851721,1023,294,23,0,3007,43545551
1617851796,1023,294,23,0,3007,43589935
1617851873,1023,294,23,0,3007,43633496
1617851947,1023,294,23,0,3007,43676201
1617852019,1023,294,23,0,3007,43719034
1617852091,1023,294,23,0,3007,43761870
1617852155,1023,294,23,0,3007,43800576
1617852216,1023,294,23,0,3007,43836786
1617852271,1023,294,23,0,3007,43868396
1617852356,1025,294,23,0,3007,43914476
1617852429,1025,294,23,0,3007,43942696
1617852488,1025,294,23,0,3007,43972332
1617852559,1025,294,23,0,3007,44008914
1617852635,1025,294,23,0,3007,44047053
1617852711,1025,294,23,0,3007,44088701
1617852789,1025,294,23,0,3007,44131489
1617852862,1025,294,23,0,3007,44175154
1617852936,1025,294,23,0,3007,44218308
1617853007,1025,294,23,0,3007,44260512
1617853082,1025,294,23,0,3007,44302804
1617853153,1025,294,23,0,3007,44345130
1617853215,1025,294,23,0,3007,44383259
1617853275,1025,294,23,0,3007,44418959
1617853333,1026,294,23,0,3007,44450568
1617853420,1026,294,23,0,3007,44496136
1617853492,1026,294,23,0,3007,44523371
1617853553,1026,294,23,0,3007,44554018
1617853624,1026,294,23,0,3007,44589701
1617853697,1026,294,23,0,3007,44628866
1617853773,1026,294,23,0,3007,44670718
1617853846,1026,294,23,0,3007,44713576
1617853917,1026,294,23,0,3007,44757152
1617853991,1026,294,23,0,3007,44800213
1617854062,1026,294,23,0,3007,44842417
1617854134,1026,294,23,0,3007,44884739
1617854205,1026,294,23,0,3007,44927060
1617854270,1026,294,23,0,3007,44965291
1617854330,1026,294,23,0,3007,45000991
1617854386,1026,294,23,0,3007,45032099
1617854470,1026,294,23,0,3007,45077667
1617854546,1026,294,23,0,3007,45105673
1617854604,1026,294,23,0,3007,45136181
1617854677,1026,294,23,0,3007,45172195
1617854750,1026,294,23,0,3007,45210422
1617854826,1026,294,23,0,3007,45252133
1617854905,1026,294,23,0,3007,45295050
1617854977,1026,294,23,0,3007,45338721
1617855050,1026,294,23,0,3007,45381741
1617855121,1026,294,23,0,3007,45423995
1617855196,1026,294,23,0,3007,45466313
1617855267,1026,294,23,0,3007,45508643
1617855328,1026,294,23,0,3007,45546872
1617855388,1026,294,23,0,3007,45582572
1617855446,1026,294,23,0,3007,45613677
1617855529,1027,295,23,0,3013,45659245
1617855612,1027,295,23,0,3013,45704813
1617855684,1027,295,23,0,3013,45732734
1617855749,1027,295,23,0,3013,45762472
1617855820,1027,295,23,0,3013,45797794
1617855896,1027,295,23,0,3013,45837343
1617855973,1027,295,23,0,3013,45879293
1617856051,1027,295,23,0,3013,45922427
1617856126,1027,295,23,0,3013,45966231
1617856200,1027,295,23,0,3013,46009293
1617856270,1027,295,23,0,3013,46051490
1617856346,1027,295,23,0,3013,46093808
1617856417,1027,295,23,0,3013,46136138
1617856478,1027,295,23,0,3013,46174344
1617856535,1027,295,23,0,3013,46209534
1617856592,1027,295,23,0,3013,46240638
1617856676,1028,295,23,0,3013,46286206
1617856753,1028,295,23,0,3013,46314382
1617856814,1028,295,23,0,3013,46345318
1617856885,1028,295,23,0,3013,46381249
1617856962,1028,295,23,0,3013,46420967
1617857040,1028,295,23,0,3013,46463020
1617857116,1028,295,23,0,3013,46506294
1617857193,1028,295,23,0,3013,46550198
1617857269,1028,295,23,0,3013,46593730
1617857354,1028,295,23,0,3013,46636496
1617857428,1028,295,23,0,3013,46679328
1617857497,1028,295,23,0,3013,46722167
1617857561,1028,295,23,0,3013,46760919
1617857620,1028,295,23,0,3013,46796619
1617857676,1028,295,23,0,3013,46828224
1617857759,1029,295,23,0,3013,46874304
1617857826,1029,295,23,0,3013,46902252
1617857883,1029,295,23,0,3013,46932658
