1617861255,20,8,0,0,4929,46
1617861268,20,8,0,0,4929,3125
1617861273,23,10,1,0,4934,5734
1617861278,39,17,2,0,5103,8916
1617861284,84,35,2,0,5891,12170
1617861292,140,50,2,0,6178,16284
1617861300,265,79,2,0,6605,20598
1617861308,345,92,2,0,6703,25085
1617861316,489,128,2,0,7042,29589
1617861323,592,155,2,0,7462,34127
1617861330,611,157,2,0,7494,38715
1617861337,652,162,2,0,7617,43305
1617861344,658,165,2,0,7630,47385
1617861348,663,166,2,0,7672,50445
1617861356,748,189,4,0,7991,55053
1617861363,773,203,4,0,8104,59661
1617861369,789,204,4,0,8117,64269
1617861377,806,209,4,0,8151,68877
1617861384,816,212,4,0,8158,73485
1617861391,832,216,4,0,8180,78093
1617861450,849,218,7,0,8198,98584
1617861485,889,222,8,0,8224,118329
1617861532,923,234,10,0,8409,142303
1617861581,968,240,11,0,8440,168280
1617861638,1054,247,13,0,8466,197455
1617861699,1133,254,13,0,8500,226928
1617861766,1238,270,14,0,8564,259039
1617861831,1289,279,17,0,8708,292631
1617861894,1318,282,18,0,8715,326280
1617861954,1331,284,18,0,8742,359928
1617862013,1334,284,18,0,8742,393588
1617862073,1337,286,18,0,8746,426738
1617862121,1344,289,19,0,8750,453258
1617862123,1344,289,19,0,8750,453768
1617862186,1387,296,19,0,8777,488072
1617862248,1421,305,19,0,8931,522376
1617862312,1444,310,20,0,8987,556680
1617862381,1458,312,24,0,8993,590984
1617862467,1469,314,28,0,9014,617670
1617862523,1478,314,28,0,9014,642373
1617862596,1492,316,28,0,9017,674437
1617862675,1519,319,28,0,9049,708798
1617862759,1562,322,29,0,9070,746476
1617862848,1602,330,30,0,9087,785348
1617862935,1647,333,30,0,9094,824497
1617863021,1708,340,32,0,9174,863767
1617863101,1745,340,33,0,9174,903037
1617863178,1758,340,33,0,9174,942307
1617863250,1762,341,33,0,9176,981577
1617863318,1762,341,33,0,9176,1020337
1617863373,1765,341,35,0,9176,1050937
1617863376,1766,341,35,0,9176,1051957
1617863450,1795,347,37,0,9295,1091893
1617863525,1819,349,38,0,9386,1131829
1617863600,1837,352,38,0,9392,1171765
1617863674,1847,352,39,0,9392,1211701
1617863762,1847,352,39,0,9392,1238758
1617863828,1848,352,39,0,9392,1266479
1617863903,1852,353,40,0,9393,1297618
1617863979,1856,353,40,0,9393,1329770
1617864063,1883,355,41,0,9401,1366446
1617864154,1893,355,41,0,9401,1405417
1617864242,1918,356,43,0,9402,1445037
1617864330,1937,361,43,0,9465,1484816
1617864413,1960,363,43,0,9468,1524595
1617864492,1969,364,43,0,9469,1564375
1617864565,1973,366,43,0,9472,1604155
1617864637,1975,367,43,0,9487,1643935
1617864694,1975,367,43,0,9487,1675555
1617864697,1975,367,43,0,9487,1676575
1617864772,1989,368,43,0,9496,1717023
1617864847,2001,369,44,0,9510,1757471
1617864940,2001,369,44,0,9510,1787112
1617865006,2001,369,44,0,9510,1815032
1617865086,2001,369,44,0,9510,1848130
1617865176,2008,369,47,0,9510,1886300
1617865269,2018,369,48,0,9510,1926437
1617865369,2026,369,49,0,9510,1968131
1617865464,2036,371,49,0,9541,2010387
1617865555,2050,371,49,0,9541,2052717
1617865649,2067,372,50,0,9547,2095047
1617865732,2072,372,50,0,9547,2137377
1617865809,2072,372,50,0,9547,2179707
1617865885,2074,372,50,0,9547,2222032
1617865946,2078,372,50,0,9547,2254672
1617865952,2078,372,50,0,9547,2257222
1617866034,2088,374,51,0,9550,2300230
1617866113,2099,374,53,0,9550,2343238
1617866193,2107,374,53,0,9550,2386246
1617866278,2107,374,53,0,9550,2411276
1617866344,2110,374,53,0,9550,2438711
1617866416,2111,374,53,0,9550,2469071
1617866501,2118,374,59,0,9550,2504908
1617866590,2118,374,59,0,9550,2542092
1617866681,2125,374,60,0,9550,2581292
1617866772,2132,375,61,0,9559,2620989
1617866861,2145,375,61,0,9559,2660764
1617866949,2157,376,62,0,9561,2700541
1617867029,2163,376,63,0,9561,2740321
1617867102,2165,377,63,0,9563,2780101
1617867175,2166,378,63,0,9566,2819881
1617867231,2167,378,64,0,9566,2850481
1617867238,2167,378,64,0,9566,2853031
1617867315,2175,380,64,0,9569,2893479
1617867389,2180,381,64,0,9570,2933927
1617867464,2189,383,64,0,9587,2974375
1617867553,2189,383,66,0,9587,3001465
1617867613,2189,383,66,0,9587,3027358
1617867687,2189,383,66,0,9587,3058470
1617867770,2189,383,66,0,9587,3093563
1617867856,2191,383,67,0,9587,3129834
1617867948,2193,383,67,0,9587,3168928
1617868041,2197,383,67,0,9587,3208932
1617868130,2206,383,67,0,9587,3249219
1617868216,2212,383,67,0,9587,3289509
1617868301,2214,383,67,0,9587,3329799
1617868377,2215,384,67,0,9590,3370089
1617868455,2215,384,67,0,9590,3410378
1617868510,2215,384,67,0,9590,3440468
1617868517,2215,384,67,0,9590,3443528
1617868593,2218,385,67,0,9591,3484488
1617868671,2221,385,67,0,9591,3525448
1617868757,2221,385,67,0,9591,3551937
1617868818,2221,385,67,0,9591,3577874
1617868892,2223,385,69,0,9591,3609237
1617868976,2223,385,69,0,9591,3644301
1617869059,2224,385,69,0,9591,3680128
1617869149,2226,385,69,0,9591,3719126
1617869243,2228,385,70,0,9591,3759070
1617869330,2231,385,70,0,9591,3799360
1617869417,2233,385,70,0,9591,3839650
1617869500,2236,386,70,0,9592,3879940
1617869578,2239,386,71,0,9592,3920230
1617869651,2239,386,71,0,9592,3960520
1617869705,2239,386,71,0,9592,3990610
1617869713,2239,386,71,0,9592,3993670
1617869790,2242,386,71,0,9592,4034630
1617869876,2242,386,71,0,9592,4060453
1617869937,2243,386,72,0,9592,4086280
1617870007,2244,386,73,0,9592,4115954
1617870085,2244,386,73,0,9592,4148869
1617870166,2244,386,73,0,9592,4183881
1617870253,2245,386,73,0,9592,4220961
1617870339,2246,386,73,0,9592,4258676
1617870422,2246,386,73,0,9592,4296926
1617870512,2259,386,74,0,9592,4335176
1617870590,2263,386,75,0,9592,4373426
1617870661,2266,386,75,0,9592,4411676
1617870728,2267,386,75,0,9592,4449925
1617870782,2267,386,75,0,9592,4477975
1617870789,2267,386,75,0,9592,4481035
1617870863,2271,386,76,0,9592,4519947
1617870946,2271,386,76,0,9592,4544856
1617871007,2271,386,76,0,9592,4570140
1617871078,2272,386,77,0,9592,4599761
1617871154,2273,386,78,0,9592,4632470
1617871234,2273,386,78,0,9592,4666690
1617871326,2276,386,80,0,9592,4703179
1617871414,2277,386,80,0,9592,4741331
1617871500,2279,386,80,0,9592,4780089
1617871583,2287,387,80,0,9594,4818849
1617871664,2291,387,81,0,9594,4857609
1617871736,2293,387,81,0,9594,4896369
1617871805,2293,387,81,0,9594,4935097
1617871858,2294,387,81,0,9594,4964167
1617871865,2294,387,81,0,9594,4967227
1617871939,2296,388,81,0,9597,5006651
1617872012,2300,389,82,0,9618,5046075
1617872093,2300,389,82,0,9618,5069797
1617872154,2300,389,82,0,9618,5095778
1617872222,2300,389,82,0,9618,5124681
1617872299,2300,389,82,0,9618,5156879
1617872379,2301,389,83,0,9618,5190536
1617872467,2301,389,83,0,9618,5227790
1617872557,2302,389,83,0,9618,5266185
1617872644,2307,390,83,0,9636,5304942
1617872730,2311,390,83,0,9636,5343702
1617872809,2311,390,83,0,9636,5382462
1617872882,2312,390,83,0,9636,5421222
1617872951,2312,390,83,0,9636,5459982
1617873006,2312,390,83,0,9636,5489562
1617873013,2312,390,83,0,9636,5493132
1617873088,2313,390,84,0,9636,5532556
1617873172,2313,390,84,0,9636,5557311
1617873235,2314,390,84,0,9636,5583427
1617873307,2314,390,84,0,9636,5613480
1617873385,2314,390,84,0,9636,5646384
1617873470,2315,390,85,0,9636,5681807
1617873558,2316,390,86,0,9636,5719495
1617873646,2316,390,86,0,9636,5757598
1617873733,2317,390,86,0,9636,5796322
1617873825,2320,390,86,0,9636,5835061
1617873906,2320,390,86,0,9636,5873821
1617873977,2322,390,87,0,9636,5912581
1617874049,2323,390,88,0,9636,5951341
1617874104,2323,390,88,0,9636,5980921
1617874111,2324,390,89,0,9636,5984491
1617874193,2327,392,90,0,9638,6023915
1617874267,2330,393,90,0,9665,6063339
1617874342,2334,393,91,0,9665,6102763
1617874424,2334,393,91,0,9665,6127364
1617874483,2334,393,91,0,9665,6151785
1617874553,2334,393,91,0,9665,6181546
1617874629,2335,393,92,0,9665,6213709
1617874709,2335,393,92,0,9665,6247220
1617874792,2335,393,92,0,9665,6283124
1617874878,2336,393,93,0,9665,6320610
1617874966,2337,393,93,0,9665,6358341
1617875048,2338,393,93,0,9665,6396081
1617875127,2340,393,93,0,9665,6433821
1617875196,2340,393,93,0,9665,6471561
1617875266,2340,393,93,0,9665,6509301
1617875318,2340,393,93,0,9665,6538371
1617875326,2340,393,93,0,9665,6541941
1617875398,2347,396,93,0,9670,6580341
1617875470,2350,396,93,0,9670,6618741
1617875542,2353,396,93,0,9670,6657141
1617875624,2353,396,93,0,9670,6681612
1617875679,2353,396,93,0,9670,6704594
1617875748,2353,396,93,0,9670,6733782
1617875824,2353,396,93,0,9670,6765596
1617875905,2353,396,93,0,9670,6799343
1617875990,2353,396,93,0,9670,6835884
1617876077,2355,396,93,0,9670,6873351
1617876163,2356,396,94,0,9670,6911087
1617876243,2358,396,94,0,9670,6948827
1617876321,2361,396,95,0,9670,6986567
1617876390,2361,396,95,0,9670,7024307
1617876460,2361,396,95,0,9670,7062046
1617876513,2361,396,95,0,9670,7090606
1617876520,2361,396,95,0,9670,7093666
1617876591,2365,396,95,0,9670,7132066
1617876672,2365,396,95,0,9670,7155674
1617876727,2365,396,95,0,9670,7178193
1617876798,2365,396,95,0,9670,7207979
1617876875,2365,396,95,0,9670,7240550
1617876955,2366,396,96,0,9670,7274104
1617877042,2367,396,97,0,9670,7310026
1617877127,2369,396,97,0,9670,7347495
1617877210,2370,396,98,0,9670,7385230
1617877294,2372,396,98,0,9670,7422970
1617877374,2375,396,98,0,9670,7460710
1617877443,2375,396,98,0,9670,7498450
1617877511,2375,396,98,0,9670,7536189
1617877563,2375,396,98,0,9670,7564749
1617877569,2375,396,98,0,9670,7567809
1617877651,2378,397,98,0,9671,7606209
1617877725,2380,397,99,0,9671,7644609
1617877804,2380,397,99,0,9671,7668153
1617877862,2380,397,99,0,9671,7692547
1617877926,2380,397,99,0,9671,7719496
1617877990,2380,397,99,0,9671,7751138
1617878055,2380,397,99,0,9671,7784011
1617878123,2381,397,99,0,9671,7819313
1617878193,2381,397,99,0,9671,7856208
1617878263,2381,397,99,0,9671,7893388
1617878331,2381,397,99,0,9671,7930618
1617878394,2381,397,99,0,9671,7967848
1617878451,2382,397,99,0,9671,8005078
1617878505,2382,397,99,0,9671,8041798
1617878556,2382,397,99,0,9671,8070358
1617878562,2383,397,99,0,9671,8073418
1617878620,2385,398,99,0,9672,8111306
1617878678,2387,398,100,0,9672,8149194
1617878748,2387,398,100,0,9672,8173267
1617878793,2387,398,100,0,9672,8196159
1617878848,2388,398,101,0,9672,8223554
1617878907,2389,398,102,0,9672,8254128
1617878973,2389,398,102,0,9672,8288016
1617879042,2389,398,102,0,9672,8323452
1617879113,2390,398,103,0,9672,8360829
1617879184,2390,398,103,0,9672,8398567
1617879250,2392,399,103,0,9677,8436307
1617879315,2392,399,103,0,9677,8474047
1617879371,2392,399,103,0,9677,8511277
1617879426,2392,399,103,0,9677,8547996
1617879469,2392,399,103,0,9677,8576556
1617879475,2392,399,103,0,9677,8580126
1617879534,2394,399,103,0,9677,8618526
1617879605,2394,399,103,0,9677,8642650
1617879648,2394,399,103,0,9677,8664689
1617879701,2395,399,104,0,9677,8692672
1617879762,2396,399,104,0,9677,8723930
1617879825,2398,399,104,0,9677,8756463
1617879893,2398,399,104,0,9677,8792209
1617879963,2400,399,105,0,9677,8829234
1617880032,2400,399,105,0,9677,8866382
1617880102,2403,399,106,0,9677,8903575
1617880166,2406,400,106,0,9678,8940805
1617880221,2406,400,106,0,9678,8977015
1617880274,2406,400,106,0,9678,9013217
1617880318,2406,400,106,0,9678,9041777
1617880324,2406,400,106,0,9678,9045347
1617880384,2407,401,106,0,9681,9083235
1617880442,2409,402,106,0,9687,9121123
1617880512,2410,402,107,0,9687,9145076
1617880559,2410,402,107,0,9687,9170027
1617880616,2410,402,107,0,9687,9199328
1617880678,2410,402,107,0,9687,9230196
1617880743,2414,403,108,0,9688,9263975
1617880813,2414,403,108,0,9688,9300832
1617880884,2415,403,108,0,9688,9339023
1617880960,2421,403,108,0,9688,9377510
1617881027,2422,403,109,0,9688,9415760
1617881087,2422,403,109,0,9688,9453500
1617881143,2423,403,109,0,9688,9490730
1617881198,2423,403,109,0,9688,9527960
1617881245,2423,403,109,0,9688,9557540
1617881251,2423,403,109,0,9688,9561110
1617881312,2424,403,109,0,9688,9600534
1617881376,2424,403,109,0,9688,9621977
1617881417,2424,403,109,0,9688,9642388
1617881466,2424,403,109,0,9688,9667714
1617881519,2424,403,109,0,9688,9695171
1617881577,2425,403,110,0,9688,9725063
1617881639,2425,403,110,0,9688,9757711
1617881702,2430,403,111,0,9688,9791470
1617881764,2432,403,111,0,9688,9824581
1617881821,2436,404,112,0,9700,9857700
1617881876,2439,405,112,0,9701,9890340
1617881926,2439,405,112,0,9701,9922980
1617881975,2439,405,112,0,9701,9955620
1617882014,2439,405,112,0,9701,9981630
1617882020,2440,405,112,0,9701,9985200
1617882074,2445,408,112,0,9711,10020016
1617882128,2447,408,112,0,9711,10054832
1617882183,2449,408,112,0,9711,10089648
1617882246,2449,408,112,0,9711,10110127
1617882285,2449,408,112,0,9711,10130586
1617882333,2449,408,112,0,9711,10154927
1617882385,2449,408,112,0,9711,10181813
1617882448,2450,408,113,0,9711,10212601
1617882512,2451,408,113,0,9711,10244997
1617882575,2452,408,113,0,9711,10278653
1617882635,2454,408,113,0,9711,10311771
1617882691,2454,408,113,0,9711,10344890
1617882745,2455,408,113,0,9711,10377498
1617882796,2456,408,113,0,9711,10410138
1617882845,2456,408,113,0,9711,10442778
1617882885,2456,408,113,0,9711,10469298
1617882891,2456,408,113,0,9711,10472868
1617882945,2457,408,113,0,9711,10507684
1617883009,2457,408,113,0,9711,10528781
1617883054,2458,408,114,0,9711,10550663
1617883101,2458,408,114,0,9711,10575117
1617883157,2458,408,114,0,9711,10603798
1617883218,2458,408,114,0,9711,10635619
1617883280,2459,408,114,0,9711,10667866
1617883345,2461,408,114,0,9711,10701236
1617883403,2462,408,114,0,9711,10733836
1617883459,2462,408,114,0,9711,10766445
1617883513,2462,408,114,0,9711,10798574
1617883562,2462,408,114,0,9711,10830704
1617883610,2462,408,114,0,9711,10862834
1617883651,2462,408,114,0,9711,10888844
1617883658,2462,408,114,0,9711,10892414
1617883711,2463,408,114,0,9711,10926718
1617883775,2463,408,114,0,9711,10948074
1617883815,2463,408,114,0,9711,10968719
1617883863,2464,408,114,0,9711,10993872
1617883914,2464,408,114,0,9711,11020510
1617883978,2465,408,115,0,9711,11051775
1617884041,2465,408,115,0,9711,11084493
1617884103,2465,408,115,0,9711,11117678
1617884162,2467,408,115,0,9711,11150286
1617884219,2468,408,115,0,9711,11182890
1617884277,2468,408,115,0,9711,11215010
1617884326,2470,408,115,0,9711,11247140
1617884375,2471,408,115,0,9711,11279269
1617884415,2471,408,115,0,9711,11305279
1617884422,2471,408,115,0,9711,11308849
1617884476,2473,408,116,0,9711,11343153
1617884539,2473,408,116,0,9711,11363513
1617884581,2473,408,116,0,9711,11384201
1617884629,2473,408,116,0,9711,11408517
1617884683,2473,408,117,0,9711,11436566
1617884743,2473,408,117,0,9711,11467666
1617884806,2473,408,117,0,9711,11500413
1617884873,2473,408,117,0,9711,11533979
1617884931,2473,408,117,0,9711,11566589
1617884987,2474,408,117,0,9711,11599197
1617885040,2478,409,117,0,9713,11631296
1617885088,2478,409,117,0,9713,11663426
1617885138,2478,409,117,0,9713,11695556
1617885179,2478,409,117,0,9713,11721566
1617885186,2478,409,117,0,9713,11725136
1617885239,2480,409,117,0,9713,11759440
1617885306,2480,409,117,0,9713,11781729
1617885348,2480,409,117,0,9713,11803103
1617885397,2480,409,117,0,9713,11827932
1617885451,2480,409,117,0,9713,11855271
1617885512,2480,409,117,0,9713,11886761
1617885575,2480,409,117,0,9713,11919866
1617885638,2480,409,117,0,9713,11953620
1617885697,2480,409,117,0,9713,11986732
1617885756,2481,409,117,0,9713,12019851
1617885811,2482,409,118,0,9713,12052481
1617885860,2482,409,118,0,9713,12085121
1617885909,2482,409,118,0,9713,12117760
1617885949,2482,409,118,0,9713,12143770
1617885955,2482,409,118,0,9713,12147340
1617886010,2482,409,118,0,9713,12182156
1617886075,2482,409,118,0,9713,12203759
1617886114,2482,409,118,0,9713,12226435
1617886155,2482,409,118,0,9713,12252217
1617886200,2482,409,118,0,9713,12279905
1617886252,2482,409,118,0,9713,12311705
1617886302,2482,409,118,0,9713,12344795
1617886353,2482,409,118,0,9713,12378857
1617886400,2482,409,118,0,9713,12411975
1617886446,2482,409,118,0,9713,12445089
1617886488,2483,409,118,0,9713,12477698
1617886527,2483,409,118,0,9713,12510338
1617886566,2483,409,118,0,9713,12542977
1617886598,2483,409,118,0,9713,12568987
1617886603,2483,409,118,0,9713,12572557
1617886646,2483,409,118,0,9713,12607373
1617886701,2483,409,118,0,9713,12628595
1617886733,2483,409,118,0,9713,12649304
1617886772,2483,409,118,0,9713,12674328
1617886814,2483,409,118,0,9713,12702028
1617886862,2483,409,118,0,9713,12733514
1617886912,2483,409,118,0,9713,12766500
1617886962,2483,409,118,0,9713,12800123
1617887009,2483,409,118,0,9713,12833240
1617887055,2483,409,118,0,9713,12866360
1617887098,2483,409,118,0,9713,12898974
1617887137,2483,409,118,0,9713,12931614
1617887176,2483,409,118,0,9713,12964253
1617887208,2483,409,118,0,9713,12990263
1617887213,2483,409,118,0,9713,12993833
1617887256,2484,409,118,0,9713,13028649
1617887311,2484,409,118,0,9713,13049865
1617887344,2484,409,118,0,9713,13070683
1617887382,2484,409,118,0,9713,13095658
1617887425,2484,409,118,0,9713,13124178
1617887474,2484,409,118,0,9713,13155998
1617887523,2484,409,118,0,9713,13188613
1617887572,2484,409,118,0,9713,13222143
1617887619,2484,409,118,0,9713,13255263
1617887665,2486,409,118,0,9713,13288382
1617887708,2486,409,118,0,9713,13320990
1617887748,2486,409,118,0,9713,13353630
1617887787,2487,409,118,0,9713,13386270
1617887819,2487,409,118,0,9713,13412280
1617887824,2487,409,118,0,9713,13415850
1617887867,2488,410,118,0,9716,13450666
1617887910,2488,410,118,0,9716,13485482
1617887966,2488,410,118,0,9716,13506999
1617887999,2488,410,118,0,9716,13528418
1617888038,2488,410,118,0,9716,13553593
1617888082,2488,410,118,0,9716,13582787
1617888131,2488,410,118,0,9716,13614659
1617888183,2488,410,118,0,9716,13647077
1617888231,2490,410,118,0,9716,13680681
1617888279,2492,411,118,0,9717,13713801
1617888326,2492,411,118,0,9717,13746919
1617888368,2492,411,118,0,9717,13779527
1617888408,2492,411,118,0,9717,13812167
1617888447,2492,411,118,0,9717,13844806
1617888479,2492,411,118,0,9717,13870816
1617888484,2492,411,118,0,9717,13874386
1617888526,2493,411,118,0,9717,13909202
1617888582,2493,411,118,0,9717,13931228
1617888617,2493,411,118,0,9717,13953633
1617888654,2493,411,118,0,9717,13978151
1617888699,2493,411,118,0,9717,14007851
1617888748,2493,411,118,0,9717,14039647
1617888798,2493,411,118,0,9717,14072829
1617888848,2494,411,118,0,9717,14106894
1617888896,2495,411,118,0,9717,14140507
1617888943,2495,411,118,0,9717,14174131
1617888985,2495,411,118,0,9717,14207281
1617889025,2496,411,118,0,9717,14240431
1617889066,2497,411,118,0,9717,14273529
1617889098,2497,411,118,0,9717,14300049
1617889103,2497,411,118,0,9717,14303619
1617889146,2499,412,118,0,9727,14338947
1617889189,2499,412,118,0,9727,14374275
1617889244,2499,412,118,0,9727,14395714
1617889278,2499,412,118,0,9727,14417616
1617889317,2499,412,118,0,9727,14443737
1617889361,2499,412,118,0,9727,14472510
1617889411,2499,412,118,0,9727,14505346
1617889462,2499,412,118,0,9727,14538851
1617889511,2499,412,118,0,9727,14572951
1617889559,2500,412,118,0,9727,14607089
1617889608,2500,412,118,0,9727,14641249
1617889653,2500,412,118,0,9727,14674909
1617889693,2500,412,118,0,9727,14708059
1617889733,2500,412,118,0,9727,14741170
1617889766,2500,412,118,0,9727,14767690
1617889771,2500,412,118,0,9727,14771260
1617889814,2500,412,118,0,9727,14806588
1617889868,2500,412,118,0,9727,14827250
1617889901,2500,412,118,0,9727,14848546
1617889938,2500,412,118,0,9727,14872859
1617889981,2500,412,118,0,9727,14901592
1617890031,2500,412,118,0,9727,14933848
1617890083,2500,412,118,0,9727,14967071
1617890134,2500,412,118,0,9727,15001105
1617890186,2501,412,118,0,9727,15035234
1617890238,2501,412,118,0,9727,15069368
1617890287,2501,412,118,0,9727,15103028
1617890332,2501,412,118,0,9727,15136178
1617890377,2501,412,118,0,9727,15169327
1617890413,2501,412,118,0,9727,15195847
1617890420,2501,412,118,0,9727,15199417
1617890474,2502,412,118,0,9727,15234745
1617890539,2502,412,118,0,9727,15256883
1617890579,2502,412,118,0,9727,15278080
1617890627,2502,412,118,0,9727,15303593
1617890683,2503,412,119,0,9727,15332077
1617890749,2503,412,119,0,9727,15364174
1617890822,2503,412,119,0,9727,15397749
1617890893,2503,412,119,0,9727,15431802
1617890969,2504,412,120,0,9727,15465422
1617891048,2504,412,120,0,9727,15499050
1617891120,2504,412,120,0,9727,15532192
1617891185,2504,412,120,0,9727,15565342
1617891249,2504,412,120,0,9727,15598491
1617891300,2504,412,120,0,9727,15625011
1617891309,2504,412,120,0,9727,15628581
1617891380,2504,412,120,0,9727,15663909
1617891459,2504,412,120,0,9727,15686093
1617891513,2504,412,120,0,9727,15707482
1617891579,2504,412,120,0,9727,15734005
1617891649,2504,412,120,0,9727,15762547
1617891727,2504,412,120,0,9727,15793763
1617891808,2504,412,120,0,9727,15826421
1617891888,2504,412,120,0,9727,15860496
1617891966,2504,412,120,0,9727,15894116
1617892043,2505,412,120,0,9727,15927745
1617892115,2505,412,120,0,9727,15960895
1617892179,2505,412,120,0,9727,15994045
1617892243,2505,412,120,0,9727,16027182
1617892293,2505,412,120,0,9727,16053702
1617892302,2505,412,120,0,9727,16057272
1617892373,2507,412,121,0,9727,16092600
1617892454,2507,412,121,0,9727,16115652
1617892509,2507,412,121,0,9727,16136977
1617892574,2507,412,121,0,9727,16163186
1617892645,2507,412,121,0,9727,16192442
1617892725,2507,412,121,0,9727,16224716
1617892805,2507,412,121,0,9727,16258115
1617892885,2508,412,122,0,9727,16292133
1617892964,2509,412,123,0,9727,16326271
1617893045,2509,412,123,0,9727,16360415
1617893117,2509,412,123,0,9727,16394075
1617893181,2509,412,123,0,9727,16427225
1617893246,2510,413,123,0,9728,16460375
1617893298,2510,413,123,0,9728,16486895
1617893308,2510,413,123,0,9728,16490465
1617893382,2510,413,123,0,9728,16525793
1617893467,2510,413,123,0,9728,16548198
1617893520,2510,413,123,0,9728,16569419
1617893584,2510,413,123,0,9728,16594972
1617893654,2511,413,124,0,9728,16623539
1617893734,2511,413,124,0,9728,16655336
1617893814,2511,413,124,0,9728,16688479
1617893895,2511,413,124,0,9728,16722549
1617893973,2511,413,124,0,9728,16756176
1617894049,2512,413,124,0,9728,16789826
1617894121,2512,413,124,0,9728,16822976
1617894187,2512,413,124,0,9728,16856126
1617894250,2512,413,124,0,9728,16889273
1617894302,2512,413,124,0,9728,16915793
1617894312,2512,413,124,0,9728,16919363
1617894381,2514,413,124,0,9728,16954691
1617894461,2514,413,124,0,9728,16976603
1617894512,2514,413,124,0,9728,16997556
1617894574,2514,413,124,0,9728,17022676
1617894644,2514,413,124,0,9728,17051009
1617894722,2514,413,124,0,9728,17082738
1617894804,2515,413,125,0,9728,17115672
1617894883,2515,413,125,0,9728,17149681
1617894961,2516,413,126,0,9728,17183308
1617895038,2516,413,126,0,9728,17216936
1617895110,2517,413,127,0,9728,17250086
1617895175,2517,413,127,0,9728,17283236
1617895239,2517,413,127,0,9728,17316383
1617895291,2517,413,127,0,9728,17342903
1617895299,2517,413,127,0,9728,17346473
1617895371,2518,414,127,0,9749,17381801
1617895442,2519,415,127,0,9750,17417129
1617895520,2519,415,127,0,9750,17438453
1617895578,2519,415,127,0,9750,17461644
1617895641,2519,415,127,0,9750,17486475
1617895711,2519,415,127,0,9750,17514710
1617895790,2520,415,128,0,9750,17546845
1617895872,2525,416,130,0,9759,17580245
1617895953,2527,417,131,0,9760,17614170
1617896035,2528,417,131,0,9760,17648304
1617896114,2528,417,131,0,9760,17682464
1617896187,2531,417,131,0,9760,17716124
1617896253,2531,417,131,0,9760,17749274
1617896321,2531,417,132,0,9760,17782424
1617896373,2531,417,132,0,9760,17808944
1617896382,2531,417,132,0,9760,17812514
1617896453,2533,417,132,0,9760,17847842
1617896533,2533,417,132,0,9760,17870010
1617896589,2533,417,132,0,9760,17891781
1617896653,2533,417,132,0,9760,17917704
1617896728,2533,417,132,0,9760,17947900
1617896809,2533,417,132,0,9760,17980487
1617896893,2533,417,132,0,9760,18014491
1617896975,2533,417,132,0,9760,18048897
1617897056,2534,417,132,0,9760,18083029
1617897134,2534,417,132,0,9760,18117167
1617897207,2534,417,132,0,9760,18150827
1617897273,2534,417,132,0,9760,18184487
1617897338,2534,417,132,0,9760,18218117
1617897390,2534,417,132,0,9760,18245147
1617897400,2534,417,132,0,9760,18248717
1617897472,2534,417,132,0,9760,18284557
1617897551,2534,417,132,0,9760,18306883
1617897606,2534,417,132,0,9760,18328802
1617897673,2534,417,132,0,9760,18355587
1617897750,2535,417,133,0,9760,18385160
1617897832,2535,417,133,0,9760,18418279
1617897912,2535,417,133,0,9760,18452100
1617897993,2535,417,133,0,9760,18486661
1617898074,2535,417,133,0,9760,18521271
1617898154,2535,417,133,0,9760,18555919
1617898227,2535,417,133,0,9760,18590089
1617898291,2535,417,133,0,9760,18623749
1617898356,2535,417,133,0,9760,18657409
1617898409,2535,417,133,0,9760,18684439
1617898418,2535,417,133,0,9760,18688009
1617898489,2535,417,133,0,9760,18723849
1617898568,2535,417,133,0,9760,18745867
1617898628,2535,417,133,0,9760,18769774
1617898692,2535,417,133,0,9760,18795246
1617898769,2536,417,134,0,9760,18825341
1617898849,2536,417,134,0,9760,18857397
1617898934,2536,417,134,0,9760,18891414
1617899017,2536,417,134,0,9760,18925956
1617899097,2536,417,134,0,9760,18960088
1617899176,2536,417,134,0,9760,18994227
1617899250,2536,417,134,0,9760,19027887
1617899316,2536,417,134,0,9760,19061547
1617899382,2536,417,134,0,9760,19095199
1617899435,2536,417,134,0,9760,19122229
1617899443,2536,417,134,0,9760,19125799
1617899515,2537,417,135,0,9760,19161639
1617899593,2537,417,135,0,9760,19183318
1617899649,2537,417,135,0,9760,19205826
1617899714,2537,417,135,0,9760,19232200
1617899788,2537,417,135,0,9760,19262351
1617899871,2537,417,135,0,9760,19294132
1617899953,2538,417,136,0,9760,19328190
1617900035,2538,417,136,0,9760,19362802
1617900116,2538,417,136,0,9760,19396934
1617900195,2538,417,136,0,9760,19431073
1617900268,2538,417,136,0,9760,19464723
1617900334,2538,417,136,0,9760,19498383
1617900399,2538,417,136,0,9760,19532040
1617900453,2538,417,136,0,9760,19559070
1617900462,2538,417,136,0,9760,19562640
1617900534,2538,417,136,0,9760,19598480
1617900612,2538,417,136,0,9760,19620280
1617900670,2538,417,136,0,9760,19643096
1617900731,2538,417,136,0,9760,19667678
1617900805,2538,417,136,0,9760,19696873
1617900885,2538,417,136,0,9760,19729022
1617900968,2538,417,136,0,9760,19762655
1617901052,2538,417,136,0,9760,19797229
1617901135,2538,417,136,0,9760,19831838
1617901216,2538,417,136,0,9760,19866508
1617901289,2538,417,136,0,9760,19900678
1617901356,2538,417,136,0,9760,19934338
1617901422,2538,417,136,0,9760,19967998
1617901475,2538,417,136,0,9760,19995028
1617901484,2538,417,136,0,9760,19998598
1617901557,2540,417,136,0,9760,20034438
1617901636,2540,417,136,0,9760,20056034
1617901695,2540,417,136,0,9760,20078814
1617901761,2540,417,136,0,9760,20105136
1617901836,2540,417,136,0,9760,20134963
1617901921,2541,417,137,0,9760,20166967
1617902004,2541,417,137,0,9760,20200460
1617902086,2541,417,137,0,9760,20235069
1617902168,2541,417,137,0,9760,20269201
1617902246,2541,417,137,0,9760,20303339
1617902319,2542,417,137,0,9760,20336989
1617902385,2542,417,137,0,9760,20370649
1617902450,2543,418,137,0,9790,20404309
1617902503,2543,418,137,0,9790,20431339
1617902511,2543,418,137,0,9790,20434909
1617902585,2544,418,137,0,9790,20470749
1617902663,2544,418,137,0,9790,20492283
1617902718,2544,418,137,0,9790,20514016
1617902786,2545,418,137,0,9790,20540902
1617902861,2545,418,137,0,9790,20570872
1617902945,2545,418,137,0,9790,20603679
1617903030,2546,418,137,0,9790,20637393
1617903112,2547,418,138,0,9790,20672013
1617903193,2547,418,138,0,9790,20706183
1617903270,2548,418,138,0,9790,20740353
1617903344,2548,418,138,0,9790,20774013
1617903411,2548,418,138,0,9790,20807673
1617903477,2548,418,138,0,9790,20841316
1617903529,2548,418,138,0,9790,20867836
1617903538,2548,418,138,0,9790,20871406
1617903611,2549,419,138,0,9792,20907246
1617903683,2550,419,138,0,9792,20943086
1617903763,2550,419,138,0,9792,20965324
1617903821,2550,419,138,0,9792,20988014
1617903889,2550,419,138,0,9792,21015017
1617903963,2550,419,138,0,9792,21044577
1617904043,2550,419,138,0,9792,21076590
1617904124,2550,419,138,0,9792,21109872
1617904206,2550,419,138,0,9792,21144216
1617904286,2553,419,138,0,9792,21178386
1617904365,2553,419,138,0,9792,21212556
1617904440,2553,419,138,0,9792,21246216
1617904505,2553,419,138,0,9792,21279876
1617904571,2555,421,138,0,9828,21313536
1617904623,2555,421,138,0,9828,21340056
1617904632,2555,421,138,0,9828,21343626
1617904704,2557,422,138,0,9862,21379466
1617904783,2557,422,138,0,9862,21415306
1617904860,2557,422,138,0,9862,21436630
1617904917,2557,422,138,0,9862,21459596
1617904983,2557,422,138,0,9862,21486142
1617905056,2557,422,138,0,9862,21515936
1617905138,2557,422,138,0,9862,21548507
1617905222,2557,422,138,0,9862,21582871
1617905306,2558,422,138,0,9862,21617943
1617905388,2558,422,138,0,9862,21653133
1617905469,2558,422,138,0,9862,21688323
1617905544,2559,423,138,0,9875,21723003
1617905610,2559,423,138,0,9875,21757173
1617905676,2560,423,139,0,9875,21791343
1617905729,2560,423,139,0,9875,21818373
1617905737,2560,423,139,0,9875,21821943
1617905808,2562,424,139,0,9876,21858295
1617905883,2566,424,140,0,9876,21894647
1617905983,2566,424,140,0,9876,21916151
1617906040,2567,424,141,0,9876,21938679
1617906106,2567,424,141,0,9876,21965028
1617906180,2567,424,141,0,9876,21994631
1617906260,2567,424,141,0,9876,22027084
1617906339,2567,424,141,0,9876,22060041
1617906419,2569,425,141,0,9896,22094374
1617906502,2569,425,141,0,9896,22129051
1617906582,2569,425,141,0,9896,22163731
1617906658,2570,425,141,0,9896,22197901
1617906724,2573,425,141,0,9896,22231561
1617906790,2573,425,141,0,9896,22265209
1617906841,2573,425,141,0,9896,22291729
1617906850,2573,425,141,0,9896,22295299
1617906921,2574,426,141,0,9897,22331139
1617906993,2575,426,141,0,9897,22366979
1617907069,2576,426,141,0,9897,22387598
1617907124,2576,426,141,0,9897,22409032
1617907187,2576,426,141,0,9897,22434268
1617907256,2576,426,141,0,9897,22461594
1617907331,2577,426,141,0,9897,22491589
1617907412,2578,426,141,0,9897,22523594
1617907489,2578,426,141,0,9897,22556346
1617907564,2578,426,141,0,9897,22588953
1617907638,2579,426,141,0,9897,22621567
1617907707,2581,426,141,0,9897,22653677
1617907771,2581,426,141,0,9897,22685807
1617907833,2581,426,141,0,9897,22717937
1617907882,2581,426,141,0,9897,22743437
1617907891,2581,426,141,0,9897,22747007
1617907960,2583,426,141,0,9897,22781311
1617908038,2583,426,141,0,9897,22802671
1617908093,2583,426,141,0,9897,22823942
1617908158,2583,426,141,0,9897,22849803
1617908228,2583,426,141,0,9897,22877564
1617908307,2583,426,141,0,9897,22909203
1617908386,2583,426,141,0,9897,22941338
1617908465,2584,427,141,0,9898,22974631
1617908543,2584,427,141,0,9898,23007742
1617908618,2587,427,141,0,9898,23040867
1617908687,2588,427,141,0,9898,23073482
1617908750,2588,427,141,0,9898,23106122
1617908814,2588,427,141,0,9898,23138762
1617908866,2588,427,141,0,9898,23164772
1617908875,2588,427,141,0,9898,23168342
1617908945,2588,427,141,0,9898,23203158
1617909022,2588,427,141,0,9898,23224263
1617909077,2588,427,141,0,9898,23245895
1617909140,2589,427,142,0,9898,23270674
1617909212,2589,427,142,0,9898,23299619
1617909290,2589,427,142,0,9898,23330852
1617909370,2589,427,142,0,9898,23363461
1617909452,2589,427,142,0,9898,23396968
1617909531,2589,427,142,0,9898,23430593
1617909608,2589,427,142,0,9898,23464228
1617909679,2590,427,142,0,9898,23497368
1617909743,2590,427,142,0,9898,23530008
1617909807,2590,427,142,0,9898,23562600
1617909858,2590,427,142,0,9898,23588610
1617909867,2590,427,142,0,9898,23592180
1617909936,2591,427,142,0,9898,23626996
1617910016,2591,427,142,0,9898,23648610
1617910073,2591,427,142,0,9898,23670507
1617910143,2591,427,142,0,9898,23696420
1617910215,2591,427,142,0,9898,23725142
1617910293,2591,427,142,0,9898,23756828
1617910372,2591,427,142,0,9898,23789200
1617910452,2591,427,142,0,9898,23822737
1617910530,2591,427,142,0,9898,23855837
1617910606,2591,427,142,0,9898,23888967
1617910677,2591,427,142,0,9898,23921582
1617910742,2591,427,142,0,9898,23954222
1617910805,2591,427,142,0,9898,23986862
1617910855,2591,427,142,0,9898,24012872
1617910865,2591,427,142,0,9898,24016442
1617910935,2592,427,142,0,9898,24051258
1617911013,2592,427,142,0,9898,24072403
1617911067,2592,427,142,0,9898,24093338
1617911134,2592,427,142,0,9898,24119710
1617911204,2592,427,142,0,9898,24148236
1617911280,2592,427,142,0,9898,24178752
1617911357,2592,427,142,0,9898,24210785
1617911437,2592,427,142,0,9898,24244245
1617911517,2592,427,142,0,9898,24277812
1617911595,2593,427,142,0,9898,24311447
1617911667,2593,427,142,0,9898,24344572
1617911732,2593,427,142,0,9898,24377212
1617911795,2593,427,142,0,9898,24409852
1617911848,2593,427,142,0,9898,24435862
1617911857,2593,427,142,0,9898,24439432
1617911927,2593,427,142,0,9898,24474248
1617912006,2593,427,142,0,9898,24495901
1617912062,2593,427,142,0,9898,24517896
1617912129,2593,427,142,0,9898,24544169
1617912201,2594,427,143,0,9898,24572603
1617912282,2594,427,143,0,9898,24604780
1617912361,2595,427,144,0,9898,24636803
1617912445,2595,427,144,0,9898,24670398
1617912522,2595,427,144,0,9898,24703512
1617912595,2595,427,144,0,9898,24736637
1617912665,2595,427,144,0,9898,24769257
1617912729,2595,427,144,0,9898,24801897
1617912792,2595,427,144,0,9898,24834483
1617912843,2595,427,144,0,9898,24860493
1617912852,2595,427,144,0,9898,24864063
1617912922,2595,427,144,0,9898,24898879
1617913001,2595,427,144,0,9898,24920605
1617913058,2595,427,144,0,9898,24942444
1617913122,2595,427,144,0,9898,24968100
1617913192,2595,427,144,0,9898,24996706
1617913269,2595,427,144,0,9898,25027663
1617913347,2595,427,144,0,9898,25059973
1617913427,2595,427,144,0,9898,25093207
1617913504,2595,427,144,0,9898,25126321
1617913578,2595,427,144,0,9898,25159423
1617913649,2595,427,144,0,9898,25192043
1617913713,2595,427,144,0,9898,25224683
1617913776,2595,427,144,0,9898,25257323
1617913826,2595,427,144,0,9898,25283333
1617913835,2595,427,144,0,9898,25286903
1617913905,2596,427,144,0,9898,25321719
1617913985,2596,427,144,0,9898,25343222
1617914041,2596,427,144,0,9898,25365058
1617914105,2596,427,144,0,9898,25390504
1617914174,2596,427,144,0,9898,25418250
1617914252,2596,427,144,0,9898,25449504
1617914330,2596,427,144,0,9898,25481782
1617914415,2596,427,144,0,9898,25515256
1617914492,2596,427,144,0,9898,25548370
1617914569,2596,427,144,0,9898,25581456
1617914641,2597,427,144,0,9898,25614071
1617914706,2597,427,144,0,9898,25646711
1617914769,2597,427,144,0,9898,25679351
1617914821,2597,427,144,0,9898,25705361
1617914829,2597,427,144,0,9898,25708931
1617914902,2597,427,144,0,9898,25743747
1617914981,2597,427,144,0,9898,25765611
1617915036,2597,427,144,0,9898,25787235
1617915101,2597,427,144,0,9898,25812981
1617915172,2598,427,145,0,9898,25841043
1617915248,2598,427,145,0,9898,25872068
1617915325,2598,427,145,0,9898,25904290
1617915406,2598,427,145,0,9898,25937849
1617915486,2598,427,145,0,9898,25971473
1617915563,2598,427,145,0,9898,26005108
1617915635,2599,427,146,0,9898,26038232
1617915699,2599,427,146,0,9898,26070872
1617915763,2599,427,146,0,9898,26103502
1617915815,2599,427,146,0,9898,26129512
1617915823,2599,427,146,0,9898,26133082
1617915894,2601,427,146,0,9898,26167898
1617915973,2601,427,146,0,9898,26189589
1617916029,2601,427,146,0,9898,26211462
1617916093,2601,427,146,0,9898,26236455
1617916163,2601,427,146,0,9898,26264592
1617916241,2601,427,146,0,9898,26296146
1617916319,2602,427,147,0,9898,26328264
1617916401,2602,427,147,0,9898,26361836
1617916480,2603,427,147,0,9898,26395413
1617916557,2603,427,147,0,9898,26429048
1617916628,2603,427,147,0,9898,26462173
1617916694,2603,427,147,0,9898,26494813
1617916758,2603,427,147,0,9898,26527453
1617916809,2603,427,147,0,9898,26553463
1617916819,2603,427,147,0,9898,26557033
1617916890,2603,427,147,0,9898,26591849
1617916972,2603,427,147,0,9898,26614334
1617917028,2603,427,147,0,9898,26636043
1617917095,2603,427,147,0,9898,26662372
1617917166,2603,427,147,0,9898,26690776
1617917243,2603,427,147,0,9898,26721838
1617917322,2603,427,147,0,9898,26753911
1617917401,2603,427,147,0,9898,26787157
1617917478,2603,427,147,0,9898,26820257
1617917554,2604,427,147,0,9898,26853382
1617917625,2604,427,147,0,9898,26886002
1617917690,2604,427,147,0,9898,26918642
1617917754,2604,427,147,0,9898,26951282
1617917805,2604,427,147,0,9898,26977292
1617917814,2604,427,147,0,9898,26980862
1617917885,2605,427,147,0,9898,27015678
1617917964,2605,427,147,0,9898,27036921
1617918020,2605,427,147,0,9898,27058582
1617918086,2605,427,147,0,9898,27084808
1617918158,2605,427,147,0,9898,27112957
1617918237,2605,427,147,0,9898,27144546
1617918315,2605,427,147,0,9898,27176782
1617918395,2605,427,147,0,9898,27210165
1617918476,2605,427,147,0,9898,27243795
1617918555,2605,427,147,0,9898,27277455
1617918627,2605,427,147,0,9898,27310595
1617918691,2605,427,147,0,9898,27343235
1617918756,2605,427,147,0,9898,27375871
1617918808,2605,427,147,0,9898,27401881
1617918817,2605,427,147,0,9898,27405451
1617918889,2607,427,147,0,9898,27440267
1617918971,2607,427,147,0,9898,27462133
1617919028,2607,427,147,0,9898,27483165
1617919094,2607,427,147,0,9898,27508930
1617919165,2607,427,147,0,9898,27536989
1617919240,2607,427,147,0,9898,27567988
1617919319,2607,427,147,0,9898,27600404
1617919401,2607,427,147,0,9898,27633907
1617919482,2607,427,147,0,9898,27667517
1617919561,2607,427,147,0,9898,27701152
1617919633,2607,427,147,0,9898,27734302
1617919699,2607,427,147,0,9898,27766942
1617919763,2607,427,147,0,9898,27799577
1617919814,2607,427,147,0,9898,27825587
1617919823,2607,427,147,0,9898,27829157
1617919893,2607,427,147,0,9898,27863973
1617919974,2608,427,148,0,9898,27885550
1617920032,2608,427,148,0,9898,27907810
1617920096,2608,427,148,0,9898,27933408
1617920170,2608,427,148,0,9898,27962588
1617920248,2608,427,148,0,9898,27993723
1617920327,2609,427,149,0,9898,28026008
1617920407,2609,427,149,0,9898,28059526
1617920485,2609,427,149,0,9898,28092640
1617920560,2609,427,149,0,9898,28125765
1617920631,2609,427,149,0,9898,28158380
1617920695,2609,427,149,0,9898,28191020
1617920758,2609,427,149,0,9898,28223658
1617920809,2609,427,149,0,9898,28249668
1617920818,2609,427,149,0,9898,28253238
1617920889,2610,427,149,0,9898,28288054
1617920966,2610,427,149,0,9898,28308710
1617921025,2610,427,149,0,9898,28331653
1617921091,2610,427,149,0,9898,28357040
1617921162,2611,427,150,0,9898,28385101
1617921240,2611,427,150,0,9898,28416311
1617921319,2611,427,150,0,9898,28448410
1617921398,2611,427,150,0,9898,28481883
1617921479,2611,427,150,0,9898,28515507
1617921558,2611,427,150,0,9898,28549167
1617921636,2612,427,150,0,9898,28582292
1617921700,2612,427,150,0,9898,28614932
1617921763,2612,427,150,0,9898,28647571
1617921814,2612,427,150,0,9898,28673581
1617921822,2612,427,150,0,9898,28677151
1617921891,2612,427,150,0,9898,28711967
1617921967,2612,427,150,0,9898,28732712
1617922022,2612,427,150,0,9898,28753914
1617922089,2613,427,151,0,9898,28780047
1617922161,2613,427,151,0,9898,28808685
1617922238,2613,427,151,0,9898,28840138
1617922315,2613,427,151,0,9898,28872011
1617922394,2613,427,151,0,9898,28905549
1617922472,2613,427,151,0,9898,28938627
1617922547,2613,427,151,0,9898,28971757
1617922617,2613,427,151,0,9898,29004397
1617922682,2613,427,151,0,9898,29037037
1617922744,2613,427,151,0,9898,29069667
1617922795,2613,427,151,0,9898,29095677
1617922803,2613,427,151,0,9898,29099247
1617922873,2615,428,151,0,9904,29134063
1617922942,2615,428,151,0,9904,29168879
1617923020,2615,428,151,0,9904,29189984
1617923078,2616,428,152,0,9904,29212921
1617923145,2616,428,152,0,9904,29239488
1617923217,2617,428,153,0,9904,29268218
1617923303,2617,428,153,0,9904,29300031
1617923382,2618,428,154,0,9904,29332605
1617923461,2619,428,155,0,9904,29366682
1617923542,2619,428,155,0,9904,29400764
1617923620,2620,428,155,0,9904,29434884
1617923692,2620,428,155,0,9904,29468518
1617923756,2620,428,155,0,9904,29501668
1617923820,2620,428,155,0,9904,29534818
1617923873,2620,428,155,0,9904,29561338
1617923882,2620,428,155,0,9904,29564908
1617923953,2623,429,155,0,9927,29600236
1617924024,2624,430,155,0,9929,29635564
1617924104,2624,430,155,0,9929,29657586
1617924162,2625,430,156,0,9929,29680424
1617924230,2625,430,156,0,9929,29707412
1617924304,2625,430,156,0,9929,29736836
1617924381,2625,430,156,0,9929,29768715
1617924460,2625,430,156,0,9929,29801405
1617924540,2625,430,156,0,9929,29835430
1617924619,2625,430,156,0,9929,29869054
1617924696,2625,430,156,0,9929,29902689
1617924767,2625,430,156,0,9929,29935819
1617924832,2625,430,156,0,9929,29968969
1617924895,2625,430,156,0,9929,30002116
1617924948,2625,430,156,0,9929,30028636
1617924958,2625,430,156,0,9929,30032716
1617925028,2626,431,156,0,9931,30068044
1617925099,2627,431,156,0,9931,30103372
1617925178,2627,431,156,0,9931,30125098
1617925235,2627,431,156,0,9931,30147438
1617925302,2627,431,156,0,9931,30174025
1617925377,2627,431,156,0,9931,30203683
1617925457,2627,431,156,0,9931,30235725
1617925537,2627,431,156,0,9931,30268488
1617925617,2628,431,157,0,9931,30302498
1617925698,2628,431,157,0,9931,30336069
1617925773,2628,431,157,0,9931,30369704
1617925845,2629,431,157,0,9931,30402854
1617925910,2629,431,157,0,9931,30436004
1617925976,2629,431,157,0,9931,30469154
1617926027,2629,431,157,0,9931,30495674
1617926037,2629,431,157,0,9931,30499754
1617926108,2629,431,157,0,9931,30535082
1617926190,2629,431,157,0,9931,30557466
1617926246,2629,431,157,0,9931,30579202
1617926314,2629,431,157,0,9931,30606372
1617926390,2629,431,157,0,9931,30636139
1617926468,2629,431,157,0,9931,30667712
1617926547,2629,431,157,0,9931,30700062
1617926627,2629,431,157,0,9931,30734023
1617926707,2629,431,157,0,9931,30767658
1617926783,2629,431,157,0,9931,30801293
1617926855,2629,431,157,0,9931,30834423
1617926919,2629,431,157,0,9931,30867573
1617926983,2629,431,157,0,9931,30900722
1617927035,2629,431,157,0,9931,30927242
1617927045,2629,431,157,0,9931,30931322
1617927117,2629,431,157,0,9931,30966650
1617927195,2629,431,157,0,9931,30988103
1617927254,2629,431,157,0,9931,31010922
1617927327,2629,431,157,0,9931,31037525
1617927402,2629,431,157,0,9931,31066887
1617927483,2629,431,157,0,9931,31099086
1617927563,2629,431,157,0,9931,31131687
1617927645,2629,431,157,0,9931,31165614
1617927723,2629,431,157,0,9931,31199249
1617927802,2629,431,157,0,9931,31232889
1617927873,2629,431,157,0,9931,31266014
1617927937,2629,431,157,0,9931,31299164
1617928002,2631,431,157,0,9931,31332314
1617928056,2631,431,157,0,9931,31358834
1617928066,2631,431,157,0,9931,31362914
1617928138,2633,431,157,0,9931,31398242
1617928214,2633,431,157,0,9931,31418991
1617928272,2633,431,157,0,9931,31441031
1617928338,2633,431,157,0,9931,31466966
1617928413,2633,431,157,0,9931,31496395
1617928490,2633,431,157,0,9931,31527435
1617928568,2633,431,157,0,9931,31559644
1617928647,2633,431,157,0,9931,31592917
1617928728,2633,431,157,0,9931,31626527
1617928806,2633,431,157,0,9931,31660139
1617928878,2635,432,157,0,9932,31693264
1617928943,2635,432,157,0,9932,31725904
1617929007,2635,432,157,0,9932,31758544
1617929059,2635,432,157,0,9932,31784554
1617929069,2636,432,158,0,9932,31788634
1617929139,2636,432,158,0,9932,31823450
1617929219,2636,432,158,0,9932,31845155
1617929275,2636,432,158,0,9932,31867001
1617929342,2636,432,158,0,9932,31893509
1617929415,2636,432,158,0,9932,31922411
1617929493,2636,432,158,0,9932,31953831
1617929573,2636,432,158,0,9932,31986079
1617929651,2636,432,158,0,9932,32019398
1617929731,2637,432,159,0,9932,32052451
1617929806,2637,432,159,0,9932,32085576
1617929878,2637,432,159,0,9932,32118196
1617929942,2637,432,159,0,9932,32150836
1617930006,2637,432,159,0,9932,32183476
1617930058,2637,432,159,0,9932,32209486
1617930068,2637,432,159,0,9932,32213566
1617930139,2637,432,159,0,9932,32248382
1617930218,2637,432,159,0,9932,32269870
1617930277,2637,432,159,0,9932,32292521
1617930341,2637,432,159,0,9932,32317853
1617930414,2637,432,159,0,9932,32346699
1617930493,2637,432,160,0,9932,32378371
1617930572,2638,432,161,0,9932,32410395
1617930653,2638,432,161,0,9932,32443940
1617930731,2638,432,161,0,9932,32476993
1617930807,2639,432,161,0,9932,32510118
1617930878,2641,432,161,0,9932,32542738
1617930943,2641,432,161,0,9932,32575378
1617931005,2641,432,161,0,9932,32608018
1617931058,2641,432,161,0,9932,32634028
1617931068,2641,432,161,0,9932,32638108
1617931138,2641,432,161,0,9932,32672924
1617931218,2641,432,161,0,9932,32694650
1617931275,2641,432,161,0,9932,32716365
1617931347,2641,432,161,0,9932,32742503
1617931427,2643,432,163,0,9932,32771605
1617931504,2643,432,163,0,9932,32803008
1617931581,2643,432,163,0,9932,32835192
1617931659,2643,432,163,0,9932,32868685
1617931738,2643,432,163,0,9932,32901742
1617931812,2643,432,163,0,9932,32934867
1617931884,2643,432,163,0,9932,32967482
1617931949,2643,432,163,0,9932,33000122
1617932012,2644,432,163,0,9932,33032761
1617932063,2644,432,163,0,9932,33058771
1617932072,2644,432,163,0,9932,33062851
1617932141,2644,432,163,0,9932,33097667
1617932220,2644,432,163,0,9932,33119369
1617932277,2644,432,163,0,9932,33141680
1617932345,2644,432,163,0,9932,33168115
1617932419,2644,432,163,0,9932,33197364
1617932496,2644,432,163,0,9932,33228442
1617932575,2644,432,163,0,9932,33261132
1617932652,2644,432,163,0,9932,33294399
1617932730,2644,432,163,0,9932,33327986
1617932808,2644,432,163,0,9932,33361620
1617932879,2644,432,163,0,9932,33394745
1617932943,2644,432,163,0,9932,33427385
1617933006,2644,432,163,0,9932,33460025
1617933057,2644,432,163,0,9932,33486035
1617933067,2644,432,163,0,9932,33490115
1617933138,2644,432,163,0,9932,33524931
1617933218,2644,432,163,0,9932,33546442
1617933276,2644,432,163,0,9932,33569182
1617933341,2644,432,163,0,9932,33595135
1617933414,2644,432,163,0,9932,33624345
1617933493,2644,432,163,0,9932,33656419
1617933570,2644,432,163,0,9932,33688752
1617933648,2644,432,163,0,9932,33722030
1617933727,2644,432,163,0,9932,33755081
1617933803,2644,432,163,0,9932,33788206
1617933873,2644,432,163,0,9932,33820826
1617933937,2644,432,163,0,9932,33853466
1617934000,2644,432,163,0,9932,33886106
1617934052,2644,432,163,0,9932,33912116
1617934061,2644,432,163,0,9932,33916196
1617934131,2645,432,163,0,9932,33951012
1617934212,2645,432,163,0,9932,33973612
1617934271,2645,432,163,0,9932,33996662
1617934338,2645,432,163,0,9932,34023123
1617934411,2646,432,164,0,9932,34052269
1617934488,2646,432,164,0,9932,34083434
1617934567,2646,432,164,0,9932,34115929
1617934646,2646,432,164,0,9932,34149484
1617934724,2646,432,164,0,9932,34182576
1617934799,2646,432,164,0,9932,34215701
1617934870,2646,432,164,0,9932,34248321
1617934934,2646,432,164,0,9932,34280961
1617934999,2646,432,164,0,9932,34313601
1617935049,2646,432,164,0,9932,34339611
1617935059,2646,432,164,0,9932,34343691
1617935129,2647,432,165,0,9932,34378507
1617935206,2647,432,165,0,9932,34399229
1617935266,2647,432,165,0,9932,34422167
1617935331,2647,432,165,0,9932,34447572
1617935404,2647,432,165,0,9932,34476108
1617935482,2647,432,165,0,9932,34507381
1617935562,2648,432,165,0,9932,34539660
1617935641,2648,432,165,0,9932,34572979
1617935721,2648,432,165,0,9932,34606071
1617935795,2648,432,165,0,9932,34639195
1617935867,2648,432,165,0,9932,34671815
1617935933,2648,432,165,0,9932,34704455
1617936001,2648,432,165,0,9932,34737095
1617936052,2648,432,165,0,9932,34763105
1617936062,2648,432,165,0,9932,34767185
1617936132,2648,432,165,0,9932,34802001
1617936211,2648,432,165,0,9932,34823775
1617936268,2648,432,165,0,9932,34846118
1617936332,2648,432,165,0,9932,34871852
1617936405,2648,432,165,0,9932,34900801
1617936483,2648,432,165,0,9932,34932333
1617936561,2648,432,165,0,9932,34964863
1617936642,2648,432,165,0,9932,34997955
1617936722,2648,432,165,0,9932,35031565
1617936800,2648,432,165,0,9932,35065199
1617936871,2648,432,165,0,9932,35098324
1617936935,2648,432,165,0,9932,35130964
1617936998,2648,432,165,0,9932,35163600
1617937050,2648,432,165,0,9932,35189610
1617937060,2648,432,165,0,9932,35193690
1617937130,2649,432,165,0,9932,35228506
1617937210,2649,432,165,0,9932,35250319
1617937269,2649,432,165,0,9932,35273079
1617937335,2649,432,165,0,9932,35299054
1617937407,2649,432,165,0,9932,35327249
1617937484,2649,432,165,0,9932,35358510
1617937562,2649,432,165,0,9932,35390614
1617937643,2649,432,165,0,9932,35424150
1617937726,2649,432,165,0,9932,35457753
1617937805,2649,432,165,0,9932,35491387
1617937877,2651,432,165,0,9932,35524512
1617937944,2651,432,165,0,9932,35557152
1617938009,2651,432,165,0,9932,35589792
1617938061,2651,432,165,0,9932,35615802
1617938071,2651,432,165,0,9932,35619882
1617938142,2651,432,165,0,9932,35654698
1617938222,2651,432,165,0,9932,35676312
1617938280,2651,432,165,0,9932,35698575
1617938349,2651,432,165,0,9932,35725195
1617938424,2652,432,166,0,9932,35754112
1617938502,2652,432,166,0,9932,35785211
1617938583,2652,432,166,0,9932,35817345
1617938663,2652,432,166,0,9932,35850591
1617938742,2652,432,166,0,9932,35883715
1617938817,2652,432,166,0,9932,35916845
1617938889,2652,432,166,0,9932,35949460
1617938953,2652,432,166,0,9932,35982100
1617939016,2652,432,166,0,9932,36014740
1617939068,2652,432,166,0,9932,36040750
1617939078,2652,432,166,0,9932,36044830
1617939149,2652,432,166,0,9932,36079646
1617939229,2652,432,166,0,9932,36101147
1617939285,2652,432,166,0,9932,36123197
1617939353,2652,432,166,0,9932,36149473
1617939427,2652,432,166,0,9932,36178920
1617939508,2652,432,166,0,9932,36209950
1617939587,2652,432,166,0,9932,36242158
1617939667,2652,432,166,0,9932,36275459
1617939747,2652,432,166,0,9932,36308584
1617939822,2652,432,166,0,9932,36341709
1617939893,2652,432,166,0,9932,36374329
1617939957,2652,432,166,0,9932,36406969
1617940021,2652,432,166,0,9932,36439600
1617940072,2652,432,166,0,9932,36465610
1617940081,2652,432,166,0,9932,36469690
1617940152,2652,432,166,0,9932,36504506
1617940233,2652,432,166,0,9932,36526335
1617940289,2652,432,166,0,9932,36548348
1617940362,2652,432,166,0,9932,36575000
1617940436,2652,432,166,0,9932,36603149
1617940513,2652,432,166,0,9932,36634147
1617940591,2652,432,166,0,9932,36666545
1617940673,2652,432,166,0,9932,36700064
1617940753,2652,432,166,0,9932,36733156
1617940829,2652,432,166,0,9932,36766281
1617940899,2652,432,166,0,9932,36798901
1617940964,2652,432,166,0,9932,36831541
1617941028,2652,432,166,0,9932,36864181
1617941078,2652,432,166,0,9932,36890191
1617941088,2652,432,166,0,9932,36894271
1617941158,2655,432,166,0,9932,36929087
1617941242,2655,432,166,0,9932,36951371
1617941300,2655,432,166,0,9932,36973948
1617941367,2655,432,166,0,9932,37000116
1617941440,2655,432,166,0,9932,37028740
1617941518,2655,432,166,0,9932,37060156
1617941597,2655,432,166,0,9932,37092297
1617941676,2655,432,166,0,9932,37125768
1617941756,2656,432,167,0,9932,37158812
1617941830,2657,432,167,0,9932,37191937
1617941903,2657,432,167,0,9932,37224552
1617941969,2657,432,167,0,9932,37257192
1617942032,2657,432,167,0,9932,37289832
1617942083,2658,433,167,0,9933,37315842
1617942093,2658,433,167,0,9933,37319922
1617942170,2663,434,167,0,9934,37354738
1617942245,2665,434,167,0,9934,37389554
1617942324,2665,434,167,0,9934,37410994
1617942379,2665,434,167,0,9934,37432541
1617942446,2665,434,167,0,9934,37458649
1617942521,2665,434,167,0,9934,37488461
1617942601,2665,434,167,0,9934,37520456
1617942682,2665,434,167,0,9934,37553394
1617942765,2665,434,167,0,9934,37587431
1617942845,2665,434,167,0,9934,37621541
1617942925,2665,434,167,0,9934,37655711
1617942997,2665,434,167,0,9934,37689346
1617943063,2665,434,167,0,9934,37722496
1617943127,2665,434,167,0,9934,37755645
1617943179,2665,434,167,0,9934,37782165
1617943191,2665,434,167,0,9934,37786755
1617943263,2665,434,167,0,9934,37822083
1617943342,2665,434,167,0,9934,37843325
1617943399,2665,434,167,0,9934,37865389
1617943463,2665,434,167,0,9934,37890793
1617943536,2665,434,167,0,9934,37920008
1617943613,2665,434,167,0,9934,37951364
1617943694,2665,434,167,0,9934,37984506
1617943775,2665,434,167,0,9934,38018311
1617943857,2665,434,167,0,9934,38052430
1617943936,2665,434,167,0,9934,38086564
1617944010,2665,434,167,0,9934,38120199
1617944076,2665,434,167,0,9934,38153349
1617944141,2665,434,167,0,9934,38186491
1617944193,2665,434,167,0,9934,38213011
1617944204,2665,434,167,0,9934,38217601
1617944275,2665,434,167,0,9934,38252929
1617944353,2665,434,167,0,9934,38274454
1617944408,2665,434,167,0,9934,38295761
1617944476,2665,434,167,0,9934,38322778
1617944551,2666,434,168,0,9934,38351769
1617944630,2666,434,168,0,9934,38383253
1617944712,2666,434,168,0,9934,38416237
1617944795,2666,434,168,0,9934,38450275
1617944877,2666,434,168,0,9934,38484393
1617944956,2666,434,168,0,9934,38518563
1617945029,2667,434,168,0,9934,38552198
1617945102,2667,434,168,0,9934,38585348
1617945167,2667,434,168,0,9934,38618498
1617945219,2667,434,168,0,9934,38645018
1617945231,2667,434,168,0,9934,38649608
1617945302,2669,434,168,0,9934,38684936
1617945379,2669,434,168,0,9934,38705657
1617945435,2669,434,168,0,9934,38727265
1617945505,2669,434,168,0,9934,38754158
1617945580,2669,434,168,0,9934,38783403
1617945659,2669,434,168,0,9934,38815101
1617945739,2669,434,168,0,9934,38847534
1617945820,2670,435,168,0,9935,38881556
1617945898,2670,435,168,0,9935,38915188
1617945975,2670,435,168,0,9935,38948822
1617946047,2670,435,168,0,9935,38981947
1617946113,2670,435,168,0,9935,39015097
1617946177,2670,435,168,0,9935,39048247
1617946229,2670,435,168,0,9935,39074767
1617946241,2670,435,168,0,9935,39079357
1617946313,2670,435,168,0,9935,39114685
1617946393,2670,435,168,0,9935,39136465
1617946451,2670,435,168,0,9935,39158987
1617946518,2670,435,168,0,9935,39185232
1617946592,2670,435,168,0,9935,39214764
1617946673,2670,435,168,0,9935,39246868
1617946753,2670,435,168,0,9935,39279364
1617946834,2670,435,168,0,9935,39313468
1617946914,2670,435,168,0,9935,39347094
1617946992,2670,435,168,0,9935,39380729
1617947064,2670,435,168,0,9935,39413869
1617947131,2670,435,168,0,9935,39447019
1617947195,2670,435,168,0,9935,39480169
1617947248,2670,435,168,0,9935,39506689
1617947259,2672,435,168,0,9935,39511279
1617947330,2677,435,169,0,9935,39546607
1617947407,2677,435,169,0,9935,39567457
1617947459,2677,435,169,0,9935,39587686
1617947525,2677,435,169,0,9935,39613425
1617947601,2677,435,169,0,9935,39642868
